,dia_ocu,mes_ocu,dia_sem_ocu,hora_ocu,depto_ocu,areag_ocu,zona_ocu,sexo_pil,edad_pil,estado_pil,tipo_vehi,color_vehi,modelo_vehi,causa_acc,year,muni_ocu,num_hecho,g_edad_pil,edad_m1,mupio_ocu,marca_veh,grupo_mode_veh,tipo_veh,color_veh,modelo_veh
0,31,1,7,15,2,2,99,9,999,9,5.0,2.0,9999.0,3,2010,-1.0,-1,-1,9,,99,6,,,
1,29,11,1,22,9,2,99,1,37,1,5.0,7.0,9999.0,3,2010,-1.0,-1,-1,1,,99,6,,,
2,6,12,1,7,13,2,99,1,55,1,5.0,99.0,9999.0,4,2010,-1.0,-1,-1,1,,99,6,,,
3,8,8,7,17,16,2,99,1,35,1,3.0,3.0,9999.0,1,2010,-1.0,-1,-1,1,,99,6,,,
4,9,1,6,20,2,2,99,1,24,9,4.0,4.0,9999.0,1,2010,-1.0,-1,-1,1,,99,6,,,
5,30,4,5,2,1,1,18,1,22,2,1.0,4.0,1994.0,3,2010,-1.0,-1,-1,1,,99,6,,,
6,9,12,4,7,7,2,99,9,999,9,5.0,2.0,9999.0,1,2010,-1.0,-1,-1,9,,99,6,,,
7,31,7,6,8,20,2,99,1,24,1,5.0,99.0,9999.0,1,2010,-1.0,-1,-1,1,,99,6,,,
8,1,9,3,8,9,2,99,1,50,1,9.0,3.0,9999.0,2,2010,-1.0,-1,-1,1,,99,6,,,
9,18,9,6,13,1,2,99,1,36,1,2.0,6.0,1996.0,2,2010,-1.0,-1,-1,1,,99,6,,,
10,12,1,2,23,17,2,99,1,35,9,2.0,4.0,9999.0,1,2010,-1.0,-1,-1,1,,99,6,,,
11,16,1,6,13,5,2,99,1,35,9,3.0,9.0,9999.0,1,2010,-1.0,-1,-1,1,,99,6,,,
12,4,12,6,1,1,1,12,1,30,9,1.0,8.0,9999.0,2,2010,-1.0,-1,-1,1,,99,6,,,
13,15,9,3,3,10,1,99,1,24,9,1.0,5.0,9999.0,2,2010,-1.0,-1,-1,1,,99,6,,,
14,8,8,7,3,1,1,18,9,999,9,1.0,99.0,9999.0,2,2010,-1.0,-1,-1,9,,99,6,,,
15,11,12,6,3,1,2,99,1,999,1,4.0,5.0,9999.0,2,2010,-1.0,-1,-1,9,,99,6,,,
16,25,12,6,4,1,1,7,1,24,9,2.0,9.0,1993.0,2,2010,-1.0,-1,-1,1,,99,6,,,
17,29,11,1,7,1,2,99,1,30,9,6.0,99.0,9999.0,3,2010,-1.0,-1,-1,1,,99,6,,,
18,12,2,5,8,18,2,99,1,25,9,1.0,5.0,1997.0,1,2010,-1.0,-1,-1,1,,99,6,,,
19,9,12,4,8,5,2,99,1,60,9,4.0,1.0,2007.0,1,2010,-1.0,-1,-1,1,,99,6,,,
20,11,10,1,8,5,2,99,1,41,1,3.0,2.0,2009.0,1,2010,-1.0,-1,-1,1,,99,6,,,
21,2,6,3,8,1,1,3,1,27,1,7.0,7.0,9999.0,2,2010,-1.0,-1,-1,1,,99,6,,,
22,13,9,1,8,5,2,99,1,23,9,4.0,5.0,2009.0,1,2010,-1.0,-1,-1,1,,99,6,,,
23,21,12,2,10,1,2,99,9,999,9,7.0,6.0,1990.0,3,2010,-1.0,-1,-1,9,,99,6,,,
24,21,3,7,12,17,2,99,1,52,1,5.0,2.0,1996.0,1,2010,-1.0,-1,-1,1,,99,6,,,
25,7,4,3,15,5,2,99,1,63,1,3.0,6.0,9999.0,1,2010,-1.0,-1,-1,1,,99,6,,,
26,7,9,2,15,1,1,12,1,33,1,5.0,2.0,9999.0,2,2010,-1.0,-1,-1,1,,99,6,,,
27,15,11,1,15,1,2,99,1,999,1,6.0,2.0,9999.0,3,2010,-1.0,-1,-1,9,,99,6,,,
28,19,12,7,16,12,2,99,1,999,9,9.0,6.0,9999.0,3,2010,-1.0,-1,-1,9,,99,6,,,
29,27,9,1,17,22,2,99,1,26,1,3.0,5.0,9999.0,1,2010,-1.0,-1,-1,1,,99,6,,,
30,5,7,1,18,4,2,99,1,31,1,1.0,5.0,1997.0,1,2010,-1.0,-1,-1,1,,99,6,,,
31,14,5,5,18,8,2,99,1,35,1,1.0,1.0,9999.0,1,2010,-1.0,-1,-1,1,,99,6,,,
32,19,11,5,18,5,2,99,1,40,9,3.0,11.0,9999.0,4,2010,-1.0,-1,-1,1,,99,6,,,
33,23,2,2,19,1,1,8,1,45,9,1.0,5.0,9999.0,4,2010,-1.0,-1,-1,1,,99,6,,,
34,18,3,4,19,1,2,99,1,43,9,4.0,1.0,9999.0,2,2010,-1.0,-1,-1,1,,99,6,,,
35,31,5,1,19,1,2,99,2,27,1,3.0,9.0,1995.0,3,2010,-1.0,-1,-1,1,,99,6,,,
36,23,7,5,20,5,2,99,1,23,1,4.0,1.0,9999.0,1,2010,-1.0,-1,-1,1,,99,6,,,
37,1,4,4,20,5,2,99,1,43,1,2.0,99.0,9999.0,4,2010,-1.0,-1,-1,1,,99,6,,,
38,5,5,3,20,14,2,99,1,46,1,5.0,7.0,9999.0,4,2010,-1.0,-1,-1,1,,99,6,,,
39,16,3,2,20,5,2,99,1,23,9,1.0,4.0,9999.0,2,2010,-1.0,-1,-1,1,,99,6,,,
40,31,3,3,20,5,2,99,1,45,2,2.0,4.0,9999.0,4,2010,-1.0,-1,-1,1,,99,6,,,
41,18,12,6,22,5,2,99,1,35,9,1.0,4.0,9999.0,1,2010,-1.0,-1,-1,1,,99,6,,,
42,4,10,1,23,5,1,99,1,31,2,3.0,6.0,1986.0,1,2010,-1.0,-1,-1,1,,99,6,,,
43,8,5,6,23,4,2,99,9,999,9,5.0,99.0,9999.0,1,2010,-1.0,-1,-1,9,,99,6,,,
44,14,11,7,8,13,2,99,1,56,1,2.0,3.0,9999.0,4,2010,-1.0,-1,-1,1,,99,6,,,
45,28,2,7,8,2,2,99,1,29,9,1.0,2.0,9999.0,1,2010,-1.0,-1,-1,1,,99,6,,,
46,6,9,1,15,13,2,99,1,32,1,3.0,99.0,9999.0,1,2010,-1.0,-1,-1,1,,99,6,,,
47,21,2,7,7,12,2,99,2,40,9,1.0,3.0,9999.0,1,2010,-1.0,-1,-1,1,,99,6,,,
48,13,9,1,1,1,1,10,9,999,9,1.0,4.0,9999.0,2,2010,-1.0,-1,-1,9,,99,6,,,
49,23,7,5,8,14,2,99,1,30,1,3.0,5.0,2005.0,4,2010,-1.0,-1,-1,1,,99,6,,,
50,1,4,4,20,17,1,99,1,22,1,4.0,3.0,9999.0,1,2010,-1.0,-1,-1,1,,99,6,,,
51,25,12,6,2,16,2,99,1,26,1,1.0,6.0,1998.0,1,2010,-1.0,-1,-1,1,,99,6,,,
52,5,6,6,2,18,2,99,2,40,1,12.0,7.0,2003.0,4,2010,-1.0,-1,-1,1,,99,6,,,
53,21,11,7,2,5,2,99,2,28,1,1.0,3.0,9999.0,2,2010,-1.0,-1,-1,1,,99,6,,,
54,19,11,5,7,14,2,99,9,999,1,12.0,2.0,9999.0,2,2010,-1.0,-1,-1,9,,99,6,,,
55,28,9,2,8,5,2,99,2,26,9,1.0,3.0,2008.0,1,2010,-1.0,-1,-1,1,,99,6,,,
56,9,9,4,9,1,2,99,1,38,9,1.0,2.0,9999.0,1,2010,-1.0,-1,-1,1,,99,6,,,
57,9,5,7,9,10,2,99,1,32,1,3.0,10.0,9999.0,3,2010,-1.0,-1,-1,1,,99,6,,,
58,16,2,2,11,17,2,99,1,35,9,3.0,1.0,1995.0,1,2010,-1.0,-1,-1,1,,99,6,,,
59,15,9,3,12,13,1,10,2,50,9,4.0,99.0,9999.0,1,2010,-1.0,-1,-1,1,,99,6,,,
60,4,4,7,13,18,2,99,1,34,1,12.0,99.0,9999.0,1,2010,-1.0,-1,-1,1,,99,6,,,
61,30,1,6,13,19,2,99,1,30,9,3.0,3.0,9999.0,1,2010,-1.0,-1,-1,1,,99,6,,,
62,26,4,1,13,17,2,99,1,35,1,9.0,2.0,9999.0,3,2010,-1.0,-1,-1,1,,99,6,,,
63,11,4,7,15,4,2,99,1,26,9,4.0,3.0,9999.0,1,2010,-1.0,-1,-1,1,,99,6,,,
64,19,12,7,15,5,2,99,1,48,9,2.0,9.0,9999.0,1,2010,-1.0,-1,-1,1,,99,6,,,
65,16,5,7,16,1,1,7,1,27,1,1.0,5.0,1997.0,1,2010,-1.0,-1,-1,1,,99,6,,,
66,7,6,1,16,6,2,99,1,40,1,3.0,1.0,9999.0,3,2010,-1.0,-1,-1,1,,99,6,,,
67,10,10,7,19,18,2,99,9,999,9,2.0,99.0,9999.0,2,2010,-1.0,-1,-1,9,,99,6,,,
68,20,11,6,12,17,2,99,1,38,1,9.0,11.0,9999.0,3,2010,-1.0,-1,-1,1,,99,6,,,
69,14,12,2,16,12,2,99,1,31,9,3.0,9.0,9999.0,2,2010,-1.0,-1,-1,1,,99,6,,,
70,10,4,6,17,18,2,99,9,999,9,3.0,4.0,9999.0,4,2010,-1.0,-1,-1,9,,99,6,,,
71,4,10,1,15,20,2,99,1,999,9,3.0,99.0,9999.0,1,2010,-1.0,-1,-1,9,,99,6,,,
72,10,5,1,19,5,2,99,1,38,1,4.0,99.0,9999.0,1,2010,-1.0,-1,-1,1,,99,6,,,
73,12,3,5,20,3,2,99,1,40,9,4.0,1.0,9999.0,1,2010,-1.0,-1,-1,1,,99,6,,,
74,29,10,5,20,13,2,99,9,999,9,3.0,3.0,9999.0,3,2010,-1.0,-1,-1,9,,99,6,,,
75,15,10,5,0,19,2,99,1,42,1,3.0,3.0,9999.0,1,2010,-1.0,-1,-1,1,,99,6,,,
76,20,11,6,0,1,1,99,1,21,1,4.0,4.0,9999.0,1,2010,-1.0,-1,-1,1,,99,6,,,
77,17,4,6,0,1,1,1,1,19,9,1.0,5.0,9999.0,1,2010,-1.0,-1,-1,1,,99,6,,,
78,31,1,7,0,22,2,99,1,23,9,4.0,3.0,9999.0,1,2010,-1.0,-1,-1,1,,99,6,,,
79,23,12,4,0,1,1,1,1,41,1,1.0,2.0,2007.0,1,2010,-1.0,-1,-1,1,,99,6,,,
80,3,12,5,0,9,1,99,1,25,9,1.0,3.0,9999.0,1,2010,-1.0,-1,-1,1,,99,6,,,
81,17,2,3,0,3,2,99,1,21,9,3.0,2.0,9999.0,1,2010,-1.0,-1,-1,1,,99,6,,,
82,16,3,2,0,20,1,99,1,21,9,3.0,6.0,1994.0,3,2010,-1.0,-1,-1,1,,99,6,,,
83,17,12,5,0,1,1,13,1,18,2,4.0,3.0,2007.0,2,2010,-1.0,-1,-1,1,,99,6,,,
84,24,1,7,0,10,2,99,1,20,9,2.0,5.0,2000.0,3,2010,-1.0,-1,-1,1,,99,6,,,
85,21,11,7,0,17,2,99,1,23,1,3.0,99.0,9999.0,2,2010,-1.0,-1,-1,1,,99,6,,,
86,28,2,7,0,12,2,99,1,23,9,3.0,11.0,9999.0,3,2010,-1.0,-1,-1,1,,99,6,,,
87,25,12,6,0,20,2,99,1,31,2,4.0,1.0,9999.0,2,2010,-1.0,-1,-1,1,,99,6,,,
88,1,9,3,1,1,1,18,1,52,1,6.0,2.0,2008.0,1,2010,-1.0,-1,-1,1,,99,6,,,
89,1,5,6,1,17,2,99,1,24,1,4.0,99.0,9999.0,1,2010,-1.0,-1,-1,1,,99,6,,,
90,6,11,6,1,1,1,10,1,25,9,1.0,3.0,9999.0,1,2010,-1.0,-1,-1,1,,99,6,,,
91,19,2,5,1,19,2,99,1,55,9,6.0,2.0,2002.0,1,2010,-1.0,-1,-1,1,,99,6,,,
92,11,4,7,1,13,2,99,1,40,1,3.0,99.0,9999.0,1,2010,-1.0,-1,-1,1,,99,6,,,
93,25,7,7,1,21,2,99,1,29,9,4.0,1.0,9999.0,1,2010,-1.0,-1,-1,1,,99,6,,,
94,30,12,4,1,6,2,99,1,54,9,13.0,99.0,9999.0,1,2010,-1.0,-1,-1,1,,99,6,,,
95,2,8,1,1,17,2,99,1,24,1,4.0,1.0,9999.0,2,2010,-1.0,-1,-1,1,,99,6,,,
96,7,6,1,1,2,2,99,1,999,9,9.0,4.0,9999.0,2,2010,-1.0,-1,-1,9,,99,6,,,
97,13,11,6,1,1,1,5,1,999,9,1.0,1.0,2005.0,4,2010,-1.0,-1,-1,9,,99,6,,,
98,10,5,1,1,15,2,99,1,36,9,3.0,6.0,9999.0,4,2010,-1.0,-1,-1,1,,99,6,,,
99,19,2,5,1,5,2,99,1,999,1,6.0,99.0,9999.0,4,2010,-1.0,-1,-1,9,,99,6,,,
100,18,7,7,1,1,2,10,1,34,9,2.0,5.0,9999.0,2,2010,-1.0,-1,-1,1,,99,6,,,
101,19,7,1,1,17,2,99,1,28,1,4.0,2.0,9999.0,2,2010,-1.0,-1,-1,1,,99,6,,,
102,29,1,5,1,1,1,18,1,26,9,2.0,9.0,9999.0,3,2010,-1.0,-1,-1,1,,99,6,,,
103,22,7,4,1,19,2,99,1,24,9,4.0,99.0,9999.0,2,2010,-1.0,-1,-1,1,,99,6,,,
104,31,1,7,1,4,2,99,1,21,9,3.0,99.0,9999.0,2,2010,-1.0,-1,-1,1,,99,6,,,
105,24,7,6,1,19,2,99,1,25,2,4.0,5.0,2009.0,3,2010,-1.0,-1,-1,1,,99,6,,,
106,3,12,5,2,9,1,99,1,22,9,4.0,1.0,2008.0,1,2010,-1.0,-1,-1,1,,99,6,,,
107,13,12,1,2,18,2,99,1,19,9,4.0,5.0,9999.0,1,2010,-1.0,-1,-1,1,,99,6,,,
108,2,6,3,2,1,1,11,1,28,1,4.0,1.0,2007.0,2,2010,-1.0,-1,-1,1,,99,6,,,
109,1,4,4,2,12,2,99,1,27,2,3.0,1.0,1984.0,2,2010,-1.0,-1,-1,1,,99,6,,,
110,4,12,6,2,1,1,12,1,29,9,3.0,2.0,9999.0,2,2010,-1.0,-1,-1,1,,99,6,,,
111,12,3,5,2,1,1,13,1,38,9,4.0,1.0,9999.0,2,2010,-1.0,-1,-1,1,,99,6,,,
112,17,6,4,2,2,2,99,1,45,1,6.0,3.0,9999.0,4,2010,-1.0,-1,-1,1,,99,6,,,
113,18,9,6,2,4,2,99,1,40,1,3.0,2.0,9999.0,4,2010,-1.0,-1,-1,1,,99,6,,,
114,25,10,1,2,3,2,99,1,48,1,5.0,3.0,9999.0,4,2010,-1.0,-1,-1,1,,99,6,,,
115,27,6,7,2,2,2,99,1,38,1,3.0,5.0,9999.0,4,2010,-1.0,-1,-1,1,,99,6,,,
116,28,7,3,2,12,2,99,1,62,1,3.0,4.0,9999.0,4,2010,-1.0,-1,-1,1,,99,6,,,
117,30,8,1,2,15,2,99,1,33,1,4.0,5.0,9999.0,2,2010,-1.0,-1,-1,1,,99,6,,,
118,2,8,1,3,1,1,1,1,27,1,4.0,1.0,9999.0,1,2010,-1.0,-1,-1,1,,99,6,,,
119,6,6,7,3,5,2,99,1,51,1,6.0,14.0,2002.0,1,2010,-1.0,-1,-1,1,,99,6,,,
120,11,1,1,3,5,2,99,1,25,9,4.0,5.0,9999.0,1,2010,-1.0,-1,-1,1,,99,6,,,
121,17,10,7,3,18,2,99,1,28,1,4.0,3.0,9999.0,1,2010,-1.0,-1,-1,1,,99,6,,,
122,19,5,3,3,18,2,99,1,36,1,3.0,5.0,9999.0,3,2010,-1.0,-1,-1,1,,99,6,,,
123,23,7,5,3,1,1,1,1,30,9,4.0,99.0,9999.0,2,2010,-1.0,-1,-1,1,,99,6,,,
124,31,7,6,3,1,1,7,1,24,2,1.0,4.0,9999.0,2,2010,-1.0,-1,-1,1,,99,6,,,
125,2,5,7,4,1,2,99,1,30,9,4.0,5.0,9999.0,1,2010,-1.0,-1,-1,1,,99,6,,,
126,11,8,3,4,5,2,99,1,25,1,4.0,1.0,9999.0,1,2010,-1.0,-1,-1,1,,99,6,,,
127,15,5,6,4,20,2,99,1,22,1,4.0,2.0,2009.0,1,2010,-1.0,-1,-1,1,,99,6,,,
128,23,1,6,4,18,2,99,1,38,9,7.0,1.0,2000.0,1,2010,-1.0,-1,-1,1,,99,6,,,
129,20,3,6,4,10,2,99,9,999,9,5.0,6.0,9999.0,1,2010,-1.0,-1,-1,9,,99,6,,,
130,24,7,6,4,1,1,6,1,24,1,4.0,1.0,2007.0,1,2010,-1.0,-1,-1,1,,99,6,,,
131,30,7,5,4,18,1,99,1,28,9,4.0,3.0,9999.0,1,2010,-1.0,-1,-1,1,,99,6,,,
132,3,10,7,4,1,1,3,1,30,1,1.0,7.0,9999.0,2,2010,-1.0,-1,-1,1,,99,6,,,
133,6,5,4,4,18,2,99,1,30,9,4.0,1.0,9999.0,2,2010,-1.0,-1,-1,1,,99,6,,,
134,11,11,4,4,18,2,99,1,31,9,4.0,99.0,9999.0,2,2010,-1.0,-1,-1,1,,99,6,,,
135,18,2,4,4,1,1,13,1,28,9,11.0,2.0,9999.0,2,2010,-1.0,-1,-1,1,,99,6,,,
136,16,12,4,4,1,2,99,1,24,2,1.0,3.0,9999.0,2,2010,-1.0,-1,-1,1,,99,6,,,
137,30,8,1,4,3,2,99,1,37,1,1.0,14.0,9999.0,2,2010,-1.0,-1,-1,1,,99,6,,,
138,1,4,4,5,1,2,99,1,28,1,3.0,1.0,9999.0,4,2010,-1.0,-1,-1,1,,99,6,,,
139,2,4,5,5,17,2,99,1,21,1,4.0,5.0,2006.0,2,2010,-1.0,-1,-1,1,,99,6,,,
140,4,3,4,6,21,2,99,1,28,9,4.0,99.0,9999.0,1,2010,-1.0,-1,-1,1,,99,6,,,
141,10,2,3,6,1,1,1,1,35,9,7.0,99.0,9999.0,1,2010,-1.0,-1,-1,1,,99,6,,,
142,8,12,3,6,1,1,12,1,30,9,4.0,3.0,9999.0,1,2010,-1.0,-1,-1,1,,99,6,,,
143,14,11,7,6,5,2,99,1,33,1,6.0,3.0,1997.0,1,2010,-1.0,-1,-1,1,,99,6,,,
144,16,10,6,6,1,2,99,2,60,1,1.0,1.0,9999.0,1,2010,-1.0,-1,-1,1,,99,6,,,
145,15,11,1,6,5,2,99,1,999,1,4.0,14.0,9999.0,1,2010,-1.0,-1,-1,9,,99,6,,,
146,15,7,4,6,4,2,99,1,28,1,4.0,1.0,9999.0,1,2010,-1.0,-1,-1,1,,99,6,,,
147,18,5,2,6,4,2,99,9,999,9,12.0,14.0,9999.0,1,2010,-1.0,-1,-1,9,,99,6,,,
148,24,1,7,6,5,2,99,1,23,9,4.0,1.0,2008.0,1,2010,-1.0,-1,-1,1,,99,6,,,
149,31,1,7,6,6,2,99,1,44,1,3.0,3.0,1999.0,1,2010,-1.0,-1,-1,1,,99,6,,,
150,29,5,6,6,19,2,99,1,30,1,1.0,6.0,1995.0,1,2010,-1.0,-1,-1,1,,99,6,,,
151,11,11,4,6,5,2,99,1,46,9,3.0,5.0,9999.0,2,2010,-1.0,-1,-1,1,,99,6,,,
152,8,8,7,6,6,2,99,1,29,9,4.0,1.0,2005.0,2,2010,-1.0,-1,-1,1,,99,6,,,
153,19,6,6,6,15,2,99,1,30,1,4.0,1.0,9999.0,2,2010,-1.0,-1,-1,1,,99,6,,,
154,21,11,7,6,14,2,99,1,31,1,3.0,99.0,9999.0,4,2010,-1.0,-1,-1,1,,99,6,,,
155,28,2,7,6,6,2,99,9,999,9,4.0,99.0,9999.0,4,2010,-1.0,-1,-1,9,,99,6,,,
156,29,5,6,6,1,1,5,1,30,1,1.0,99.0,2002.0,2,2010,-1.0,-1,-1,1,,99,6,,,
157,21,4,3,6,22,2,99,1,63,1,99.0,99.0,9999.0,2,2010,-1.0,-1,-1,1,,99,6,,,
158,10,6,4,7,22,2,99,1,23,1,5.0,2.0,2007.0,1,2010,-1.0,-1,-1,1,,99,6,,,
159,10,11,3,7,11,2,99,1,64,9,4.0,3.0,2007.0,1,2010,-1.0,-1,-1,1,,99,6,,,
160,18,10,1,7,14,2,99,1,45,1,4.0,99.0,9999.0,1,2010,-1.0,-1,-1,1,,99,6,,,
161,14,12,2,7,1,1,12,1,25,9,4.0,4.0,2008.0,1,2010,-1.0,-1,-1,1,,99,6,,,
162,21,2,7,7,14,2,99,1,999,9,9.0,3.0,2007.0,1,2010,-1.0,-1,-1,9,,99,6,,,
163,21,11,7,7,1,1,12,1,24,1,4.0,3.0,9999.0,1,2010,-1.0,-1,-1,1,,99,6,,,
164,28,9,2,7,4,2,99,1,35,1,3.0,2.0,2005.0,1,2010,-1.0,-1,-1,1,,99,6,,,
165,1,3,1,7,1,1,12,1,22,9,12.0,1.0,9999.0,3,2010,-1.0,-1,-1,1,,99,6,,,
166,6,10,3,7,1,2,99,1,25,1,5.0,2.0,9999.0,2,2010,-1.0,-1,-1,1,,99,6,,,
167,5,7,1,7,2,2,99,1,22,1,1.0,6.0,1996.0,4,2010,-1.0,-1,-1,1,,99,6,,,
168,8,10,5,7,4,2,99,1,28,9,3.0,14.0,2003.0,4,2010,-1.0,-1,-1,1,,99,6,,,
169,16,9,4,7,17,2,99,1,27,1,4.0,99.0,9999.0,2,2010,-1.0,-1,-1,1,,99,6,,,
170,16,3,2,7,2,2,99,9,999,9,9.0,3.0,2007.0,3,2010,-1.0,-1,-1,9,,99,6,,,
171,23,10,6,7,9,2,99,1,18,9,5.0,99.0,9999.0,3,2010,-1.0,-1,-1,1,,99,6,,,
172,26,9,7,7,1,1,1,9,999,9,9.0,2.0,9999.0,2,2010,-1.0,-1,-1,9,,99,6,,,
173,27,3,6,7,9,2,99,1,31,1,5.0,2.0,9999.0,1,2010,-1.0,-1,-1,1,,99,6,,,
174,1,5,6,8,1,1,4,1,37,9,4.0,5.0,9999.0,1,2010,-1.0,-1,-1,1,,99,6,,,
175,1,9,3,8,1,1,9,1,29,1,12.0,7.0,1995.0,1,2010,-1.0,-1,-1,1,,99,6,,,
176,9,10,6,8,17,2,99,1,33,9,4.0,1.0,9999.0,1,2010,-1.0,-1,-1,1,,99,6,,,
177,16,6,3,8,5,2,99,1,50,1,4.0,1.0,9999.0,1,2010,-1.0,-1,-1,1,,99,6,,,
178,15,11,1,8,5,2,99,9,999,9,4.0,99.0,9999.0,1,2010,-1.0,-1,-1,9,,99,6,,,
179,26,3,5,8,19,2,99,9,999,9,99.0,99.0,9999.0,1,2010,-1.0,-1,-1,9,,99,6,,,
180,29,4,4,8,19,2,99,1,31,1,5.0,2.0,1997.0,1,2010,-1.0,-1,-1,1,,99,6,,,
181,31,7,6,8,2,2,99,1,23,9,4.0,5.0,2009.0,1,2010,-1.0,-1,-1,1,,99,6,,,
182,5,4,1,8,14,2,99,1,40,1,3.0,2.0,1989.0,4,2010,-1.0,-1,-1,1,,99,6,,,
183,18,11,4,8,7,2,99,1,18,1,3.0,9.0,9999.0,4,2010,-1.0,-1,-1,1,,99,6,,,
184,16,7,5,8,18,1,99,1,23,1,4.0,3.0,9999.0,1,2010,-1.0,-1,-1,1,,99,6,,,
185,18,9,6,8,6,2,99,1,25,9,3.0,1.0,9999.0,2,2010,-1.0,-1,-1,1,,99,6,,,
186,20,3,6,8,5,2,99,1,32,1,4.0,5.0,2007.0,1,2010,-1.0,-1,-1,1,,99,6,,,
187,8,4,4,9,1,1,10,2,39,1,1.0,10.0,2000.0,1,2010,-1.0,-1,-1,1,,99,6,,,
188,11,4,7,9,17,2,99,1,22,1,14.0,1.0,2005.0,1,2010,-1.0,-1,-1,1,,99,6,,,
189,21,8,6,9,1,1,9,1,21,1,4.0,1.0,9999.0,1,2010,-1.0,-1,-1,1,,99,6,,,
190,17,4,6,9,1,1,11,1,23,9,4.0,3.0,9999.0,1,2010,-1.0,-1,-1,1,,99,6,,,
191,2,12,4,9,1,2,99,1,36,9,5.0,1.0,9999.0,2,2010,-1.0,-1,-1,1,,99,6,,,
192,2,3,2,9,17,2,99,1,20,9,3.0,5.0,9999.0,3,2010,-1.0,-1,-1,1,,99,6,,,
193,8,9,3,9,5,2,99,1,28,9,4.0,5.0,9999.0,4,2010,-1.0,-1,-1,1,,99,6,,,
194,13,11,6,9,15,2,99,1,31,9,3.0,1.0,1987.0,3,2010,-1.0,-1,-1,1,,99,6,,,
195,16,3,2,9,14,2,99,1,53,9,3.0,10.0,1987.0,3,2010,-1.0,-1,-1,1,,99,6,,,
196,30,5,7,9,5,2,99,1,21,1,2.0,99.0,9999.0,13,2010,-1.0,-1,-1,1,,99,6,,,
197,30,5,7,9,7,2,99,1,999,1,3.0,2.0,9999.0,13,2010,-1.0,-1,-1,9,,99,6,,,
198,27,3,6,9,5,2,99,1,21,1,4.0,3.0,9999.0,1,2010,-1.0,-1,-1,1,,99,6,,,
199,31,7,6,9,18,1,99,1,45,9,3.0,1.0,9999.0,2,2010,-1.0,-1,-1,1,,99,6,,,
200,3,12,5,10,1,1,10,9,999,9,12.0,1.0,9999.0,1,2010,-1.0,-1,-1,9,,99,6,,,
201,6,2,6,10,2,2,99,1,30,1,4.0,4.0,9999.0,1,2010,-1.0,-1,-1,1,,99,6,,,
202,6,5,4,10,6,2,99,1,19,1,3.0,1.0,1986.0,1,2010,-1.0,-1,-1,1,,99,6,,,
203,10,4,6,10,1,2,99,1,22,1,4.0,5.0,9999.0,1,2010,-1.0,-1,-1,1,,99,6,,,
204,17,12,5,10,4,2,99,1,43,1,4.0,1.0,9999.0,1,2010,-1.0,-1,-1,1,,99,6,,,
205,25,6,5,10,22,2,99,1,22,1,1.0,5.0,2009.0,1,2010,-1.0,-1,-1,1,,99,6,,,
206,24,10,7,10,3,2,99,1,19,9,4.0,3.0,9999.0,1,2010,-1.0,-1,-1,1,,99,6,,,
207,28,1,4,10,5,2,99,1,63,1,5.0,2.0,9999.0,1,2010,-1.0,-1,-1,1,,99,6,,,
208,23,5,7,10,4,2,99,9,999,9,12.0,6.0,9999.0,1,2010,-1.0,-1,-1,9,,99,6,,,
209,21,12,2,10,5,2,99,1,40,1,4.0,3.0,9999.0,1,2010,-1.0,-1,-1,1,,99,6,,,
210,30,7,5,10,1,1,6,9,999,9,9.0,7.0,9999.0,1,2010,-1.0,-1,-1,9,,99,6,,,
211,12,12,7,10,9,2,99,1,45,1,2.0,1.0,9999.0,4,2010,-1.0,-1,-1,1,,99,6,,,
212,17,3,3,10,21,2,99,1,55,9,13.0,99.0,9999.0,4,2010,-1.0,-1,-1,1,,99,6,,,
213,30,5,7,10,15,2,99,1,19,1,4.0,5.0,9999.0,13,2010,-1.0,-1,-1,1,,99,6,,,
214,3,12,5,11,1,1,7,1,22,9,11.0,2.0,2005.0,2,2010,-1.0,-1,-1,1,,99,6,,,
215,2,5,7,11,5,2,99,1,58,1,4.0,5.0,9999.0,1,2010,-1.0,-1,-1,1,,99,6,,,
216,9,2,2,11,10,2,99,1,40,9,4.0,1.0,2006.0,1,2010,-1.0,-1,-1,1,,99,6,,,
217,19,6,6,11,21,1,99,1,18,1,4.0,5.0,9999.0,1,2010,-1.0,-1,-1,1,,99,6,,,
218,27,1,3,11,1,1,4,1,34,9,4.0,5.0,9999.0,1,2010,-1.0,-1,-1,1,,99,6,,,
219,3,9,5,11,16,1,5,1,24,1,4.0,1.0,9999.0,1,2010,-1.0,-1,-1,1,,99,6,,,
220,17,1,7,11,14,2,99,1,34,9,4.0,7.0,9999.0,4,2010,-1.0,-1,-1,1,,99,6,,,
221,14,3,7,11,22,2,99,1,18,9,4.0,99.0,9999.0,2,2010,-1.0,-1,-1,1,,99,6,,,
222,24,1,7,11,21,2,99,1,32,9,3.0,1.0,1987.0,2,2010,-1.0,-1,-1,1,,99,6,,,
223,23,5,7,11,4,2,99,1,22,1,3.0,1.0,9999.0,2,2010,-1.0,-1,-1,1,,99,6,,,
224,21,12,2,11,9,2,99,1,40,1,3.0,3.0,9999.0,3,2010,-1.0,-1,-1,1,,99,6,,,
225,23,3,2,11,5,2,99,1,35,9,6.0,2.0,2006.0,2,2010,-1.0,-1,-1,1,,99,6,,,
226,27,12,1,11,15,2,99,1,88,9,3.0,4.0,9999.0,4,2010,-1.0,-1,-1,1,,99,6,,,
227,4,9,6,12,1,1,12,1,19,1,4.0,5.0,2006.0,1,2010,-1.0,-1,-1,1,,99,6,,,
228,5,10,2,12,2,2,99,1,23,1,4.0,5.0,9999.0,1,2010,-1.0,-1,-1,1,,99,6,,,
229,15,3,1,12,4,2,99,1,28,9,4.0,3.0,9999.0,1,2010,-1.0,-1,-1,1,,99,6,,,
230,24,3,3,12,5,2,99,1,27,9,4.0,99.0,9999.0,2,2010,-1.0,-1,-1,1,,99,6,,,
231,27,9,1,12,5,2,99,1,19,1,4.0,14.0,2005.0,1,2010,-1.0,-1,-1,1,,99,6,,,
232,5,12,7,12,10,2,99,1,999,1,3.0,8.0,1986.0,4,2010,-1.0,-1,-1,9,,99,6,,,
233,4,5,2,12,20,2,99,1,28,1,99.0,99.0,9999.0,4,2010,-1.0,-1,-1,1,,99,6,,,
234,9,11,2,12,3,2,99,1,33,9,5.0,7.0,9999.0,2,2010,-1.0,-1,-1,1,,99,6,,,
235,16,6,3,12,4,2,99,1,32,1,5.0,3.0,1997.0,13,2010,-1.0,-1,-1,1,,99,6,,,
236,20,7,2,12,9,2,99,1,32,1,99.0,1.0,1995.0,2,2010,-1.0,-1,-1,1,,99,6,,,
237,31,7,6,12,4,2,99,1,28,9,3.0,2.0,9999.0,2,2010,-1.0,-1,-1,1,,99,6,,,
238,7,11,7,13,15,2,99,1,22,9,4.0,9.0,9999.0,1,2010,-1.0,-1,-1,1,,99,6,,,
239,14,10,4,13,19,2,99,1,51,9,4.0,2.0,2010.0,1,2010,-1.0,-1,-1,1,,99,6,,,
240,31,1,7,13,6,2,99,1,32,9,4.0,1.0,9999.0,1,2010,-1.0,-1,-1,1,,99,6,,,
241,8,1,5,13,19,2,99,1,999,2,1.0,99.0,9999.0,2,2010,-1.0,-1,-1,9,,99,6,,,
242,4,4,7,13,1,1,99,9,999,9,3.0,4.0,9999.0,3,2010,-1.0,-1,-1,9,,99,6,,,
243,24,1,7,13,16,2,99,9,999,9,5.0,2.0,9999.0,3,2010,-1.0,-1,-1,9,,99,6,,,
244,2,10,6,14,1,2,99,1,27,2,4.0,2.0,9999.0,1,2010,-1.0,-1,-1,1,,99,6,,,
245,1,5,6,14,16,2,99,1,34,1,4.0,5.0,9999.0,1,2010,-1.0,-1,-1,1,,99,6,,,
246,6,8,5,14,4,2,99,1,40,1,3.0,6.0,2005.0,1,2010,-1.0,-1,-1,1,,99,6,,,
247,15,5,6,14,5,2,99,1,34,1,4.0,5.0,9999.0,1,2010,-1.0,-1,-1,1,,99,6,,,
248,27,6,7,14,10,2,99,1,32,1,1.0,2.0,1994.0,1,2010,-1.0,-1,-1,1,,99,6,,,
249,26,8,4,14,18,2,99,1,27,1,3.0,5.0,9999.0,1,2010,-1.0,-1,-1,1,,99,6,,,
250,5,5,3,14,1,2,99,1,30,9,11.0,2.0,2009.0,3,2010,-1.0,-1,-1,1,,99,6,,,
251,13,3,6,14,1,1,13,1,23,9,3.0,5.0,9999.0,4,2010,-1.0,-1,-1,1,,99,6,,,
252,18,10,1,14,18,2,99,1,28,1,3.0,1.0,9999.0,2,2010,-1.0,-1,-1,1,,99,6,,,
253,17,8,2,14,13,2,99,1,35,1,13.0,99.0,9999.0,3,2010,-1.0,-1,-1,1,,99,6,,,
254,24,1,7,14,1,2,99,1,59,9,2.0,99.0,9999.0,2,2010,-1.0,-1,-1,1,,99,6,,,
255,17,2,3,15,17,2,99,1,30,9,2.0,99.0,9999.0,1,2010,-1.0,-1,-1,1,,99,6,,,
256,12,10,2,15,12,2,99,1,37,2,4.0,1.0,9999.0,1,2010,-1.0,-1,-1,1,,99,6,,,
257,13,3,6,15,1,1,1,1,18,9,4.0,1.0,9999.0,1,2010,-1.0,-1,-1,1,,99,6,,,
258,13,3,6,15,22,1,99,1,20,9,4.0,2.0,9999.0,1,2010,-1.0,-1,-1,1,,99,6,,,
259,18,10,1,15,17,1,99,1,51,1,4.0,5.0,9999.0,1,2010,-1.0,-1,-1,1,,99,6,,,
260,20,10,3,15,5,2,99,1,38,1,1.0,3.0,9999.0,1,2010,-1.0,-1,-1,1,,99,6,,,
261,28,8,6,15,1,2,99,1,70,1,1.0,4.0,9999.0,1,2010,-1.0,-1,-1,1,,99,6,,,
262,25,4,7,15,10,2,99,9,999,9,5.0,2.0,9999.0,1,2010,-1.0,-1,-1,9,,99,6,,,
263,26,4,1,15,5,2,99,1,55,1,3.0,1.0,9999.0,1,2010,-1.0,-1,-1,1,,99,6,,,
264,3,2,3,15,13,2,99,1,37,1,3.0,5.0,2007.0,4,2010,-1.0,-1,-1,1,,99,6,,,
265,15,11,1,15,1,2,99,1,30,9,5.0,2.0,9999.0,3,2010,-1.0,-1,-1,1,,99,6,,,
266,20,1,3,15,15,2,99,1,27,9,3.0,3.0,9999.0,4,2010,-1.0,-1,-1,1,,99,6,,,
267,22,2,1,15,5,2,99,1,42,9,3.0,2.0,9999.0,2,2010,-1.0,-1,-1,1,,99,6,,,
268,24,6,4,15,22,2,99,1,25,1,1.0,2.0,1997.0,2,2010,-1.0,-1,-1,1,,99,6,,,
269,20,7,2,15,9,2,99,1,31,2,4.0,99.0,9999.0,2,2010,-1.0,-1,-1,1,,99,6,,,
270,2,8,1,16,5,2,99,1,46,1,3.0,9.0,9999.0,1,2010,-1.0,-1,-1,1,,99,6,,,
271,5,1,2,16,9,2,99,1,30,1,3.0,1.0,1984.0,1,2010,-1.0,-1,-1,1,,99,6,,,
272,8,9,3,16,6,2,99,1,999,2,1.0,1.0,1997.0,1,2010,-1.0,-1,-1,9,,99,6,,,
273,14,7,3,16,10,2,99,1,46,9,3.0,2.0,2003.0,1,2010,-1.0,-1,-1,1,,99,6,,,
274,15,9,3,16,22,1,99,1,26,1,4.0,1.0,9999.0,1,2010,-1.0,-1,-1,1,,99,6,,,
275,20,7,2,16,1,2,99,1,34,9,4.0,5.0,9999.0,1,2010,-1.0,-1,-1,1,,99,6,,,
276,24,10,7,16,9,2,99,1,40,9,1.0,2.0,9999.0,1,2010,-1.0,-1,-1,1,,99,6,,,
277,15,4,4,16,5,2,99,1,999,1,12.0,99.0,9999.0,1,2010,-1.0,-1,-1,9,,99,6,,,
278,26,10,2,16,17,2,99,1,24,9,4.0,3.0,9999.0,1,2010,-1.0,-1,-1,1,,99,6,,,
279,25,3,4,16,20,2,99,1,43,9,4.0,99.0,9999.0,1,2010,-1.0,-1,-1,1,,99,6,,,
280,28,8,6,16,22,2,99,1,57,1,1.0,14.0,1983.0,1,2010,-1.0,-1,-1,1,,99,6,,,
281,30,8,1,16,1,1,8,1,18,1,1.0,4.0,2007.0,1,2010,-1.0,-1,-1,1,,99,6,,,
282,24,4,6,16,2,2,99,1,26,1,5.0,2.0,1988.0,1,2010,-1.0,-1,-1,1,,99,6,,,
283,3,1,7,16,15,2,99,1,23,9,3.0,3.0,1995.0,3,2010,-1.0,-1,-1,1,,99,6,,,
284,9,3,2,16,5,2,99,1,48,9,5.0,99.0,9999.0,2,2010,-1.0,-1,-1,1,,99,6,,,
285,9,9,4,16,18,2,99,1,55,9,3.0,14.0,1980.0,4,2010,-1.0,-1,-1,1,,99,6,,,
286,5,4,1,16,12,2,99,1,36,1,3.0,2.0,9999.0,2,2010,-1.0,-1,-1,1,,99,6,,,
287,12,4,1,16,15,2,99,1,27,1,10.0,2.0,9999.0,4,2010,-1.0,-1,-1,1,,99,6,,,
288,21,7,3,16,7,2,99,1,33,9,1.0,10.0,1992.0,4,2010,-1.0,-1,-1,1,,99,6,,,
289,24,7,6,16,13,2,99,1,62,1,99.0,99.0,9999.0,3,2010,-1.0,-1,-1,1,,99,6,,,
290,4,2,4,17,20,2,99,1,19,9,4.0,99.0,9999.0,1,2010,-1.0,-1,-1,1,,99,6,,,
291,3,12,5,17,1,2,99,1,29,9,1.0,6.0,2000.0,1,2010,-1.0,-1,-1,1,,99,6,,,
292,5,9,7,17,17,2,99,1,25,1,4.0,4.0,9999.0,1,2010,-1.0,-1,-1,1,,99,6,,,
293,9,1,6,17,1,1,12,1,20,9,4.0,1.0,9999.0,1,2010,-1.0,-1,-1,1,,99,6,,,
294,7,8,6,17,3,2,99,1,28,1,1.0,5.0,9999.0,1,2010,-1.0,-1,-1,1,,99,6,,,
295,7,5,5,17,22,2,99,1,43,1,3.0,5.0,1990.0,1,2010,-1.0,-1,-1,1,,99,6,,,
296,20,10,3,17,22,2,99,1,36,9,3.0,4.0,9999.0,1,2010,-1.0,-1,-1,1,,99,6,,,
297,23,1,6,17,1,1,15,1,28,9,1.0,2.0,1999.0,1,2010,-1.0,-1,-1,1,,99,6,,,
298,16,3,2,17,10,2,99,1,50,9,4.0,5.0,2005.0,1,2010,-1.0,-1,-1,1,,99,6,,,
299,17,9,5,17,5,1,99,1,35,1,4.0,5.0,9999.0,1,2010,-1.0,-1,-1,1,,99,6,,,
300,27,6,7,17,19,2,99,1,25,1,2.0,5.0,9999.0,1,2010,-1.0,-1,-1,1,,99,6,,,
301,21,8,6,17,1,1,2,1,21,9,4.0,3.0,9999.0,1,2010,-1.0,-1,-1,1,,99,6,,,
302,24,11,3,17,10,2,99,1,25,1,5.0,2.0,1999.0,1,2010,-1.0,-1,-1,1,,99,6,,,
303,26,5,3,17,20,2,99,9,999,9,2.0,9.0,9999.0,1,2010,-1.0,-1,-1,9,,99,6,,,
304,25,9,6,17,10,2,99,1,31,9,4.0,5.0,2010.0,1,2010,-1.0,-1,-1,1,,99,6,,,
305,3,12,5,17,5,2,99,1,38,9,3.0,2.0,2004.0,3,2010,-1.0,-1,-1,1,,99,6,,,
306,6,11,6,17,16,2,99,1,28,9,7.0,99.0,9999.0,4,2010,-1.0,-1,-1,1,,99,6,,,
307,10,11,3,17,19,2,99,1,31,9,1.0,6.0,9999.0,2,2010,-1.0,-1,-1,1,,99,6,,,
308,11,3,4,17,20,2,99,1,30,9,3.0,1.0,9999.0,2,2010,-1.0,-1,-1,1,,99,6,,,
309,17,1,7,17,20,2,99,1,60,9,3.0,4.0,9999.0,4,2010,-1.0,-1,-1,1,,99,6,,,
310,18,1,1,17,13,2,99,9,999,9,3.0,1.0,9999.0,4,2010,-1.0,-1,-1,9,,99,6,,,
311,27,6,7,17,19,2,99,1,45,1,2.0,5.0,2002.0,3,2010,-1.0,-1,-1,1,,99,6,,,
312,23,3,2,17,18,2,99,1,28,2,4.0,99.0,9999.0,4,2010,-1.0,-1,-1,1,,99,6,,,
313,25,3,4,17,21,2,99,1,999,9,5.0,7.0,1998.0,4,2010,-1.0,-1,-1,9,,99,6,,,
314,25,7,7,17,1,1,99,1,25,9,4.0,5.0,2007.0,2,2010,-1.0,-1,-1,1,,99,6,,,
315,30,8,1,17,18,2,99,1,43,1,2.0,6.0,9999.0,2,2010,-1.0,-1,-1,1,,99,6,,,
316,30,8,1,17,17,2,99,1,33,1,2.0,99.0,9999.0,3,2010,-1.0,-1,-1,1,,99,6,,,
317,1,5,6,18,8,2,99,1,24,1,1.0,3.0,9999.0,1,2010,-1.0,-1,-1,1,,99,6,,,
318,4,7,7,18,18,2,99,1,34,1,99.0,99.0,9999.0,1,2010,-1.0,-1,-1,1,,99,6,,,
319,4,5,2,18,17,2,99,1,23,1,3.0,6.0,9999.0,1,2010,-1.0,-1,-1,1,,99,6,,,
320,19,12,7,18,9,2,99,1,23,9,4.0,99.0,2010.0,1,2010,-1.0,-1,-1,1,,99,6,,,
321,22,7,4,18,5,2,99,1,38,1,1.0,6.0,9999.0,1,2010,-1.0,-1,-1,1,,99,6,,,
322,28,10,4,18,6,2,99,1,34,9,4.0,99.0,9999.0,1,2010,-1.0,-1,-1,1,,99,6,,,
323,9,9,4,18,2,2,99,1,36,2,1.0,2.0,2005.0,1,2010,-1.0,-1,-1,1,,99,6,,,
324,2,4,5,18,19,2,99,1,36,2,4.0,5.0,9999.0,4,2010,-1.0,-1,-1,1,,99,6,,,
325,4,4,7,18,1,2,99,1,40,9,2.0,6.0,9999.0,4,2010,-1.0,-1,-1,1,,99,6,,,
326,13,2,6,18,10,2,99,1,38,9,5.0,6.0,9999.0,4,2010,-1.0,-1,-1,1,,99,6,,,
327,9,9,4,18,11,2,99,1,43,9,4.0,99.0,9999.0,1,2010,-1.0,-1,-1,1,,99,6,,,
328,7,4,3,18,18,2,99,1,999,9,6.0,99.0,9999.0,3,2010,-1.0,-1,-1,9,,99,6,,,
329,16,10,6,18,7,2,99,1,24,1,99.0,99.0,9999.0,3,2010,-1.0,-1,-1,1,,99,6,,,
330,14,3,7,18,21,2,99,1,20,2,2.0,4.0,9999.0,3,2010,-1.0,-1,-1,1,,99,6,,,
331,10,4,6,18,22,2,99,1,37,1,5.0,99.0,9999.0,2,2010,-1.0,-1,-1,1,,99,6,,,
332,20,9,1,18,6,2,99,1,45,1,4.0,99.0,9999.0,2,2010,-1.0,-1,-1,1,,99,6,,,
333,22,8,7,18,6,2,99,1,35,1,3.0,10.0,1996.0,4,2010,-1.0,-1,-1,1,,99,6,,,
334,31,7,6,18,2,2,99,1,18,9,4.0,99.0,9999.0,2,2010,-1.0,-1,-1,1,,99,6,,,
335,1,12,3,19,18,2,99,1,38,9,4.0,3.0,9999.0,1,2010,-1.0,-1,-1,1,,99,6,,,
336,1,1,5,19,18,2,99,1,54,9,4.0,99.0,9999.0,1,2010,-1.0,-1,-1,1,,99,6,,,
337,4,10,1,19,20,2,99,1,23,9,4.0,5.0,9999.0,1,2010,-1.0,-1,-1,1,,99,6,,,
338,5,3,5,19,22,2,99,1,999,9,3.0,99.0,9999.0,1,2010,-1.0,-1,-1,9,,99,6,,,
339,5,3,5,19,22,2,99,1,30,9,1.0,6.0,9999.0,1,2010,-1.0,-1,-1,1,,99,6,,,
340,14,2,7,19,1,2,99,1,25,9,4.0,3.0,9999.0,1,2010,-1.0,-1,-1,1,,99,6,,,
341,15,7,4,19,17,2,99,1,25,1,4.0,5.0,9999.0,1,2010,-1.0,-1,-1,1,,99,6,,,
342,10,4,6,19,17,2,99,1,72,1,4.0,1.0,9999.0,1,2010,-1.0,-1,-1,1,,99,6,,,
343,17,8,2,19,16,2,99,1,32,1,3.0,99.0,9999.0,1,2010,-1.0,-1,-1,1,,99,6,,,
344,21,11,7,19,22,2,99,1,26,9,4.0,99.0,9999.0,1,2010,-1.0,-1,-1,1,,99,6,,,
345,18,9,6,19,2,1,99,9,999,9,2.0,1.0,9999.0,1,2010,-1.0,-1,-1,9,,99,6,,,
346,18,9,6,19,2,1,99,1,38,9,2.0,1.0,9999.0,1,2010,-1.0,-1,-1,1,,99,6,,,
347,25,6,5,19,2,2,99,9,999,9,3.0,1.0,9999.0,1,2010,-1.0,-1,-1,9,,99,6,,,
348,16,4,5,19,5,2,99,1,25,9,1.0,11.0,9999.0,1,2010,-1.0,-1,-1,1,,99,6,,,
349,22,4,4,19,8,2,99,1,43,9,3.0,1.0,9999.0,1,2010,-1.0,-1,-1,1,,99,6,,,
350,29,3,1,19,19,1,99,1,52,1,3.0,4.0,2008.0,1,2010,-1.0,-1,-1,1,,99,6,,,
351,29,3,1,19,19,1,99,1,38,1,9.0,2.0,2009.0,1,2010,-1.0,-1,-1,1,,99,6,,,
352,30,7,5,19,6,2,99,1,999,9,1.0,5.0,9999.0,1,2010,-1.0,-1,-1,9,,99,6,,,
353,30,4,5,19,13,2,99,1,33,2,4.0,1.0,9999.0,1,2010,-1.0,-1,-1,1,,99,6,,,
354,1,7,4,19,20,2,99,1,35,9,99.0,99.0,9999.0,2,2010,-1.0,-1,-1,1,,99,6,,,
355,3,4,6,19,19,2,99,1,30,9,4.0,5.0,9999.0,4,2010,-1.0,-1,-1,1,,99,6,,,
356,10,1,7,19,20,2,99,1,25,9,3.0,1.0,9999.0,3,2010,-1.0,-1,-1,1,,99,6,,,
357,11,9,6,19,3,2,99,1,49,1,4.0,99.0,2009.0,2,2010,-1.0,-1,-1,1,,99,6,,,
358,11,5,2,19,12,2,99,1,50,9,1.0,6.0,9999.0,4,2010,-1.0,-1,-1,1,,99,6,,,
359,19,10,2,19,22,2,99,1,20,1,4.0,3.0,9999.0,2,2010,-1.0,-1,-1,1,,99,6,,,
360,10,4,6,19,18,2,99,1,35,1,5.0,2.0,9999.0,2,2010,-1.0,-1,-1,1,,99,6,,,
361,19,12,7,19,8,2,99,1,18,9,1.0,2.0,9999.0,4,2010,-1.0,-1,-1,1,,99,6,,,
362,20,3,6,19,5,2,99,9,999,9,6.0,99.0,9999.0,1,2010,-1.0,-1,-1,9,,99,6,,,
363,23,3,2,19,1,1,15,1,62,9,1.0,11.0,1977.0,2,2010,-1.0,-1,-1,1,,99,6,,,
364,30,11,2,19,18,2,99,1,999,1,4.0,99.0,9999.0,2,2010,-1.0,-1,-1,9,,99,6,,,
365,2,6,3,20,18,2,99,1,32,1,3.0,3.0,9999.0,1,2010,-1.0,-1,-1,1,,99,6,,,
366,1,4,4,20,17,1,99,1,40,1,3.0,6.0,9999.0,1,2010,-1.0,-1,-1,1,,99,6,,,
367,1,4,4,20,14,2,99,9,999,2,2.0,1.0,1996.0,3,2010,-1.0,-1,-1,9,,99,6,,,
368,3,11,3,20,15,2,99,1,27,1,3.0,3.0,9999.0,1,2010,-1.0,-1,-1,1,,99,6,,,
369,4,9,6,20,20,2,99,1,28,1,1.0,4.0,1997.0,1,2010,-1.0,-1,-1,1,,99,6,,,
370,11,2,4,20,22,2,99,1,44,9,3.0,1.0,9999.0,1,2010,-1.0,-1,-1,1,,99,6,,,
371,5,12,7,20,2,2,99,1,22,1,4.0,1.0,9999.0,1,2010,-1.0,-1,-1,1,,99,6,,,
372,12,6,6,20,11,2,99,1,24,1,4.0,5.0,9999.0,1,2010,-1.0,-1,-1,1,,99,6,,,
373,16,1,6,20,17,2,99,1,30,9,4.0,4.0,9999.0,1,2010,-1.0,-1,-1,1,,99,6,,,
374,14,10,4,20,19,2,99,1,45,9,3.0,6.0,9999.0,1,2010,-1.0,-1,-1,1,,99,6,,,
375,7,4,3,20,9,1,8,1,33,1,4.0,5.0,9999.0,1,2010,-1.0,-1,-1,1,,99,6,,,
376,15,3,1,20,18,2,99,1,30,9,4.0,99.0,9999.0,1,2010,-1.0,-1,-1,1,,99,6,,,
377,21,2,7,20,20,2,99,1,39,9,4.0,5.0,9999.0,1,2010,-1.0,-1,-1,1,,99,6,,,
378,18,9,6,20,9,2,99,1,24,9,4.0,99.0,9999.0,1,2010,-1.0,-1,-1,1,,99,6,,,
379,28,10,4,20,5,2,99,1,19,9,4.0,1.0,9999.0,1,2010,-1.0,-1,-1,1,,99,6,,,
380,24,3,3,20,16,2,99,1,55,9,4.0,1.0,1993.0,1,2010,-1.0,-1,-1,1,,99,6,,,
381,24,3,3,20,3,2,99,1,999,9,1.0,3.0,9999.0,1,2010,-1.0,-1,-1,9,,99,6,,,
382,30,8,1,20,4,2,99,1,24,1,3.0,3.0,9999.0,1,2010,-1.0,-1,-1,1,,99,6,,,
383,29,3,1,20,11,2,99,1,999,9,5.0,99.0,9999.0,1,2010,-1.0,-1,-1,9,,99,6,,,
384,26,4,1,20,6,2,99,1,55,1,4.0,9.0,9999.0,1,2010,-1.0,-1,-1,1,,99,6,,,
385,1,1,5,20,22,2,99,1,21,9,4.0,5.0,9999.0,4,2010,-1.0,-1,-1,1,,99,6,,,
386,1,4,4,20,1,1,4,1,45,9,4.0,3.0,9999.0,2,2010,-1.0,-1,-1,1,,99,6,,,
387,11,2,4,20,21,2,99,1,23,9,1.0,1.0,1985.0,2,2010,-1.0,-1,-1,1,,99,6,,,
388,8,10,5,20,5,2,99,2,29,9,3.0,6.0,9999.0,2,2010,-1.0,-1,-1,1,,99,6,,,
389,8,3,1,20,6,2,99,1,28,9,1.0,3.0,2006.0,4,2010,-1.0,-1,-1,1,,99,6,,,
390,4,4,7,20,1,1,7,1,26,2,4.0,5.0,9999.0,2,2010,-1.0,-1,-1,1,,99,6,,,
391,9,11,2,20,20,1,1,1,19,9,4.0,99.0,9999.0,2,2010,-1.0,-1,-1,1,,99,6,,,
392,8,4,4,20,17,2,99,1,35,1,3.0,4.0,9999.0,3,2010,-1.0,-1,-1,1,,99,6,,,
393,13,8,5,20,16,2,99,1,29,9,4.0,99.0,9999.0,2,2010,-1.0,-1,-1,1,,99,6,,,
394,15,3,1,20,17,2,99,1,20,9,4.0,5.0,9999.0,2,2010,-1.0,-1,-1,1,,99,6,,,
395,17,12,5,20,1,1,9,1,25,9,1.0,1.0,9999.0,2,2010,-1.0,-1,-1,1,,99,6,,,
396,26,6,6,20,17,2,99,1,26,2,4.0,1.0,9999.0,4,2010,-1.0,-1,-1,1,,99,6,,,
397,30,1,6,20,1,1,13,1,20,9,4.0,1.0,2007.0,2,2010,-1.0,-1,-1,1,,99,6,,,
398,24,7,6,20,6,2,99,1,34,1,4.0,5.0,9999.0,2,2010,-1.0,-1,-1,1,,99,6,,,
399,31,8,2,20,5,2,99,1,38,1,4.0,9.0,9999.0,2,2010,-1.0,-1,-1,1,,99,6,,,
400,1,4,4,21,9,2,99,1,28,1,4.0,99.0,9999.0,1,2010,-1.0,-1,-1,1,,99,6,,,
401,6,8,5,21,20,2,99,1,34,1,14.0,1.0,9999.0,1,2010,-1.0,-1,-1,1,,99,6,,,
402,5,5,3,21,5,2,99,1,23,1,4.0,1.0,2007.0,1,2010,-1.0,-1,-1,1,,99,6,,,
403,13,11,6,21,9,1,5,1,37,9,1.0,11.0,1991.0,1,2010,-1.0,-1,-1,1,,99,6,,,
404,11,7,7,21,17,2,99,1,50,1,4.0,1.0,9999.0,1,2010,-1.0,-1,-1,1,,99,6,,,
405,13,12,1,21,1,1,99,1,30,9,4.0,3.0,9999.0,1,2010,-1.0,-1,-1,1,,99,6,,,
406,23,1,6,21,8,1,1,1,66,9,3.0,4.0,1993.0,1,2010,-1.0,-1,-1,1,,99,6,,,
407,17,12,5,21,6,2,99,1,38,1,4.0,3.0,9999.0,1,2010,-1.0,-1,-1,1,,99,6,,,
408,20,7,2,21,18,2,99,1,999,1,4.0,1.0,9999.0,1,2010,-1.0,-1,-1,9,,99,6,,,
409,29,1,5,21,5,2,99,1,32,9,4.0,6.0,2002.0,1,2010,-1.0,-1,-1,1,,99,6,,,
410,28,2,7,21,5,2,99,1,19,9,4.0,9.0,9999.0,1,2010,-1.0,-1,-1,1,,99,6,,,
411,31,1,7,21,9,2,99,1,52,9,3.0,3.0,9999.0,1,2010,-1.0,-1,-1,1,,99,6,,,
412,25,12,6,21,9,2,99,1,20,9,4.0,1.0,2007.0,1,2010,-1.0,-1,-1,1,,99,6,,,
413,27,3,6,21,2,2,99,1,37,1,4.0,3.0,2009.0,1,2010,-1.0,-1,-1,1,,99,6,,,
414,29,4,4,21,1,1,10,1,25,9,4.0,3.0,9999.0,1,2010,-1.0,-1,-1,1,,99,6,,,
415,2,5,7,21,5,2,99,1,17,1,9.0,3.0,2001.0,2,2010,-1.0,-1,-1,2,,99,6,,,
416,4,12,6,21,13,2,99,1,60,1,3.0,2.0,1984.0,4,2010,-1.0,-1,-1,1,,99,6,,,
417,11,12,6,21,2,2,99,1,45,1,99.0,2.0,9999.0,3,2010,-1.0,-1,-1,1,,99,6,,,
418,16,7,5,21,5,2,99,1,23,1,4.0,3.0,9999.0,2,2010,-1.0,-1,-1,1,,99,6,,,
419,22,6,2,21,5,2,99,1,45,1,4.0,1.0,9999.0,4,2010,-1.0,-1,-1,1,,99,6,,,
420,21,11,7,21,22,2,99,1,40,9,3.0,4.0,9999.0,3,2010,-1.0,-1,-1,1,,99,6,,,
421,25,2,4,21,6,2,99,1,24,2,3.0,9.0,1993.0,3,2010,-1.0,-1,-1,1,,99,6,,,
422,27,2,6,21,1,2,99,1,41,9,1.0,1.0,9999.0,1,2010,-1.0,-1,-1,1,,99,6,,,
423,27,6,7,21,5,2,99,1,26,1,4.0,5.0,2008.0,2,2010,-1.0,-1,-1,1,,99,6,,,
424,28,3,7,21,1,2,99,1,43,1,14.0,1.0,9999.0,2,2010,-1.0,-1,-1,1,,99,6,,,
425,3,12,5,22,18,2,99,1,34,9,4.0,4.0,9999.0,1,2010,-1.0,-1,-1,1,,99,6,,,
426,13,2,6,22,12,2,99,1,25,9,4.0,5.0,9999.0,1,2010,-1.0,-1,-1,1,,99,6,,,
427,11,7,7,22,6,2,99,1,39,1,4.0,3.0,9999.0,1,2010,-1.0,-1,-1,1,,99,6,,,
428,11,7,7,22,6,2,99,1,19,1,4.0,1.0,9999.0,1,2010,-1.0,-1,-1,1,,99,6,,,
429,22,6,2,22,1,1,6,1,21,1,4.0,3.0,9999.0,1,2010,-1.0,-1,-1,1,,99,6,,,
430,18,9,6,22,1,1,12,1,24,1,4.0,99.0,9999.0,2,2010,-1.0,-1,-1,1,,99,6,,,
431,15,4,4,22,20,2,99,1,27,1,1.0,11.0,2003.0,1,2010,-1.0,-1,-1,1,,99,6,,,
432,19,12,7,22,5,1,99,1,23,1,4.0,1.0,9999.0,1,2010,-1.0,-1,-1,1,,99,6,,,
433,22,3,1,22,6,2,99,1,52,9,3.0,99.0,9999.0,1,2010,-1.0,-1,-1,1,,99,6,,,
434,25,3,4,22,1,2,99,1,21,9,5.0,2.0,9999.0,2,2010,-1.0,-1,-1,1,,99,6,,,
435,31,3,3,22,18,2,99,1,26,1,4.0,5.0,9999.0,1,2010,-1.0,-1,-1,1,,99,6,,,
436,4,7,7,22,17,2,99,1,46,1,3.0,5.0,9999.0,3,2010,-1.0,-1,-1,1,,99,6,,,
437,11,6,5,22,16,2,99,9,999,1,5.0,99.0,9999.0,3,2010,-1.0,-1,-1,9,,99,6,,,
438,20,2,6,22,1,1,18,1,25,9,4.0,99.0,9999.0,2,2010,-1.0,-1,-1,1,,99,6,,,
439,16,3,2,22,1,1,18,1,23,9,1.0,11.0,9999.0,2,2010,-1.0,-1,-1,1,,99,6,,,
440,24,10,7,22,1,2,99,9,999,9,3.0,2.0,9999.0,2,2010,-1.0,-1,-1,9,,99,6,,,
441,26,10,2,22,3,2,99,1,48,9,5.0,9.0,9999.0,3,2010,-1.0,-1,-1,1,,99,6,,,
442,22,3,1,22,20,2,99,1,50,9,6.0,7.0,9999.0,3,2010,-1.0,-1,-1,1,,99,6,,,
443,30,9,4,22,18,2,99,1,33,9,4.0,99.0,9999.0,2,2010,-1.0,-1,-1,1,,99,6,,,
444,1,10,5,23,1,1,5,1,26,1,4.0,5.0,9999.0,1,2010,-1.0,-1,-1,1,,99,6,,,
445,2,6,3,23,1,1,8,1,29,2,1.0,8.0,9999.0,1,2010,-1.0,-1,-1,1,,99,6,,,
446,3,12,5,23,1,1,12,1,20,9,3.0,99.0,9999.0,1,2010,-1.0,-1,-1,1,,99,6,,,
447,4,6,5,23,1,2,99,9,999,9,6.0,99.0,9999.0,1,2010,-1.0,-1,-1,9,,99,6,,,
448,11,7,7,23,1,1,11,1,30,9,1.0,4.0,9999.0,1,2010,-1.0,-1,-1,1,,99,6,,,
449,11,12,6,23,5,2,99,1,30,2,4.0,4.0,9999.0,1,2010,-1.0,-1,-1,1,,99,6,,,
450,17,9,5,23,5,1,99,1,44,1,3.0,1.0,9999.0,1,2010,-1.0,-1,-1,1,,99,6,,,
451,17,12,5,23,2,2,99,1,28,1,1.0,5.0,1986.0,1,2010,-1.0,-1,-1,1,,99,6,,,
452,21,8,6,23,17,2,99,1,28,1,3.0,5.0,2009.0,1,2010,-1.0,-1,-1,1,,99,6,,,
453,1,6,2,23,5,2,99,1,41,1,1.0,9.0,1998.0,4,2010,-1.0,-1,-1,1,,99,6,,,
454,2,8,1,23,3,2,99,1,30,1,3.0,1.0,9999.0,2,2010,-1.0,-1,-1,1,,99,6,,,
455,3,8,2,23,1,1,9,1,38,9,5.0,3.0,9999.0,2,2010,-1.0,-1,-1,1,,99,6,,,
456,9,3,2,23,14,2,99,1,57,9,6.0,2.0,9999.0,2,2010,-1.0,-1,-1,1,,99,6,,,
457,13,6,7,23,21,2,99,1,32,1,3.0,2.0,9999.0,2,2010,-1.0,-1,-1,1,,99,6,,,
458,12,9,7,23,1,1,11,1,34,9,4.0,3.0,9999.0,2,2010,-1.0,-1,-1,1,,99,6,,,
459,17,6,4,23,1,1,12,1,24,1,99.0,6.0,1994.0,3,2010,-1.0,-1,-1,1,,99,6,,,
460,18,10,1,23,10,2,99,1,65,1,2.0,3.0,1992.0,2,2010,-1.0,-1,-1,1,,99,6,,,
461,17,12,5,23,19,2,99,1,50,9,4.0,7.0,1995.0,2,2010,-1.0,-1,-1,1,,99,6,,,
462,19,5,3,23,6,2,99,1,24,1,3.0,2.0,9999.0,3,2010,-1.0,-1,-1,1,,99,6,,,
463,30,6,3,23,5,2,99,1,23,2,4.0,3.0,1996.0,2,2010,-1.0,-1,-1,1,,99,6,,,
464,26,8,4,23,1,1,15,1,30,1,1.0,99.0,9999.0,2,2010,-1.0,-1,-1,1,,99,6,,,
465,29,7,4,23,16,2,99,1,29,2,4.0,99.0,9999.0,4,2010,-1.0,-1,-1,1,,99,6,,,
466,28,10,4,7,1,2,99,9,999,9,12.0,99.0,9999.0,4,2010,-1.0,-1,-1,9,,99,6,,,
467,18,7,7,15,15,2,99,1,35,1,3.0,2.0,1986.0,1,2010,-1.0,-1,-1,1,,99,6,,,
468,29,5,6,22,1,2,99,1,999,1,3.0,5.0,9999.0,13,2010,-1.0,-1,-1,9,,99,6,,,
469,5,4,1,3,16,2,99,1,999,1,3.0,4.0,1993.0,4,2010,-1.0,-1,-1,9,,99,6,,,
470,19,12,7,15,17,1,99,2,19,9,4.0,99.0,9999.0,1,2010,-1.0,-1,-1,1,,99,6,,,
471,18,6,5,16,15,2,99,1,40,1,2.0,4.0,2008.0,1,2010,-1.0,-1,-1,1,,99,6,,,
472,29,6,2,18,14,2,99,1,18,1,2.0,5.0,9999.0,1,2010,-1.0,-1,-1,1,,99,6,,,
473,27,12,1,8,14,2,99,1,17,1,3.0,5.0,9999.0,3,2010,-1.0,-1,-1,2,,99,6,,,
474,7,2,7,17,20,2,99,2,46,9,3.0,2.0,9999.0,1,2010,-1.0,-1,-1,1,,99,6,,,
475,24,8,2,0,15,2,99,1,31,2,3.0,2.0,9999.0,4,2010,-1.0,-1,-1,1,,99,6,,,
476,1,1,5,1,5,2,99,1,35,2,4.0,3.0,9999.0,4,2010,-1.0,-1,-1,1,,99,6,,,
477,30,8,1,1,1,1,12,2,21,1,1.0,3.0,2000.0,2,2010,-1.0,-1,-1,1,,99,6,,,
478,5,12,7,2,1,1,18,2,34,9,1.0,9.0,2002.0,2,2010,-1.0,-1,-1,1,,99,6,,,
479,5,8,4,2,10,2,99,2,40,9,4.0,1.0,9999.0,1,2010,-1.0,-1,-1,1,,99,6,,,
480,7,4,3,2,18,2,99,2,24,1,4.0,99.0,9999.0,2,2010,-1.0,-1,-1,1,,99,6,,,
481,30,9,4,4,9,1,7,2,35,9,1.0,1.0,2000.0,1,2010,-1.0,-1,-1,1,,99,6,,,
482,28,3,7,4,1,1,7,1,20,1,1.0,5.0,9999.0,1,2010,-1.0,-1,-1,1,,99,6,,,
483,1,8,7,4,19,2,99,1,19,1,3.0,5.0,9999.0,2,2010,-1.0,-1,-1,1,,99,6,,,
484,19,12,7,6,1,1,7,2,24,9,4.0,5.0,9999.0,1,2010,-1.0,-1,-1,1,,99,6,,,
485,5,7,1,6,1,1,1,9,999,9,7.0,2.0,9999.0,3,2010,-1.0,-1,-1,9,,99,6,,,
486,21,11,7,6,6,2,99,1,39,1,3.0,5.0,1990.0,2,2010,-1.0,-1,-1,1,,99,6,,,
487,18,12,6,6,15,2,99,1,23,1,1.0,1.0,1993.0,4,2010,-1.0,-1,-1,1,,99,6,,,
488,3,9,5,7,1,1,1,1,40,1,2.0,4.0,1992.0,1,2010,-1.0,-1,-1,1,,99,6,,,
489,24,10,7,7,9,2,99,1,56,9,3.0,3.0,1993.0,3,2010,-1.0,-1,-1,1,,99,6,,,
490,19,8,4,7,17,2,99,1,33,1,1.0,3.0,2000.0,3,2010,-1.0,-1,-1,1,,99,6,,,
491,4,12,6,8,5,2,99,1,33,1,1.0,99.0,9999.0,1,2010,-1.0,-1,-1,1,,99,6,,,
492,14,4,3,8,4,2,99,1,63,1,9.0,2.0,2008.0,1,2010,-1.0,-1,-1,1,,99,6,,,
493,31,8,2,8,19,2,99,1,42,1,1.0,2.0,2004.0,1,2010,-1.0,-1,-1,1,,99,6,,,
494,1,5,6,9,6,2,99,2,62,1,3.0,4.0,2003.0,1,2010,-1.0,-1,-1,1,,99,6,,,
495,8,8,7,9,2,2,99,2,18,9,1.0,1.0,2009.0,1,2010,-1.0,-1,-1,1,,99,6,,,
496,25,8,3,9,11,2,99,1,37,1,9.0,99.0,9999.0,1,2010,-1.0,-1,-1,1,,99,6,,,
497,26,1,2,10,6,2,99,1,24,1,4.0,14.0,2001.0,1,2010,-1.0,-1,-1,1,,99,6,,,
498,6,1,3,11,19,2,99,1,30,9,1.0,4.0,9999.0,1,2010,-1.0,-1,-1,1,,99,6,,,
499,22,2,1,11,8,2,99,2,50,9,4.0,3.0,9999.0,4,2010,-1.0,-1,-1,1,,99,6,,,
500,30,1,6,11,15,2,99,1,35,9,3.0,1.0,9999.0,3,2010,-1.0,-1,-1,1,,99,6,,,
501,8,10,5,12,9,2,99,9,999,9,9.0,3.0,2005.0,3,2010,-1.0,-1,-1,9,,99,6,,,
502,22,6,2,13,17,2,99,2,50,1,4.0,99.0,9999.0,1,2010,-1.0,-1,-1,1,,99,6,,,
503,19,5,3,13,12,2,99,9,999,9,3.0,99.0,9999.0,4,2010,-1.0,-1,-1,9,,99,6,,,
504,7,2,7,14,20,2,99,2,27,9,4.0,5.0,9999.0,1,2010,-1.0,-1,-1,1,,99,6,,,
505,1,8,7,14,5,2,99,2,28,1,1.0,4.0,2007.0,3,2010,-1.0,-1,-1,1,,99,6,,,
506,12,2,5,14,14,2,99,1,20,9,9.0,2.0,9999.0,2,2010,-1.0,-1,-1,1,,99,6,,,
507,28,2,7,14,13,2,99,1,999,9,3.0,1.0,9999.0,4,2010,-1.0,-1,-1,9,,99,6,,,
508,16,4,5,15,10,2,99,1,51,1,3.0,5.0,1990.0,2,2010,-1.0,-1,-1,1,,99,6,,,
509,30,1,6,15,22,2,99,2,37,9,3.0,9.0,1985.0,1,2010,-1.0,-1,-1,1,,99,6,,,
510,29,1,5,16,12,2,99,1,42,9,4.0,1.0,9999.0,1,2010,-1.0,-1,-1,1,,99,6,,,
511,18,5,2,16,5,2,99,1,18,1,1.0,1.0,9999.0,2,2010,-1.0,-1,-1,1,,99,6,,,
512,25,2,4,16,4,2,99,9,999,9,3.0,5.0,9999.0,4,2010,-1.0,-1,-1,9,,99,6,,,
513,24,12,5,16,12,2,99,9,999,9,1.0,6.0,2000.0,3,2010,-1.0,-1,-1,9,,99,6,,,
514,26,7,1,16,6,2,99,1,64,9,1.0,99.0,2003.0,3,2010,-1.0,-1,-1,1,,99,6,,,
515,16,3,2,17,9,1,99,2,53,9,4.0,99.0,9999.0,1,2010,-1.0,-1,-1,1,,99,6,,,
516,3,9,5,17,14,2,99,9,999,9,9.0,3.0,9999.0,3,2010,-1.0,-1,-1,9,,99,6,,,
517,4,12,6,17,12,2,99,9,999,1,3.0,3.0,9999.0,3,2010,-1.0,-1,-1,9,,99,6,,,
518,15,1,5,17,4,2,99,1,23,1,1.0,4.0,1995.0,3,2010,-1.0,-1,-1,1,,99,6,,,
519,13,5,4,17,2,2,99,9,999,9,3.0,2.0,9999.0,4,2010,-1.0,-1,-1,9,,99,6,,,
520,3,4,6,18,11,2,99,1,30,2,2.0,99.0,9999.0,1,2010,-1.0,-1,-1,1,,99,6,,,
521,31,10,7,18,5,2,99,2,26,9,4.0,99.0,9999.0,2,2010,-1.0,-1,-1,1,,99,6,,,
522,9,5,7,18,22,2,99,1,31,1,1.0,5.0,1982.0,3,2010,-1.0,-1,-1,1,,99,6,,,
523,24,3,3,18,6,2,99,2,20,1,2.0,3.0,9999.0,4,2010,-1.0,-1,-1,1,,99,6,,,
524,5,7,1,19,19,2,99,2,30,1,1.0,9.0,1996.0,1,2010,-1.0,-1,-1,1,,99,6,,,
525,5,8,4,19,12,2,99,9,999,9,3.0,4.0,1996.0,1,2010,-1.0,-1,-1,9,,99,6,,,
526,17,4,6,19,9,1,2,1,16,2,4.0,99.0,9999.0,3,2010,-1.0,-1,-1,2,,99,6,,,
527,1,5,6,20,16,2,99,1,26,1,3.0,5.0,9999.0,3,2010,-1.0,-1,-1,1,,99,6,,,
528,24,3,3,21,1,1,1,9,999,9,10.0,2.0,1992.0,2,2010,-1.0,-1,-1,9,,99,6,,,
529,27,7,2,21,9,2,99,1,37,9,3.0,2.0,9999.0,3,2010,-1.0,-1,-1,1,,99,6,,,
530,16,5,7,22,5,2,99,1,18,1,4.0,99.0,9999.0,4,2010,-1.0,-1,-1,1,,99,6,,,
531,18,3,4,22,5,2,99,2,49,9,2.0,5.0,2009.0,3,2010,-1.0,-1,-1,1,,99,6,,,
532,19,9,7,22,9,1,5,1,49,1,3.0,2.0,9999.0,4,2010,-1.0,-1,-1,1,,99,6,,,
533,21,5,5,22,5,2,99,1,45,9,1.0,4.0,1985.0,3,2010,-1.0,-1,-1,1,,99,6,,,
534,28,2,7,22,20,2,99,2,18,9,4.0,1.0,9999.0,4,2010,-1.0,-1,-1,1,,99,6,,,
535,23,8,1,22,15,2,99,1,31,9,3.0,1.0,9999.0,4,2010,-1.0,-1,-1,1,,99,6,,,
536,11,4,7,4,18,2,99,1,25,2,3.0,5.0,1994.0,1,2010,-1.0,-1,-1,1,,99,6,,,
537,10,12,5,11,6,2,99,2,26,1,2.0,5.0,2002.0,2,2010,-1.0,-1,-1,1,,99,6,,,
538,14,3,7,12,13,2,99,9,999,9,3.0,1.0,1992.0,1,2010,-1.0,-1,-1,9,,99,6,,,
539,1,4,4,13,5,1,99,2,22,1,4.0,1.0,9999.0,1,2010,-1.0,-1,-1,1,,99,6,,,
540,15,8,7,14,1,1,1,1,27,1,9.0,1.0,1999.0,1,2010,-1.0,-1,-1,1,,99,6,,,
541,27,6,7,14,10,2,99,1,25,1,3.0,11.0,1987.0,1,2010,-1.0,-1,-1,1,,99,6,,,
542,14,3,7,14,9,2,99,1,37,9,3.0,6.0,9999.0,3,2010,-1.0,-1,-1,1,,99,6,,,
543,10,4,6,14,19,2,99,1,22,1,1.0,4.0,1993.0,2,2010,-1.0,-1,-1,1,,99,6,,,
544,15,1,5,17,10,2,99,1,45,1,3.0,2.0,9999.0,1,2010,-1.0,-1,-1,1,,99,6,,,
545,17,1,7,17,14,2,99,2,12,9,4.0,99.0,9999.0,4,2010,-1.0,-1,-1,2,,99,6,,,
546,19,2,5,17,15,2,99,9,999,9,1.0,99.0,2003.0,3,2010,-1.0,-1,-1,9,,99,6,,,
547,30,3,2,19,6,2,99,2,26,1,4.0,99.0,9999.0,1,2010,-1.0,-1,-1,1,,99,6,,,
548,9,12,4,19,13,2,99,2,34,9,99.0,99.0,9999.0,4,2010,-1.0,-1,-1,1,,99,6,,,
549,19,7,1,20,6,2,99,1,13,1,1.0,6.0,9999.0,3,2010,-1.0,-1,-1,2,,99,6,,,
550,10,7,5,21,5,2,99,1,37,1,3.0,1.0,9999.0,1,2010,-1.0,-1,-1,1,,99,6,,,
551,20,11,6,22,20,2,99,1,16,1,4.0,3.0,9999.0,1,2010,-1.0,-1,-1,2,,99,6,,,
552,1,1,5,0,17,2,99,1,27,2,1.0,1.0,9999.0,3,2010,-1.0,-1,-1,1,,99,6,,,
553,7,12,2,0,6,2,99,9,999,9,3.0,99.0,9999.0,3,2010,-1.0,-1,-1,9,,99,6,,,
554,1,1,5,1,13,2,99,9,999,9,3.0,99.0,9999.0,4,2010,-1.0,-1,-1,9,,99,6,,,
555,1,4,4,3,12,2,99,1,17,2,4.0,99.0,9999.0,2,2010,-1.0,-1,-1,2,,99,6,,,
556,15,11,1,7,5,2,99,9,999,9,3.0,7.0,9999.0,1,2010,-1.0,-1,-1,9,,99,6,,,
557,1,5,6,7,11,2,99,9,999,9,9.0,4.0,9999.0,2,2010,-1.0,-1,-1,9,,99,6,,,
558,13,5,4,8,16,2,99,1,34,1,2.0,2.0,9999.0,4,2010,-1.0,-1,-1,1,,99,6,,,
559,28,10,4,9,12,2,99,9,999,9,3.0,2.0,1982.0,3,2010,-1.0,-1,-1,9,,99,6,,,
560,2,3,2,11,11,2,99,2,30,9,3.0,7.0,9999.0,1,2010,-1.0,-1,-1,1,,99,6,,,
561,27,11,6,11,5,2,99,1,26,1,2.0,11.0,2003.0,1,2010,-1.0,-1,-1,1,,99,6,,,
562,1,5,6,11,20,2,99,1,17,1,2.0,99.0,9999.0,3,2010,-1.0,-1,-1,2,,99,6,,,
563,14,8,6,11,9,1,7,1,28,1,3.0,99.0,1990.0,2,2010,-1.0,-1,-1,1,,99,6,,,
564,28,1,4,11,20,2,99,1,40,9,2.0,5.0,9999.0,3,2010,-1.0,-1,-1,1,,99,6,,,
565,12,3,5,13,14,2,99,9,999,9,3.0,6.0,9999.0,4,2010,-1.0,-1,-1,9,,99,6,,,
566,20,4,2,13,6,2,99,1,12,1,3.0,2.0,1987.0,2,2010,-1.0,-1,-1,2,,99,6,,,
567,6,2,6,14,20,2,99,1,59,9,4.0,99.0,9999.0,1,2010,-1.0,-1,-1,1,,99,6,,,
568,7,10,4,14,9,1,3,1,13,9,4.0,1.0,9999.0,1,2010,-1.0,-1,-1,2,,99,6,,,
569,7,4,3,14,16,2,99,1,13,9,4.0,99.0,9999.0,1,2010,-1.0,-1,-1,2,,99,6,,,
570,25,3,4,14,21,1,99,1,17,9,4.0,99.0,9999.0,2,2010,-1.0,-1,-1,2,,99,6,,,
571,18,5,2,15,17,2,99,9,999,9,3.0,99.0,9999.0,1,2010,-1.0,-1,-1,9,,99,6,,,
572,5,7,1,16,21,2,99,1,17,1,4.0,7.0,9999.0,1,2010,-1.0,-1,-1,2,,99,6,,,
573,25,2,4,16,20,2,99,9,999,9,3.0,99.0,9999.0,3,2010,-1.0,-1,-1,9,,99,6,,,
574,22,8,7,16,2,2,99,1,999,9,4.0,99.0,9999.0,1,2010,-1.0,-1,-1,9,,99,6,,,
575,6,10,3,17,13,2,99,1,16,9,4.0,5.0,9999.0,1,2010,-1.0,-1,-1,2,,99,6,,,
576,14,12,2,17,17,2,99,1,15,9,4.0,99.0,9999.0,2,2010,-1.0,-1,-1,2,,99,6,,,
577,15,10,5,18,19,2,99,1,14,9,4.0,5.0,9999.0,1,2010,-1.0,-1,-1,2,,99,6,,,
578,6,3,6,18,9,2,99,1,20,9,3.0,8.0,1991.0,2,2010,-1.0,-1,-1,1,,99,6,,,
579,6,10,3,19,13,2,99,9,999,9,9.0,3.0,9999.0,1,2010,-1.0,-1,-1,9,,99,6,,,
580,10,5,1,19,5,2,99,1,20,1,14.0,1.0,9999.0,1,2010,-1.0,-1,-1,1,,99,6,,,
581,14,9,2,19,3,2,99,9,999,9,3.0,9.0,9999.0,3,2010,-1.0,-1,-1,9,,99,6,,,
582,11,10,1,20,13,2,99,1,23,1,2.0,6.0,9999.0,4,2010,-1.0,-1,-1,1,,99,6,,,
583,13,11,6,20,17,2,99,1,17,9,4.0,99.0,9999.0,1,2010,-1.0,-1,-1,2,,99,6,,,
584,17,1,7,20,17,2,99,2,27,9,1.0,99.0,9999.0,4,2010,-1.0,-1,-1,1,,99,6,,,
585,21,5,5,21,17,2,99,9,999,9,5.0,14.0,9999.0,1,2010,-1.0,-1,-1,9,,99,6,,,
586,5,6,6,21,1,2,99,1,31,2,1.0,9.0,9999.0,2,2010,-1.0,-1,-1,1,,99,6,,,
587,3,7,6,22,2,2,99,9,999,9,1.0,99.0,9999.0,1,2010,-1.0,-1,-1,9,,99,6,,,
588,5,12,7,22,2,2,99,1,17,9,4.0,5.0,9999.0,1,2010,-1.0,-1,-1,2,,99,6,,,
589,28,12,2,23,16,2,99,9,999,9,9.0,11.0,9999.0,1,2010,-1.0,-1,-1,9,,99,6,,,
590,6,4,2,23,16,2,4,1,29,1,2.0,2.0,9999.0,1,2010,-1.0,-1,-1,1,,99,6,,,
591,6,4,2,23,16,2,4,9,999,1,2.0,4.0,9999.0,1,2010,-1.0,-1,-1,9,,99,6,,,
592,29,11,1,99,10,1,1,1,20,1,4.0,3.0,2006.0,1,2010,-1.0,-1,-1,1,,99,6,,,
593,29,11,1,99,10,1,1,9,999,9,1.0,6.0,9999.0,1,2010,-1.0,-1,-1,9,,99,6,,,
594,1,12,3,0,19,2,99,1,35,2,1.0,9.0,9999.0,1,2010,-1.0,-1,-1,1,,99,6,,,
595,1,12,3,0,19,2,99,1,35,1,1.0,4.0,9999.0,1,2010,-1.0,-1,-1,1,,99,6,,,
596,1,10,5,0,11,1,1,1,28,2,3.0,2.0,1994.0,1,2010,-1.0,-1,-1,1,,99,6,,,
597,1,10,5,0,11,1,1,1,29,2,3.0,3.0,9999.0,1,2010,-1.0,-1,-1,1,,99,6,,,
598,1,10,5,0,11,1,1,1,25,1,3.0,5.0,9999.0,1,2010,-1.0,-1,-1,1,,99,6,,,
599,2,10,6,0,17,2,99,1,17,9,4.0,99.0,9999.0,1,2010,-1.0,-1,-1,2,,99,6,,,
600,2,10,6,0,17,2,99,1,20,9,4.0,99.0,9999.0,1,2010,-1.0,-1,-1,1,,99,6,,,
601,3,12,5,0,1,1,2,1,41,9,1.0,2.0,2008.0,1,2010,-1.0,-1,-1,1,,99,6,,,
602,3,12,5,0,1,1,2,1,26,2,1.0,6.0,9999.0,1,2010,-1.0,-1,-1,1,,99,6,,,
603,3,12,5,0,1,1,18,1,29,9,1.0,6.0,1995.0,1,2010,-1.0,-1,-1,1,,99,6,,,
604,3,12,5,0,1,1,18,1,20,9,1.0,4.0,2003.0,1,2010,-1.0,-1,-1,1,,99,6,,,
605,3,12,5,0,22,2,99,1,26,9,5.0,2.0,9999.0,3,2010,-1.0,-1,-1,1,,99,6,,,
606,1,4,4,0,16,2,99,1,18,1,3.0,3.0,1994.0,1,2010,-1.0,-1,-1,1,,99,6,,,
607,1,4,4,0,16,2,99,1,33,1,9.0,2.0,2009.0,1,2010,-1.0,-1,-1,1,,99,6,,,
608,3,12,5,0,4,2,99,1,31,9,1.0,3.0,1991.0,1,2010,-1.0,-1,-1,1,,99,6,,,
609,3,12,5,0,4,2,99,1,999,1,6.0,2.0,2002.0,1,2010,-1.0,-1,-1,9,,99,6,,,
610,3,12,5,0,4,2,99,1,999,1,4.0,4.0,9999.0,1,2010,-1.0,-1,-1,9,,99,6,,,
611,4,12,6,0,1,1,99,1,37,2,1.0,4.0,2005.0,1,2010,-1.0,-1,-1,1,,99,6,,,
612,4,12,6,0,1,1,99,1,28,1,1.0,1.0,2007.0,1,2010,-1.0,-1,-1,1,,99,6,,,
613,4,12,6,0,1,1,99,1,27,1,9.0,4.0,9999.0,1,2010,-1.0,-1,-1,1,,99,6,,,
614,4,3,4,0,2,2,99,1,41,9,1.0,2.0,1997.0,1,2010,-1.0,-1,-1,1,,99,6,,,
615,4,3,4,0,2,2,99,1,41,9,6.0,11.0,1998.0,1,2010,-1.0,-1,-1,1,,99,6,,,
616,6,1,3,0,17,2,99,1,33,1,3.0,2.0,1994.0,1,2010,-1.0,-1,-1,1,,99,6,,,
617,6,1,3,0,17,2,99,1,63,2,4.0,2.0,2008.0,1,2010,-1.0,-1,-1,1,,99,6,,,
618,6,10,3,0,12,2,99,1,32,9,6.0,2.0,1986.0,1,2010,-1.0,-1,-1,1,,99,6,,,
619,6,10,3,0,12,2,99,1,23,9,3.0,11.0,1996.0,1,2010,-1.0,-1,-1,1,,99,6,,,
620,6,3,6,0,15,2,99,1,38,9,1.0,5.0,1989.0,1,2010,-1.0,-1,-1,1,,99,6,,,
621,6,3,6,0,15,2,99,1,28,9,3.0,99.0,9999.0,1,2010,-1.0,-1,-1,1,,99,6,,,
622,6,11,6,0,8,2,99,1,39,1,2.0,6.0,1997.0,1,2010,-1.0,-1,-1,1,,99,6,,,
623,6,11,6,0,8,2,99,1,47,1,3.0,1.0,9999.0,1,2010,-1.0,-1,-1,1,,99,6,,,
624,9,10,6,0,5,1,1,1,31,1,4.0,5.0,2007.0,1,2010,-1.0,-1,-1,1,,99,6,,,
625,9,10,6,0,5,1,1,1,31,2,1.0,7.0,9999.0,1,2010,-1.0,-1,-1,1,,99,6,,,
626,9,10,6,0,4,2,99,1,22,2,1.0,1.0,1998.0,1,2010,-1.0,-1,-1,1,,99,6,,,
627,9,10,6,0,4,2,99,9,999,9,6.0,99.0,9999.0,1,2010,-1.0,-1,-1,9,,99,6,,,
628,13,2,6,0,17,2,99,9,999,9,99.0,99.0,9999.0,1,2010,-1.0,-1,-1,9,,99,6,,,
629,13,2,6,0,17,2,99,1,27,9,4.0,99.0,9999.0,1,2010,-1.0,-1,-1,1,,99,6,,,
630,10,10,7,0,1,1,1,1,29,2,3.0,7.0,1984.0,1,2010,-1.0,-1,-1,1,,99,6,,,
631,10,10,7,0,1,1,1,1,24,2,4.0,1.0,9999.0,1,2010,-1.0,-1,-1,1,,99,6,,,
632,11,11,4,0,22,2,99,1,999,9,1.0,1.0,2007.0,1,2010,-1.0,-1,-1,9,,99,6,,,
633,11,11,4,0,22,2,99,1,38,9,1.0,6.0,9999.0,1,2010,-1.0,-1,-1,1,,99,6,,,
634,14,2,7,0,20,1,1,1,25,2,4.0,16.0,1996.0,2,2010,-1.0,-1,-1,1,,99,6,,,
635,14,2,7,0,20,1,1,9,999,9,4.0,5.0,2006.0,2,2010,-1.0,-1,-1,9,,99,6,,,
636,11,9,6,0,21,1,99,1,26,1,3.0,3.0,1992.0,1,2010,-1.0,-1,-1,1,,99,6,,,
637,11,9,6,0,21,1,99,1,16,2,1.0,1.0,2000.0,1,2010,-1.0,-1,-1,2,,99,6,,,
638,12,3,5,0,9,1,7,1,33,2,3.0,2.0,2009.0,1,2010,-1.0,-1,-1,1,,99,6,,,
639,12,3,5,0,9,1,7,2,47,9,1.0,9.0,9999.0,1,2010,-1.0,-1,-1,1,,99,6,,,
640,13,3,6,0,1,1,1,1,49,2,1.0,2.0,1985.0,1,2010,-1.0,-1,-1,1,,99,6,,,
641,13,3,6,0,1,1,1,1,30,2,1.0,6.0,1985.0,1,2010,-1.0,-1,-1,1,,99,6,,,
642,15,10,5,0,19,2,99,1,51,1,1.0,11.0,9999.0,1,2010,-1.0,-1,-1,1,,99,6,,,
643,17,1,7,0,5,1,1,1,30,1,6.0,2.0,1999.0,1,2010,-1.0,-1,-1,1,,99,6,,,
644,17,1,7,0,5,1,1,1,27,2,1.0,6.0,9999.0,1,2010,-1.0,-1,-1,1,,99,6,,,
645,14,11,7,0,14,2,99,1,23,1,4.0,3.0,9999.0,1,2010,-1.0,-1,-1,1,,99,6,,,
646,14,11,7,0,14,2,99,1,23,1,2.0,6.0,9999.0,1,2010,-1.0,-1,-1,1,,99,6,,,
647,14,3,7,0,1,1,14,1,28,9,4.0,1.0,2009.0,1,2010,-1.0,-1,-1,1,,99,6,,,
648,14,3,7,0,1,1,14,9,999,9,99.0,99.0,9999.0,1,2010,-1.0,-1,-1,9,,99,6,,,
649,18,1,1,0,21,1,1,1,999,9,5.0,3.0,2007.0,1,2010,-1.0,-1,-1,9,,99,6,,,
650,18,1,1,0,21,1,1,1,24,2,14.0,1.0,9999.0,1,2010,-1.0,-1,-1,1,,99,6,,,
651,17,10,7,0,22,2,99,1,25,2,1.0,14.0,1988.0,1,2010,-1.0,-1,-1,1,,99,6,,,
652,17,10,7,0,22,2,99,1,45,1,1.0,2.0,2000.0,1,2010,-1.0,-1,-1,1,,99,6,,,
653,18,1,1,0,11,2,99,1,32,2,3.0,2.0,9999.0,1,2010,-1.0,-1,-1,1,,99,6,,,
654,18,1,1,0,11,2,99,1,999,1,1.0,5.0,9999.0,1,2010,-1.0,-1,-1,9,,99,6,,,
655,18,10,1,0,1,1,1,1,21,1,4.0,1.0,9999.0,1,2010,-1.0,-1,-1,1,,99,6,,,
656,18,10,1,0,1,1,1,9,999,9,2.0,6.0,9999.0,1,2010,-1.0,-1,-1,9,,99,6,,,
657,15,7,4,0,17,2,99,9,999,9,4.0,99.0,9999.0,1,2010,-1.0,-1,-1,9,,99,6,,,
658,15,7,4,0,17,2,99,2,32,1,4.0,99.0,9999.0,1,2010,-1.0,-1,-1,1,,99,6,,,
659,21,2,7,0,11,2,99,1,20,9,4.0,99.0,9999.0,1,2010,-1.0,-1,-1,1,,99,6,,,
660,21,2,7,0,11,2,99,9,999,9,6.0,99.0,9999.0,99,2010,-1.0,-1,-1,9,,99,6,,,
661,19,11,5,0,9,1,7,9,999,9,5.0,2.0,1985.0,1,2010,-1.0,-1,-1,9,,99,6,,,
662,19,11,5,0,9,1,7,1,32,9,1.0,14.0,9999.0,1,2010,-1.0,-1,-1,1,,99,6,,,
663,19,11,5,0,19,2,99,9,999,9,1.0,99.0,9999.0,1,2010,-1.0,-1,-1,9,,99,6,,,
664,19,11,5,0,19,2,99,1,22,1,4.0,99.0,9999.0,1,2010,-1.0,-1,-1,1,,99,6,,,
665,17,9,5,0,1,1,99,9,999,9,7.0,7.0,1990.0,1,2010,-1.0,-1,-1,9,,99,6,,,
666,17,9,5,0,1,1,99,1,44,1,2.0,11.0,2006.0,1,2010,-1.0,-1,-1,1,,99,6,,,
667,23,2,2,0,2,2,99,1,30,9,5.0,2.0,2005.0,1,2010,-1.0,-1,-1,1,,99,6,,,
668,23,2,2,0,2,2,99,1,32,2,1.0,5.0,9999.0,1,2010,-1.0,-1,-1,1,,99,6,,,
669,17,12,5,0,5,2,99,1,34,9,1.0,2.0,2009.0,1,2010,-1.0,-1,-1,1,,99,6,,,
670,17,12,5,0,5,2,99,2,50,9,1.0,1.0,2009.0,1,2010,-1.0,-1,-1,1,,99,6,,,
671,20,11,6,0,1,1,99,1,28,1,1.0,99.0,9999.0,1,2010,-1.0,-1,-1,1,,99,6,,,
672,25,2,4,0,14,1,3,1,37,2,2.0,2.0,1999.0,1,2010,-1.0,-1,-1,1,,99,6,,,
673,25,2,4,0,14,1,3,2,16,1,1.0,4.0,2000.0,1,2010,-1.0,-1,-1,2,,99,6,,,
674,18,9,6,0,1,2,99,1,44,2,2.0,10.0,2006.0,1,2010,-1.0,-1,-1,1,,99,6,,,
675,18,9,6,0,1,2,99,9,999,9,12.0,7.0,9999.0,1,2010,-1.0,-1,-1,9,,99,6,,,
676,24,1,7,0,11,2,99,1,40,2,3.0,1.0,1977.0,1,2010,-1.0,-1,-1,1,,99,6,,,
677,24,1,7,0,11,2,99,1,28,9,9.0,11.0,2006.0,1,2010,-1.0,-1,-1,1,,99,6,,,
678,25,1,1,0,19,2,99,1,44,2,1.0,4.0,1995.0,1,2010,-1.0,-1,-1,1,,99,6,,,
679,25,1,1,0,19,2,99,9,999,9,7.0,3.0,9999.0,1,2010,-1.0,-1,-1,9,,99,6,,,
680,21,11,7,0,9,1,99,9,999,9,2.0,99.0,9999.0,1,2010,-1.0,-1,-1,9,,99,6,,,
681,21,11,7,0,9,1,99,1,47,1,2.0,99.0,9999.0,1,2010,-1.0,-1,-1,1,,99,6,,,
682,21,11,7,0,12,2,99,1,999,2,1.0,6.0,1993.0,1,2010,-1.0,-1,-1,9,,99,6,,,
683,21,11,7,0,12,2,99,1,41,2,1.0,99.0,9999.0,1,2010,-1.0,-1,-1,1,,99,6,,,
684,21,11,7,0,14,1,99,1,22,1,1.0,4.0,2002.0,1,2010,-1.0,-1,-1,1,,99,6,,,
685,21,11,7,0,14,1,99,1,25,2,4.0,9.0,9999.0,1,2010,-1.0,-1,-1,1,,99,6,,,
686,20,8,5,0,1,2,99,1,38,1,3.0,5.0,2008.0,1,2010,-1.0,-1,-1,1,,99,6,,,
687,20,8,5,0,1,2,99,1,53,9,7.0,7.0,9999.0,1,2010,-1.0,-1,-1,1,,99,6,,,
688,21,11,7,0,18,2,99,1,73,1,1.0,99.0,2008.0,1,2010,-1.0,-1,-1,1,,99,6,,,
689,21,11,7,0,18,2,99,1,30,1,1.0,99.0,9999.0,1,2010,-1.0,-1,-1,1,,99,6,,,
690,20,9,1,0,21,2,99,1,21,2,3.0,2.0,1982.0,1,2010,-1.0,-1,-1,1,,99,6,,,
691,20,9,1,0,21,2,99,1,24,1,9.0,3.0,1993.0,1,2010,-1.0,-1,-1,1,,99,6,,,
692,20,12,1,0,1,1,1,1,26,2,1.0,3.0,1998.0,1,2010,-1.0,-1,-1,1,,99,6,,,
693,20,12,1,0,1,1,1,1,37,1,1.0,1.0,2000.0,1,2010,-1.0,-1,-1,1,,99,6,,,
694,30,1,6,0,1,1,18,1,39,1,2.0,2.0,2000.0,1,2010,-1.0,-1,-1,1,,99,6,,,
695,30,1,6,0,1,1,18,1,34,2,1.0,9.0,2008.0,1,2010,-1.0,-1,-1,1,,99,6,,,
696,30,1,6,0,1,1,18,1,35,1,1.0,2.0,2009.0,1,2010,-1.0,-1,-1,1,,99,6,,,
697,21,3,7,0,11,1,99,1,29,1,3.0,1.0,1982.0,1,2010,-1.0,-1,-1,1,,99,6,,,
698,21,3,7,0,11,1,99,1,27,1,1.0,5.0,1994.0,1,2010,-1.0,-1,-1,1,,99,6,,,
699,21,12,2,0,1,1,1,1,23,1,3.0,5.0,9999.0,1,2010,-1.0,-1,-1,1,,99,6,,,
700,21,12,2,0,1,1,1,9,999,9,5.0,1.0,9999.0,1,2010,-1.0,-1,-1,9,,99,6,,,
701,17,4,6,0,1,1,1,1,38,2,11.0,1.0,9999.0,1,2010,-1.0,-1,-1,1,,99,6,,,
702,22,8,7,0,1,1,5,1,48,1,1.0,4.0,1991.0,1,2010,-1.0,-1,-1,1,,99,6,,,
703,22,8,7,0,1,1,5,1,45,2,1.0,11.0,2000.0,1,2010,-1.0,-1,-1,1,,99,6,,,
704,29,10,5,0,22,2,99,1,23,9,5.0,2.0,9999.0,1,2010,-1.0,-1,-1,1,,99,6,,,
705,29,10,5,0,22,2,99,1,30,9,5.0,2.0,9999.0,1,2010,-1.0,-1,-1,1,,99,6,,,
706,26,11,5,0,15,2,99,1,33,1,2.0,6.0,2003.0,1,2010,-1.0,-1,-1,1,,99,6,,,
707,31,1,7,0,22,2,99,1,20,2,3.0,6.0,2000.0,1,2010,-1.0,-1,-1,1,,99,6,,,
708,29,10,5,0,1,1,13,1,33,1,4.0,5.0,2010.0,1,2010,-1.0,-1,-1,1,,99,6,,,
709,29,10,5,0,1,1,13,1,21,1,4.0,5.0,9999.0,1,2010,-1.0,-1,-1,1,,99,6,,,
710,23,12,4,0,1,1,1,1,28,1,1.0,6.0,9999.0,1,2010,-1.0,-1,-1,1,,99,6,,,
711,27,5,4,0,11,2,99,1,39,1,1.0,6.0,1990.0,1,2010,-1.0,-1,-1,1,,99,6,,,
712,27,5,4,0,11,2,99,1,52,1,1.0,99.0,9999.0,1,2010,-1.0,-1,-1,1,,99,6,,,
713,23,12,4,0,22,2,99,1,30,9,1.0,5.0,1995.0,1,2010,-1.0,-1,-1,1,,99,6,,,
714,23,12,4,0,22,2,99,1,22,9,3.0,3.0,1998.0,1,2010,-1.0,-1,-1,1,,99,6,,,
715,24,12,5,0,1,1,2,1,28,1,1.0,2.0,1998.0,1,2010,-1.0,-1,-1,1,,99,6,,,
716,24,12,5,0,1,1,2,1,28,1,3.0,5.0,9999.0,1,2010,-1.0,-1,-1,1,,99,6,,,
717,25,7,7,0,1,1,6,1,34,1,1.0,2.0,2009.0,1,2010,-1.0,-1,-1,1,,99,6,,,
718,25,7,7,0,1,1,6,1,18,1,4.0,3.0,9999.0,1,2010,-1.0,-1,-1,1,,99,6,,,
719,25,3,4,0,22,2,99,9,999,9,99.0,99.0,9999.0,1,2010,-1.0,-1,-1,9,,99,6,,,
720,25,3,4,0,22,2,99,1,20,1,4.0,99.0,9999.0,1,2010,-1.0,-1,-1,1,,99,6,,,
721,29,9,3,0,11,1,99,1,30,1,14.0,1.0,2009.0,1,2010,-1.0,-1,-1,1,,99,6,,,
722,29,9,3,0,11,1,99,1,33,1,4.0,1.0,9999.0,1,2010,-1.0,-1,-1,1,,99,6,,,
723,31,10,7,0,15,2,99,1,40,1,4.0,5.0,2008.0,1,2010,-1.0,-1,-1,1,,99,6,,,
724,26,3,5,0,5,1,99,1,33,9,4.0,1.0,2001.0,2,2010,-1.0,-1,-1,1,,99,6,,,
725,26,3,5,0,5,1,99,1,31,9,9.0,1.0,2007.0,2,2010,-1.0,-1,-1,1,,99,6,,,
726,29,12,3,0,9,2,99,1,53,9,4.0,1.0,2005.0,1,2010,-1.0,-1,-1,1,,99,6,,,
727,29,12,3,0,9,2,99,9,999,9,3.0,1.0,2005.0,1,2010,-1.0,-1,-1,9,,99,6,,,
728,31,3,3,0,1,1,18,9,999,9,6.0,2.0,9999.0,1,2010,-1.0,-1,-1,9,,99,6,,,
729,31,3,3,0,1,1,18,1,33,1,2.0,2.0,9999.0,1,2010,-1.0,-1,-1,1,,99,6,,,
730,1,11,1,0,22,2,99,1,32,9,2.0,4.0,9999.0,4,2010,-1.0,-1,-1,1,,99,6,,,
731,1,1,5,0,11,2,99,1,54,1,3.0,3.0,9999.0,2,2010,-1.0,-1,-1,1,,99,6,,,
732,3,12,5,0,9,1,99,9,999,9,6.0,99.0,9999.0,1,2010,-1.0,-1,-1,9,,99,6,,,
733,4,12,6,0,1,1,6,1,19,9,4.0,5.0,9999.0,2,2010,-1.0,-1,-1,1,,99,6,,,
734,7,3,7,0,6,2,99,1,25,9,1.0,11.0,1994.0,2,2010,-1.0,-1,-1,1,,99,6,,,
735,10,12,5,0,1,1,2,1,26,2,1.0,3.0,1992.0,2,2010,-1.0,-1,-1,1,,99,6,,,
736,11,3,4,0,1,1,1,1,32,9,1.0,3.0,1985.0,2,2010,-1.0,-1,-1,1,,99,6,,,
737,11,9,6,0,9,1,7,1,39,2,2.0,2.0,1996.0,2,2010,-1.0,-1,-1,1,,99,6,,,
738,17,11,3,0,22,2,99,1,27,9,4.0,3.0,9999.0,4,2010,-1.0,-1,-1,1,,99,6,,,
739,20,6,7,0,11,2,99,1,22,1,4.0,1.0,9999.0,2,2010,-1.0,-1,-1,1,,99,6,,,
740,15,9,3,0,9,1,99,1,22,9,3.0,8.0,1996.0,2,2010,-1.0,-1,-1,1,,99,6,,,
741,15,9,3,0,15,2,99,9,999,9,1.0,99.0,9999.0,1,2010,-1.0,-1,-1,9,,99,6,,,
742,21,11,7,0,6,2,99,1,20,1,4.0,2.0,9999.0,2,2010,-1.0,-1,-1,1,,99,6,,,
743,18,3,4,0,17,1,99,1,19,9,4.0,99.0,9999.0,2,2010,-1.0,-1,-1,1,,99,6,,,
744,26,1,2,0,14,1,2,1,28,9,4.0,1.0,1996.0,4,2010,-1.0,-1,-1,1,,99,6,,,
745,21,11,7,0,17,2,99,1,28,1,4.0,99.0,9999.0,2,2010,-1.0,-1,-1,1,,99,6,,,
746,21,7,3,0,16,2,99,1,33,9,11.0,2.0,9999.0,4,2010,-1.0,-1,-1,1,,99,6,,,
747,23,3,2,0,1,1,18,1,72,1,10.0,2.0,9999.0,2,2010,-1.0,-1,-1,1,,99,6,,,
748,28,11,7,0,1,1,12,2,21,2,4.0,3.0,2000.0,2,2010,-1.0,-1,-1,1,,99,6,,,
749,25,9,6,0,13,2,99,1,27,9,1.0,1.0,9999.0,2,2010,-1.0,-1,-1,1,,99,6,,,
750,24,12,5,0,7,2,99,9,999,9,2.0,7.0,9999.0,4,2010,-1.0,-1,-1,9,,99,6,,,
751,31,10,7,0,15,2,99,1,35,2,4.0,3.0,2009.0,1,2010,-1.0,-1,-1,1,,99,6,,,
752,28,12,2,0,1,1,3,1,27,2,3.0,4.0,9999.0,2,2010,-1.0,-1,-1,1,,99,6,,,
753,28,3,7,0,3,2,99,9,999,9,1.0,2.0,9999.0,2,2010,-1.0,-1,-1,9,,99,6,,,
754,31,12,5,0,11,2,99,1,18,9,2.0,3.0,2002.0,3,2010,-1.0,-1,-1,1,,99,6,,,
755,31,7,6,0,1,2,99,1,25,1,3.0,2.0,1988.0,2,2010,-1.0,-1,-1,1,,99,6,,,
756,1,9,3,1,1,1,18,1,23,1,1.0,2.0,9999.0,1,2010,-1.0,-1,-1,1,,99,6,,,
757,1,11,1,1,1,1,1,1,28,9,5.0,2.0,9999.0,1,2010,-1.0,-1,-1,1,,99,6,,,
758,1,11,1,1,1,1,1,1,23,9,1.0,1.0,9999.0,1,2010,-1.0,-1,-1,1,,99,6,,,
759,1,7,4,1,1,1,13,1,23,2,1.0,99.0,1998.0,1,2010,-1.0,-1,-1,1,,99,6,,,
760,1,7,4,1,1,1,13,1,999,1,9.0,99.0,9999.0,1,2010,-1.0,-1,-1,9,,99,6,,,
761,3,9,5,1,1,1,10,1,25,1,3.0,11.0,1980.0,1,2010,-1.0,-1,-1,1,,99,6,,,
762,3,9,5,1,1,1,10,2,52,1,2.0,4.0,2010.0,1,2010,-1.0,-1,-1,1,,99,6,,,
763,1,5,6,1,17,2,99,9,999,9,4.0,99.0,9999.0,1,2010,-1.0,-1,-1,9,,99,6,,,
764,1,5,6,1,14,2,99,1,41,1,3.0,4.0,9999.0,1,2010,-1.0,-1,-1,1,,99,6,,,
765,1,5,6,1,14,2,99,9,999,9,1.0,1.0,9999.0,1,2010,-1.0,-1,-1,9,,99,6,,,
766,5,7,1,1,1,1,7,2,38,1,1.0,11.0,9999.0,1,2010,-1.0,-1,-1,1,,99,6,,,
767,5,7,1,1,1,1,7,1,38,1,4.0,1.0,9999.0,1,2010,-1.0,-1,-1,1,,99,6,,,
768,2,5,7,1,20,2,99,9,999,9,3.0,99.0,9999.0,1,2010,-1.0,-1,-1,9,,99,6,,,
769,2,5,7,1,20,2,99,1,28,1,4.0,5.0,9999.0,1,2010,-1.0,-1,-1,1,,99,6,,,
770,6,11,6,1,1,2,99,1,36,9,3.0,3.0,1988.0,1,2010,-1.0,-1,-1,1,,99,6,,,
771,6,11,6,1,1,2,99,1,35,9,1.0,1.0,1991.0,1,2010,-1.0,-1,-1,1,,99,6,,,
772,6,11,6,1,1,1,10,1,18,9,1.0,4.0,9999.0,1,2010,-1.0,-1,-1,1,,99,6,,,
773,6,8,5,1,1,1,1,1,22,1,2.0,3.0,1996.0,1,2010,-1.0,-1,-1,1,,99,6,,,
774,6,8,5,1,1,1,1,1,37,1,11.0,2.0,9999.0,1,2010,-1.0,-1,-1,1,,99,6,,,
775,5,5,3,1,1,1,19,1,25,2,1.0,5.0,2002.0,1,2010,-1.0,-1,-1,1,,99,6,,,
776,5,5,3,1,1,1,19,1,24,2,1.0,2.0,9999.0,1,2010,-1.0,-1,-1,1,,99,6,,,
777,8,10,5,1,4,2,99,1,26,9,4.0,8.0,9999.0,1,2010,-1.0,-1,-1,1,,99,6,,,
778,8,10,5,1,4,2,99,1,21,9,1.0,1.0,9999.0,1,2010,-1.0,-1,-1,1,,99,6,,,
779,9,7,5,1,15,2,99,1,33,1,3.0,6.0,1999.0,1,2010,-1.0,-1,-1,1,,99,6,,,
780,9,7,5,1,15,2,99,9,999,9,5.0,4.0,9999.0,1,2010,-1.0,-1,-1,9,,99,6,,,
781,12,6,6,1,1,1,12,1,33,2,1.0,5.0,1991.0,1,2010,-1.0,-1,-1,1,,99,6,,,
782,12,6,6,1,1,1,12,1,35,1,11.0,11.0,2009.0,1,2010,-1.0,-1,-1,1,,99,6,,,
783,9,5,7,1,1,1,99,1,34,1,5.0,2.0,1986.0,1,2010,-1.0,-1,-1,1,,99,6,,,
784,9,5,7,1,1,1,99,1,30,2,1.0,2.0,9999.0,1,2010,-1.0,-1,-1,1,,99,6,,,
785,11,7,7,1,9,1,3,1,24,1,3.0,2.0,1988.0,1,2010,-1.0,-1,-1,1,,99,6,,,
786,11,7,7,1,9,1,3,1,27,1,1.0,1.0,2006.0,1,2010,-1.0,-1,-1,1,,99,6,,,
787,10,5,1,1,5,2,99,1,52,1,6.0,3.0,1998.0,1,2010,-1.0,-1,-1,1,,99,6,,,
788,10,5,1,1,5,2,99,1,35,1,2.0,4.0,2009.0,1,2010,-1.0,-1,-1,1,,99,6,,,
789,16,6,3,1,12,2,99,9,999,9,5.0,2.0,9999.0,1,2010,-1.0,-1,-1,9,,99,6,,,
790,16,6,3,1,12,2,99,1,28,2,1.0,4.0,9999.0,1,2010,-1.0,-1,-1,1,,99,6,,,
791,17,10,7,1,1,2,99,1,40,1,1.0,1.0,1997.0,1,2010,-1.0,-1,-1,1,,99,6,,,
792,17,10,7,1,1,2,99,1,40,1,2.0,1.0,9999.0,1,2010,-1.0,-1,-1,1,,99,6,,,
793,19,2,5,1,19,2,99,9,999,9,5.0,99.0,9999.0,1,2010,-1.0,-1,-1,9,,99,6,,,
794,14,8,6,1,1,1,9,1,20,9,1.0,5.0,1993.0,1,2010,-1.0,-1,-1,1,,99,6,,,
795,14,8,6,1,1,1,9,1,32,1,7.0,6.0,9999.0,1,2010,-1.0,-1,-1,1,,99,6,,,
796,13,12,1,1,16,2,99,1,32,1,1.0,9.0,1996.0,1,2010,-1.0,-1,-1,1,,99,6,,,
797,13,12,1,1,16,2,99,1,38,1,3.0,9.0,1996.0,1,2010,-1.0,-1,-1,1,,99,6,,,
798,13,12,1,1,16,2,99,1,59,2,3.0,5.0,2011.0,1,2010,-1.0,-1,-1,1,,99,6,,,
799,10,4,6,1,1,1,5,1,999,9,1.0,1.0,1994.0,1,2010,-1.0,-1,-1,9,,99,6,,,
800,10,4,6,1,1,1,5,1,40,1,4.0,2.0,2009.0,1,2010,-1.0,-1,-1,1,,99,6,,,
801,15,12,3,1,1,1,11,1,25,1,6.0,1.0,1992.0,1,2010,-1.0,-1,-1,1,,99,6,,,
802,15,12,3,1,1,1,11,1,22,2,4.0,5.0,9999.0,1,2010,-1.0,-1,-1,1,,99,6,,,
803,21,6,1,1,1,1,12,1,33,1,9.0,2.0,1993.0,1,2010,-1.0,-1,-1,1,,99,6,,,
804,21,6,1,1,1,1,12,9,999,9,1.0,6.0,9999.0,1,2010,-1.0,-1,-1,9,,99,6,,,
805,17,12,5,1,1,1,6,1,38,9,1.0,1.0,1995.0,1,2010,-1.0,-1,-1,1,,99,6,,,
806,17,12,5,1,1,1,6,1,22,9,1.0,4.0,1999.0,1,2010,-1.0,-1,-1,1,,99,6,,,
807,22,10,5,1,7,2,99,1,27,1,5.0,3.0,9999.0,1,2010,-1.0,-1,-1,1,,99,6,,,
808,22,10,5,1,7,2,99,1,33,1,3.0,8.0,9999.0,1,2010,-1.0,-1,-1,1,,99,6,,,
809,22,10,5,1,7,2,99,1,33,1,3.0,4.0,9999.0,1,2010,-1.0,-1,-1,1,,99,6,,,
810,23,10,6,1,13,1,99,9,999,9,1.0,9.0,9999.0,1,2010,-1.0,-1,-1,9,,99,6,,,
811,23,10,6,1,13,1,99,1,18,2,4.0,9.0,9999.0,1,2010,-1.0,-1,-1,1,,99,6,,,
812,11,4,7,1,13,2,99,9,999,9,5.0,99.0,9999.0,1,2010,-1.0,-1,-1,9,,99,6,,,
813,20,7,2,1,10,2,99,1,23,1,4.0,1.0,2007.0,1,2010,-1.0,-1,-1,1,,99,6,,,
814,20,7,2,1,10,2,99,1,25,2,4.0,1.0,9999.0,1,2010,-1.0,-1,-1,1,,99,6,,,
815,25,10,1,1,9,2,99,9,999,9,3.0,5.0,1995.0,1,2010,-1.0,-1,-1,9,,99,6,,,
816,25,10,1,1,9,2,99,9,999,9,3.0,5.0,9999.0,1,2010,-1.0,-1,-1,9,,99,6,,,
817,25,10,1,1,9,2,99,9,999,9,3.0,5.0,9999.0,1,2010,-1.0,-1,-1,9,,99,6,,,
818,25,10,1,1,9,2,99,9,999,9,3.0,5.0,9999.0,1,2010,-1.0,-1,-1,9,,99,6,,,
819,25,10,1,1,9,2,99,9,999,9,3.0,5.0,9999.0,1,2010,-1.0,-1,-1,9,,99,6,,,
820,25,10,1,1,9,2,99,1,26,2,2.0,1.0,9999.0,1,2010,-1.0,-1,-1,1,,99,6,,,
821,27,6,7,1,1,1,6,9,999,9,1.0,5.0,1998.0,1,2010,-1.0,-1,-1,9,,99,6,,,
822,27,6,7,1,1,1,6,1,18,1,4.0,14.0,9999.0,1,2010,-1.0,-1,-1,1,,99,6,,,
823,26,10,2,1,5,2,99,9,999,9,99.0,99.0,9999.0,1,2010,-1.0,-1,-1,9,,99,6,,,
824,26,10,2,1,5,2,99,1,20,9,4.0,5.0,9999.0,1,2010,-1.0,-1,-1,1,,99,6,,,
825,23,5,7,1,1,1,1,1,34,1,1.0,9.0,9999.0,1,2010,-1.0,-1,-1,1,,99,6,,,
826,23,5,7,1,1,1,1,9,999,9,12.0,1.0,9999.0,1,2010,-1.0,-1,-1,9,,99,6,,,
827,23,7,5,1,12,1,3,1,50,2,1.0,3.0,1994.0,1,2010,-1.0,-1,-1,1,,99,6,,,
828,23,7,5,1,12,1,3,1,52,1,1.0,5.0,1999.0,1,2010,-1.0,-1,-1,1,,99,6,,,
829,30,6,3,1,15,2,99,1,29,1,99.0,2.0,2005.0,1,2010,-1.0,-1,-1,1,,99,6,,,
830,30,6,3,1,15,2,99,1,24,2,4.0,5.0,2005.0,1,2010,-1.0,-1,-1,1,,99,6,,,
831,30,6,3,1,2,2,99,1,999,1,4.0,6.0,2006.0,1,2010,-1.0,-1,-1,9,,99,6,,,
832,30,6,3,1,2,2,99,9,999,9,6.0,99.0,9999.0,1,2010,-1.0,-1,-1,9,,99,6,,,
833,28,11,7,1,1,2,99,1,18,1,1.0,9.0,1993.0,1,2010,-1.0,-1,-1,1,,99,6,,,
834,28,11,7,1,1,2,99,1,28,2,1.0,3.0,1997.0,1,2010,-1.0,-1,-1,1,,99,6,,,
835,28,5,5,1,2,2,99,1,35,1,5.0,2.0,1994.0,1,2010,-1.0,-1,-1,1,,99,6,,,
836,28,5,5,1,2,2,99,1,40,2,3.0,6.0,9999.0,1,2010,-1.0,-1,-1,1,,99,6,,,
837,30,10,6,1,14,2,99,1,999,1,3.0,3.0,1994.0,1,2010,-1.0,-1,-1,9,,99,6,,,
838,30,10,6,1,14,2,99,1,36,1,3.0,5.0,1998.0,1,2010,-1.0,-1,-1,1,,99,6,,,
839,30,10,6,1,14,2,99,1,999,1,3.0,6.0,1998.0,1,2010,-1.0,-1,-1,9,,99,6,,,
840,18,4,7,1,18,2,99,9,999,9,99.0,99.0,9999.0,1,2010,-1.0,-1,-1,9,,99,6,,,
841,18,4,7,1,18,2,99,9,999,9,99.0,99.0,9999.0,1,2010,-1.0,-1,-1,9,,99,6,,,
842,29,5,6,1,9,1,2,1,25,1,2.0,3.0,9999.0,1,2010,-1.0,-1,-1,1,,99,6,,,
843,29,5,6,1,9,1,2,1,34,2,3.0,2.0,9999.0,1,2010,-1.0,-1,-1,1,,99,6,,,
844,25,7,7,1,21,2,99,9,999,9,3.0,2.0,9999.0,1,2010,-1.0,-1,-1,9,,99,6,,,
845,25,7,7,1,1,1,11,1,30,2,1.0,4.0,1999.0,1,2010,-1.0,-1,-1,1,,99,6,,,
846,25,7,7,1,1,1,11,1,45,1,2.0,2.0,2007.0,1,2010,-1.0,-1,-1,1,,99,6,,,
847,26,7,1,1,9,2,99,2,23,9,9.0,2.0,9999.0,1,2010,-1.0,-1,-1,1,,99,6,,,
848,26,7,1,1,9,2,99,9,999,9,99.0,99.0,9999.0,99,2010,-1.0,-1,-1,9,,99,6,,,
849,30,8,1,1,22,2,99,1,35,1,3.0,4.0,1989.0,1,2010,-1.0,-1,-1,1,,99,6,,,
850,30,8,1,1,22,2,99,9,999,9,5.0,2.0,1993.0,1,2010,-1.0,-1,-1,9,,99,6,,,
851,30,12,4,1,6,2,99,1,38,9,1.0,4.0,9999.0,1,2010,-1.0,-1,-1,1,,99,6,,,
852,30,8,1,1,9,1,5,1,22,1,1.0,6.0,1994.0,1,2010,-1.0,-1,-1,1,,99,6,,,
853,30,8,1,1,9,1,5,1,22,1,4.0,7.0,2009.0,1,2010,-1.0,-1,-1,1,,99,6,,,
854,28,3,7,1,1,1,9,1,20,2,1.0,6.0,1996.0,1,2010,-1.0,-1,-1,1,,99,6,,,
855,28,3,7,1,1,1,9,1,36,1,10.0,2.0,2007.0,1,2010,-1.0,-1,-1,1,,99,6,,,
856,30,12,4,1,9,2,99,1,33,9,4.0,99.0,2006.0,3,2010,-1.0,-1,-1,1,,99,6,,,
857,31,7,6,1,1,1,1,1,30,2,10.0,2.0,1997.0,1,2010,-1.0,-1,-1,1,,99,6,,,
858,31,7,6,1,1,1,1,1,29,1,4.0,1.0,2008.0,1,2010,-1.0,-1,-1,1,,99,6,,,
859,30,4,5,1,16,1,2,1,52,2,1.0,6.0,1992.0,1,2010,-1.0,-1,-1,1,,99,6,,,
860,30,4,5,1,16,1,2,1,29,2,1.0,10.0,1996.0,1,2010,-1.0,-1,-1,1,,99,6,,,
861,1,11,1,1,1,1,5,1,19,9,1.0,1.0,9999.0,2,2010,-1.0,-1,-1,1,,99,6,,,
862,1,5,6,1,17,2,99,1,30,1,99.0,99.0,9999.0,4,2010,-1.0,-1,-1,1,,99,6,,,
863,3,8,2,1,13,2,99,1,17,2,3.0,4.0,9999.0,2,2010,-1.0,-1,-1,2,,99,6,,,
864,4,1,1,1,13,2,99,1,30,2,2.0,6.0,9999.0,4,2010,-1.0,-1,-1,1,,99,6,,,
865,4,8,3,1,1,1,11,1,25,1,1.0,3.0,1984.0,2,2010,-1.0,-1,-1,1,,99,6,,,
866,4,8,3,1,15,1,2,1,47,1,6.0,2.0,1998.0,1,2010,-1.0,-1,-1,1,,99,6,,,
867,4,9,6,1,3,2,99,1,32,2,1.0,2.0,9999.0,2,2010,-1.0,-1,-1,1,,99,6,,,
868,5,11,5,1,1,1,11,9,999,9,1.0,1.0,9999.0,2,2010,-1.0,-1,-1,9,,99,6,,,
869,7,6,1,1,16,2,99,1,25,1,4.0,5.0,9999.0,2,2010,-1.0,-1,-1,1,,99,6,,,
870,5,5,3,1,1,2,99,9,999,9,7.0,3.0,9999.0,2,2010,-1.0,-1,-1,9,,99,6,,,
871,7,3,7,1,17,2,99,1,29,9,4.0,1.0,2008.0,2,2010,-1.0,-1,-1,1,,99,6,,,
872,7,9,2,1,6,2,99,1,19,9,4.0,99.0,9999.0,4,2010,-1.0,-1,-1,1,,99,6,,,
873,6,8,5,1,18,2,99,1,24,1,4.0,99.0,9999.0,2,2010,-1.0,-1,-1,1,,99,6,,,
874,6,5,4,1,1,1,8,1,41,2,1.0,5.0,1998.0,2,2010,-1.0,-1,-1,1,,99,6,,,
875,12,6,6,1,1,1,18,9,999,9,1.0,1.0,9999.0,2,2010,-1.0,-1,-1,9,,99,6,,,
876,6,5,4,1,2,2,99,1,22,1,5.0,2.0,9999.0,3,2010,-1.0,-1,-1,1,,99,6,,,
877,12,6,6,1,5,2,99,1,25,1,4.0,7.0,9999.0,4,2010,-1.0,-1,-1,1,,99,6,,,
878,9,9,4,1,1,1,11,1,21,9,4.0,2.0,2009.0,4,2010,-1.0,-1,-1,1,,99,6,,,
879,14,2,7,1,17,1,99,1,26,2,4.0,1.0,9999.0,2,2010,-1.0,-1,-1,1,,99,6,,,
880,11,3,4,1,8,2,99,9,999,9,3.0,99.0,9999.0,3,2010,-1.0,-1,-1,9,,99,6,,,
881,13,11,6,1,9,1,3,9,999,9,1.0,3.0,9999.0,2,2010,-1.0,-1,-1,9,,99,6,,,
882,9,4,5,1,22,2,99,1,46,1,5.0,2.0,2003.0,3,2010,-1.0,-1,-1,1,,99,6,,,
883,18,11,4,1,1,1,7,1,22,2,4.0,3.0,9999.0,2,2010,-1.0,-1,-1,1,,99,6,,,
884,15,9,3,1,1,1,12,1,24,2,1.0,2.0,9999.0,2,2010,-1.0,-1,-1,1,,99,6,,,
885,10,4,6,1,1,2,1,1,33,2,1.0,5.0,1997.0,4,2010,-1.0,-1,-1,1,,99,6,,,
886,18,10,1,1,16,2,99,1,20,1,4.0,1.0,9999.0,1,2010,-1.0,-1,-1,1,,99,6,,,
887,10,4,6,1,20,2,99,1,24,1,3.0,7.0,9999.0,3,2010,-1.0,-1,-1,1,,99,6,,,
888,15,5,6,1,10,2,99,1,26,2,3.0,9.0,9999.0,2,2010,-1.0,-1,-1,1,,99,6,,,
889,10,4,6,1,9,1,9,1,27,2,1.0,5.0,9999.0,2,2010,-1.0,-1,-1,1,,99,6,,,
890,21,6,1,1,8,2,99,1,41,2,3.0,1.0,9999.0,4,2010,-1.0,-1,-1,1,,99,6,,,
891,23,2,2,1,19,2,99,1,17,9,4.0,99.0,9999.0,2,2010,-1.0,-1,-1,2,,99,6,,,
892,16,5,7,1,4,2,99,1,36,2,4.0,99.0,9999.0,4,2010,-1.0,-1,-1,1,,99,6,,,
893,24,1,7,1,1,2,99,1,31,9,4.0,5.0,2008.0,2,2010,-1.0,-1,-1,1,,99,6,,,
894,24,1,7,1,18,2,99,1,35,2,6.0,1.0,9999.0,2,2010,-1.0,-1,-1,1,,99,6,,,
895,27,2,6,1,1,1,1,1,31,2,1.0,99.0,9999.0,2,2010,-1.0,-1,-1,1,,99,6,,,
896,19,12,7,1,1,1,1,1,33,9,1.0,8.0,1988.0,2,2010,-1.0,-1,-1,1,,99,6,,,
897,26,6,6,1,17,2,99,1,26,9,4.0,99.0,9999.0,4,2010,-1.0,-1,-1,1,,99,6,,,
898,19,9,7,1,17,2,99,1,20,2,1.0,8.0,1994.0,2,2010,-1.0,-1,-1,1,,99,6,,,
899,24,5,1,1,13,2,99,1,35,2,4.0,1.0,9999.0,4,2010,-1.0,-1,-1,1,,99,6,,,
900,23,7,5,1,1,1,5,1,32,2,1.0,2.0,9999.0,2,2010,-1.0,-1,-1,1,,99,6,,,
901,28,5,5,1,1,1,7,1,22,2,99.0,99.0,9999.0,2,2010,-1.0,-1,-1,1,,99,6,,,
902,21,4,3,1,4,2,99,1,63,1,3.0,9.0,9999.0,2,2010,-1.0,-1,-1,1,,99,6,,,
903,21,4,3,1,3,2,99,1,50,1,3.0,99.0,9999.0,2,2010,-1.0,-1,-1,1,,99,6,,,
904,23,4,5,1,6,2,99,1,37,1,3.0,4.0,1989.0,2,2010,-1.0,-1,-1,1,,99,6,,,
905,29,7,4,1,5,2,99,1,41,1,6.0,14.0,9999.0,3,2010,-1.0,-1,-1,1,,99,6,,,
906,29,3,1,1,12,2,99,9,999,9,5.0,1.0,9999.0,3,2010,-1.0,-1,-1,9,,99,6,,,
907,27,4,2,1,10,1,1,1,30,1,1.0,6.0,1993.0,2,2010,-1.0,-1,-1,1,,99,6,,,
908,31,7,6,1,1,2,99,1,25,2,3.0,2.0,1984.0,2,2010,-1.0,-1,-1,1,,99,6,,,
909,1,3,1,2,1,1,1,1,81,9,10.0,2.0,9999.0,1,2010,-1.0,-1,-1,1,,99,6,,,
910,1,3,1,2,1,1,1,1,20,9,4.0,5.0,9999.0,1,2010,-1.0,-1,-1,1,,99,6,,,
911,3,10,7,2,9,2,99,9,999,9,3.0,1.0,1993.0,1,2010,-1.0,-1,-1,9,,99,6,,,
912,3,10,7,2,9,2,99,1,49,2,3.0,3.0,9999.0,1,2010,-1.0,-1,-1,1,,99,6,,,
913,3,12,5,2,9,1,99,2,29,9,2.0,4.0,2003.0,1,2010,-1.0,-1,-1,1,,99,6,,,
914,4,7,7,2,1,1,2,1,58,2,1.0,9.0,1997.0,1,2010,-1.0,-1,-1,1,,99,6,,,
915,4,7,7,2,1,1,2,1,32,1,4.0,99.0,9999.0,1,2010,-1.0,-1,-1,1,,99,6,,,
916,2,4,5,2,1,1,1,1,30,1,3.0,2.0,2007.0,1,2010,-1.0,-1,-1,1,,99,6,,,
917,2,4,5,2,1,1,1,9,999,9,10.0,2.0,9999.0,1,2010,-1.0,-1,-1,9,,99,6,,,
918,7,2,7,2,22,2,99,1,999,9,3.0,3.0,1990.0,1,2010,-1.0,-1,-1,9,,99,6,,,
919,7,2,7,2,22,2,99,1,24,9,1.0,5.0,1999.0,1,2010,-1.0,-1,-1,1,,99,6,,,
920,2,4,5,2,17,1,99,1,24,2,1.0,4.0,2003.0,1,2010,-1.0,-1,-1,1,,99,6,,,
921,2,4,5,2,17,1,99,1,34,1,4.0,1.0,2007.0,1,2010,-1.0,-1,-1,1,,99,6,,,
922,9,2,2,2,10,2,99,1,38,1,3.0,3.0,1990.0,1,2010,-1.0,-1,-1,1,,99,6,,,
923,9,2,2,2,10,2,99,1,40,1,3.0,2.0,2006.0,1,2010,-1.0,-1,-1,1,,99,6,,,
924,2,4,5,2,17,1,99,9,999,9,99.0,99.0,9999.0,1,2010,-1.0,-1,-1,9,,99,6,,,
925,2,4,5,2,17,1,99,1,20,9,4.0,99.0,9999.0,1,2010,-1.0,-1,-1,1,,99,6,,,
926,7,10,4,2,1,2,99,1,23,9,4.0,3.0,9999.0,1,2010,-1.0,-1,-1,1,,99,6,,,
927,7,10,4,2,1,2,99,9,999,9,99.0,99.0,9999.0,1,2010,-1.0,-1,-1,9,,99,6,,,
928,7,3,7,2,1,1,12,1,49,9,1.0,99.0,1988.0,1,2010,-1.0,-1,-1,1,,99,6,,,
929,7,3,7,2,1,1,12,1,28,9,1.0,2.0,1988.0,1,2010,-1.0,-1,-1,1,,99,6,,,
930,7,3,7,2,4,2,99,1,35,9,5.0,11.0,9999.0,1,2010,-1.0,-1,-1,1,,99,6,,,
931,7,3,7,2,4,2,99,1,31,9,9.0,5.0,9999.0,1,2010,-1.0,-1,-1,1,,99,6,,,
932,11,12,6,2,1,1,1,1,29,2,2.0,2.0,1990.0,1,2010,-1.0,-1,-1,1,,99,6,,,
933,11,12,6,2,1,1,1,1,33,1,1.0,1.0,2004.0,1,2010,-1.0,-1,-1,1,,99,6,,,
934,11,12,6,2,1,1,3,1,48,1,2.0,5.0,2007.0,1,2010,-1.0,-1,-1,1,,99,6,,,
935,11,12,6,2,1,1,3,1,20,2,4.0,5.0,2009.0,1,2010,-1.0,-1,-1,1,,99,6,,,
936,16,2,2,2,10,1,99,1,47,9,5.0,1.0,1992.0,1,2010,-1.0,-1,-1,1,,99,6,,,
937,16,2,2,2,10,1,99,1,37,9,3.0,4.0,9999.0,1,2010,-1.0,-1,-1,1,,99,6,,,
938,13,3,6,2,1,1,7,1,26,9,1.0,4.0,2002.0,1,2010,-1.0,-1,-1,1,,99,6,,,
939,13,3,6,2,1,1,7,1,28,9,1.0,4.0,2004.0,1,2010,-1.0,-1,-1,1,,99,6,,,
940,17,6,4,2,19,2,99,1,25,1,5.0,99.0,9999.0,1,2010,-1.0,-1,-1,1,,99,6,,,
941,17,6,4,2,19,2,99,1,30,2,1.0,6.0,9999.0,1,2010,-1.0,-1,-1,1,,99,6,,,
942,13,12,1,2,18,2,99,1,30,2,4.0,3.0,9999.0,1,2010,-1.0,-1,-1,1,,99,6,,,
943,9,4,5,2,13,1,12,1,42,9,3.0,2.0,9999.0,1,2010,-1.0,-1,-1,1,,99,6,,,
944,9,4,5,2,13,1,12,1,19,1,1.0,1.0,9999.0,1,2010,-1.0,-1,-1,1,,99,6,,,
945,15,8,7,2,1,1,99,1,24,9,3.0,7.0,9999.0,1,2010,-1.0,-1,-1,1,,99,6,,,
946,15,8,7,2,1,1,99,1,24,9,1.0,2.0,9999.0,1,2010,-1.0,-1,-1,1,,99,6,,,
947,16,9,4,2,12,2,99,1,22,1,3.0,99.0,9999.0,1,2010,-1.0,-1,-1,1,,99,6,,,
948,16,9,4,2,12,2,99,1,58,1,3.0,99.0,9999.0,1,2010,-1.0,-1,-1,1,,99,6,,,
949,17,9,5,2,5,2,99,1,64,1,6.0,2.0,1989.0,1,2010,-1.0,-1,-1,1,,99,6,,,
950,17,9,5,2,5,2,99,9,999,9,3.0,1.0,2002.0,1,2010,-1.0,-1,-1,9,,99,6,,,
951,17,9,5,2,5,2,99,1,999,1,3.0,5.0,9999.0,1,2010,-1.0,-1,-1,9,,99,6,,,
952,17,9,5,2,5,2,99,1,999,1,3.0,5.0,9999.0,1,2010,-1.0,-1,-1,9,,99,6,,,
953,12,4,1,2,20,2,99,1,29,1,3.0,1.0,1991.0,1,2010,-1.0,-1,-1,1,,99,6,,,
954,12,4,1,2,20,2,99,1,38,1,1.0,5.0,1999.0,1,2010,-1.0,-1,-1,1,,99,6,,,
955,22,8,7,2,1,1,1,1,31,1,4.0,1.0,2006.0,1,2010,-1.0,-1,-1,1,,99,6,,,
956,22,8,7,2,1,1,1,9,999,9,99.0,99.0,9999.0,1,2010,-1.0,-1,-1,9,,99,6,,,
957,25,5,2,2,9,2,99,9,999,9,3.0,5.0,9999.0,1,2010,-1.0,-1,-1,9,,99,6,,,
958,25,5,2,2,9,2,99,1,31,2,1.0,6.0,9999.0,1,2010,-1.0,-1,-1,1,,99,6,,,
959,30,6,3,2,14,1,4,1,31,2,6.0,1.0,1984.0,1,2010,-1.0,-1,-1,1,,99,6,,,
960,30,6,3,2,14,1,4,9,999,9,5.0,2.0,2000.0,1,2010,-1.0,-1,-1,9,,99,6,,,
961,18,4,7,2,1,1,10,9,999,9,1.0,4.0,9999.0,1,2010,-1.0,-1,-1,9,,99,6,,,
962,18,4,7,2,1,1,10,9,999,9,3.0,4.0,9999.0,1,2010,-1.0,-1,-1,9,,99,6,,,
963,25,12,6,2,16,2,99,1,21,1,1.0,5.0,2000.0,1,2010,-1.0,-1,-1,1,,99,6,,,
964,25,3,4,2,1,1,5,1,999,1,2.0,4.0,2007.0,1,2010,-1.0,-1,-1,9,,99,6,,,
965,25,3,4,2,1,1,5,1,999,1,3.0,5.0,9999.0,1,2010,-1.0,-1,-1,9,,99,6,,,
966,27,3,6,2,18,2,99,1,35,1,4.0,3.0,2007.0,1,2010,-1.0,-1,-1,1,,99,6,,,
967,27,3,6,2,18,2,99,1,35,1,4.0,1.0,9999.0,1,2010,-1.0,-1,-1,1,,99,6,,,
968,31,7,6,2,9,2,99,9,999,9,99.0,3.0,9999.0,1,2010,-1.0,-1,-1,9,,99,6,,,
969,31,7,6,2,9,2,99,1,30,9,4.0,3.0,9999.0,1,2010,-1.0,-1,-1,1,,99,6,,,
970,1,7,4,2,1,1,17,9,999,9,3.0,2.0,9999.0,2,2010,-1.0,-1,-1,9,,99,6,,,
971,2,8,1,2,1,1,11,1,34,1,4.0,5.0,9999.0,2,2010,-1.0,-1,-1,1,,99,6,,,
972,4,2,4,2,13,2,99,9,999,9,3.0,99.0,9999.0,3,2010,-1.0,-1,-1,9,,99,6,,,
973,2,8,1,2,12,2,99,9,999,9,3.0,7.0,9999.0,2,2010,-1.0,-1,-1,9,,99,6,,,
974,1,5,6,2,15,2,99,1,59,2,1.0,2.0,2007.0,2,2010,-1.0,-1,-1,1,,99,6,,,
975,4,9,6,2,1,1,24,1,30,2,4.0,1.0,9999.0,4,2010,-1.0,-1,-1,1,,99,6,,,
976,2,5,7,2,7,2,99,1,19,1,3.0,5.0,9999.0,2,2010,-1.0,-1,-1,1,,99,6,,,
977,5,9,7,2,5,2,99,1,35,2,2.0,5.0,9999.0,3,2010,-1.0,-1,-1,1,,99,6,,,
978,8,10,5,2,15,1,99,1,36,2,2.0,5.0,1995.0,2,2010,-1.0,-1,-1,1,,99,6,,,
979,9,11,2,2,6,2,99,1,32,9,1.0,5.0,1988.0,2,2010,-1.0,-1,-1,1,,99,6,,,
980,11,11,4,2,12,2,99,1,46,9,3.0,3.0,9999.0,2,2010,-1.0,-1,-1,1,,99,6,,,
981,16,6,3,2,1,1,2,1,19,1,4.0,5.0,9999.0,4,2010,-1.0,-1,-1,1,,99,6,,,
982,20,2,6,2,1,2,99,1,33,9,3.0,99.0,1995.0,2,2010,-1.0,-1,-1,1,,99,6,,,
983,15,9,3,2,7,2,99,1,26,9,4.0,99.0,9999.0,2,2010,-1.0,-1,-1,1,,99,6,,,
984,20,11,7,2,1,1,7,2,38,2,1.0,3.0,2002.0,2,2010,-1.0,-1,-1,1,,99,6,,,
985,25,1,1,2,14,2,99,1,24,9,4.0,99.0,9999.0,4,2010,-1.0,-1,-1,1,,99,6,,,
986,24,10,7,2,3,2,99,1,22,2,3.0,2.0,9999.0,4,2010,-1.0,-1,-1,1,,99,6,,,
987,21,11,7,2,16,1,2,1,28,2,4.0,4.0,2004.0,1,2010,-1.0,-1,-1,1,,99,6,,,
988,21,8,6,2,1,1,16,1,24,1,1.0,5.0,2000.0,2,2010,-1.0,-1,-1,1,,99,6,,,
989,22,5,6,2,3,2,99,1,20,2,1.0,1.0,1992.0,2,2010,-1.0,-1,-1,1,,99,6,,,
990,22,8,7,2,9,1,3,9,999,9,2.0,4.0,9999.0,2,2010,-1.0,-1,-1,9,,99,6,,,
991,18,4,7,2,5,1,1,1,25,1,3.0,2.0,1995.0,2,2010,-1.0,-1,-1,1,,99,6,,,
992,30,10,6,2,16,2,99,1,32,9,99.0,99.0,9999.0,3,2010,-1.0,-1,-1,1,,99,6,,,
993,24,7,6,2,5,2,99,1,36,2,4.0,9.0,9999.0,4,2010,-1.0,-1,-1,1,,99,6,,,
994,29,5,6,2,1,2,99,1,45,2,2.0,1.0,1990.0,1,2010,-1.0,-1,-1,1,,99,6,,,
995,25,3,4,2,1,2,99,1,18,2,1.0,4.0,1999.0,2,2010,-1.0,-1,-1,1,,99,6,,,
996,25,4,7,2,5,2,99,1,28,1,3.0,99.0,2006.0,2,2010,-1.0,-1,-1,1,,99,6,,,
997,28,4,3,2,12,2,99,9,999,9,2.0,14.0,9999.0,3,2010,-1.0,-1,-1,9,,99,6,,,
998,1,3,1,3,1,2,99,1,29,9,3.0,4.0,9999.0,1,2010,-1.0,-1,-1,1,,99,6,,,
999,1,3,1,3,1,2,99,1,42,9,4.0,5.0,9999.0,1,2010,-1.0,-1,-1,1,,99,6,,,
1000,2,8,1,3,1,1,1,1,44,1,11.0,2.0,2007.0,1,2010,-1.0,-1,-1,1,,99,6,,,
1001,3,1,7,3,9,2,99,9,999,9,1.0,99.0,2000.0,1,2010,-1.0,-1,-1,9,,99,6,,,
1002,3,1,7,3,9,2,99,9,999,9,3.0,8.0,9999.0,1,2010,-1.0,-1,-1,9,,99,6,,,
1003,4,7,7,3,2,2,99,1,43,1,1.0,2.0,1981.0,1,2010,-1.0,-1,-1,1,,99,6,,,
1004,4,7,7,3,2,2,99,1,29,1,3.0,9.0,1992.0,1,2010,-1.0,-1,-1,1,,99,6,,,
1005,2,5,7,3,1,1,18,1,46,2,10.0,2.0,2010.0,1,2010,-1.0,-1,-1,1,,99,6,,,
1006,2,5,7,3,1,1,18,1,63,1,1.0,4.0,9999.0,1,2010,-1.0,-1,-1,1,,99,6,,,
1007,6,6,7,3,5,2,99,1,28,1,2.0,6.0,9999.0,1,2010,-1.0,-1,-1,1,,99,6,,,
1008,3,4,6,3,18,2,99,9,999,9,99.0,99.0,9999.0,1,2010,-1.0,-1,-1,9,,99,6,,,
1009,3,4,6,3,18,2,99,1,62,1,8.0,99.0,9999.0,1,2010,-1.0,-1,-1,1,,99,6,,,
1010,11,1,1,3,5,2,99,9,999,9,99.0,99.0,9999.0,1,2010,-1.0,-1,-1,9,,99,6,,,
1011,7,11,7,3,16,1,12,9,999,9,99.0,99.0,9999.0,1,2010,-1.0,-1,-1,9,,99,6,,,
1012,7,11,7,3,16,1,12,1,37,9,4.0,99.0,9999.0,1,2010,-1.0,-1,-1,1,,99,6,,,
1013,13,10,3,3,1,1,11,1,22,1,1.0,5.0,1996.0,1,2010,-1.0,-1,-1,1,,99,6,,,
1014,13,10,3,3,1,1,11,2,26,1,4.0,4.0,2010.0,1,2010,-1.0,-1,-1,1,,99,6,,,
1015,13,10,3,3,1,1,11,1,31,1,1.0,3.0,9999.0,1,2010,-1.0,-1,-1,1,,99,6,,,
1016,12,8,4,3,1,1,9,1,999,1,3.0,5.0,9999.0,1,2010,-1.0,-1,-1,9,,99,6,,,
1017,12,8,4,3,1,1,9,1,44,2,3.0,1.0,9999.0,1,2010,-1.0,-1,-1,1,,99,6,,,
1018,14,5,5,3,1,1,9,1,25,9,1.0,5.0,2009.0,1,2010,-1.0,-1,-1,1,,99,6,,,
1019,14,5,5,3,1,1,9,1,18,9,4.0,5.0,9999.0,1,2010,-1.0,-1,-1,1,,99,6,,,
1020,17,10,7,3,9,1,1,1,36,1,4.0,7.0,9999.0,1,2010,-1.0,-1,-1,1,,99,6,,,
1021,17,10,7,3,9,1,1,1,25,1,4.0,3.0,9999.0,1,2010,-1.0,-1,-1,1,,99,6,,,
1022,17,10,7,3,18,2,99,9,999,9,99.0,99.0,9999.0,1,2010,-1.0,-1,-1,9,,99,6,,,
1023,14,3,7,3,11,2,99,1,28,2,3.0,3.0,1987.0,1,2010,-1.0,-1,-1,1,,99,6,,,
1024,14,3,7,3,11,2,99,1,27,9,3.0,1.0,1996.0,1,2010,-1.0,-1,-1,1,,99,6,,,
1025,22,10,5,3,12,2,99,9,999,1,2.0,3.0,9999.0,1,2010,-1.0,-1,-1,9,,99,6,,,
1026,22,10,5,3,12,2,99,1,38,1,9.0,3.0,9999.0,1,2010,-1.0,-1,-1,1,,99,6,,,
1027,22,6,2,3,1,1,3,1,28,1,6.0,6.0,1998.0,1,2010,-1.0,-1,-1,1,,99,6,,,
1028,22,6,2,3,1,1,3,1,27,1,1.0,3.0,9999.0,1,2010,-1.0,-1,-1,1,,99,6,,,
1029,20,11,7,3,1,1,10,1,27,2,1.0,2.0,1981.0,1,2010,-1.0,-1,-1,1,,99,6,,,
1030,20,11,7,3,1,1,10,1,26,1,1.0,2.0,1987.0,1,2010,-1.0,-1,-1,1,,99,6,,,
1031,27,2,6,3,1,1,3,9,999,9,1.0,99.0,9999.0,1,2010,-1.0,-1,-1,9,,99,6,,,
1032,27,2,6,3,1,1,3,1,29,9,4.0,1.0,9999.0,1,2010,-1.0,-1,-1,1,,99,6,,,
1033,21,8,6,3,1,1,1,1,24,2,1.0,2.0,2006.0,1,2010,-1.0,-1,-1,1,,99,6,,,
1034,21,8,6,3,1,1,1,1,25,2,1.0,6.0,9999.0,1,2010,-1.0,-1,-1,1,,99,6,,,
1035,31,1,7,3,1,2,99,1,58,9,1.0,9.0,9999.0,1,2010,-1.0,-1,-1,1,,99,6,,,
1036,31,1,7,3,1,2,99,1,30,9,2.0,4.0,9999.0,1,2010,-1.0,-1,-1,1,,99,6,,,
1037,31,1,7,3,22,2,99,9,999,9,3.0,8.0,1991.0,1,2010,-1.0,-1,-1,9,,99,6,,,
1038,31,1,7,3,22,2,99,9,999,9,3.0,4.0,1994.0,1,2010,-1.0,-1,-1,9,,99,6,,,
1039,31,1,7,3,22,2,99,2,26,2,1.0,4.0,2004.0,1,2010,-1.0,-1,-1,1,,99,6,,,
1040,23,12,4,3,1,1,1,1,39,1,1.0,2.0,2000.0,1,2010,-1.0,-1,-1,1,,99,6,,,
1041,23,12,4,3,1,1,1,9,999,9,6.0,2.0,2001.0,1,2010,-1.0,-1,-1,9,,99,6,,,
1042,23,12,4,3,1,1,1,1,39,1,1.0,2.0,2003.0,1,2010,-1.0,-1,-1,1,,99,6,,,
1043,18,4,7,3,5,1,1,2,36,1,1.0,6.0,1998.0,1,2010,-1.0,-1,-1,1,,99,6,,,
1044,18,4,7,3,5,1,1,1,27,1,4.0,6.0,2006.0,1,2010,-1.0,-1,-1,1,,99,6,,,
1045,18,4,7,3,16,2,99,9,999,9,5.0,99.0,9999.0,1,2010,-1.0,-1,-1,9,,99,6,,,
1046,18,4,7,3,16,2,99,1,999,9,3.0,99.0,9999.0,1,2010,-1.0,-1,-1,9,,99,6,,,
1047,29,11,1,3,1,1,99,1,22,9,6.0,3.0,9999.0,1,2010,-1.0,-1,-1,1,,99,6,,,
1048,29,11,1,3,1,1,99,1,39,2,1.0,4.0,9999.0,1,2010,-1.0,-1,-1,1,,99,6,,,
1049,27,9,1,3,9,1,1,9,999,9,3.0,2.0,2004.0,1,2010,-1.0,-1,-1,9,,99,6,,,
1050,27,9,1,3,9,1,1,1,22,1,3.0,5.0,9999.0,1,2010,-1.0,-1,-1,1,,99,6,,,
1051,1,5,6,3,10,2,99,1,28,2,1.0,5.0,2005.0,2,2010,-1.0,-1,-1,1,,99,6,,,
1052,3,3,3,3,19,2,99,1,46,2,6.0,2.0,1993.0,3,2010,-1.0,-1,-1,1,,99,6,,,
1053,4,10,1,3,1,2,99,1,28,2,6.0,5.0,9999.0,2,2010,-1.0,-1,-1,1,,99,6,,,
1054,2,5,7,3,1,1,5,1,27,1,4.0,5.0,9999.0,2,2010,-1.0,-1,-1,1,,99,6,,,
1055,14,2,7,3,9,1,1,1,28,2,4.0,2.0,2002.0,4,2010,-1.0,-1,-1,1,,99,6,,,
1056,12,10,2,3,4,2,99,1,34,1,1.0,4.0,9999.0,2,2010,-1.0,-1,-1,1,,99,6,,,
1057,11,12,6,3,1,1,16,9,999,9,2.0,6.0,9999.0,2,2010,-1.0,-1,-1,9,,99,6,,,
1058,14,10,4,3,13,2,99,1,999,9,7.0,2.0,9999.0,4,2010,-1.0,-1,-1,9,,99,6,,,
1059,17,1,7,3,12,2,99,9,999,9,1.0,4.0,2003.0,3,2010,-1.0,-1,-1,9,,99,6,,,
1060,13,7,2,3,9,1,99,9,999,9,3.0,3.0,9999.0,2,2010,-1.0,-1,-1,9,,99,6,,,
1061,16,5,7,3,5,2,99,1,29,2,4.0,5.0,9999.0,2,2010,-1.0,-1,-1,1,,99,6,,,
1062,20,11,6,3,1,1,6,1,28,9,4.0,3.0,9999.0,2,2010,-1.0,-1,-1,1,,99,6,,,
1063,11,4,7,3,12,2,99,1,43,9,3.0,99.0,9999.0,4,2010,-1.0,-1,-1,1,,99,6,,,
1064,27,1,3,3,1,1,4,1,51,2,1.0,6.0,9999.0,2,2010,-1.0,-1,-1,1,,99,6,,,
1065,20,3,6,3,1,1,14,1,20,9,1.0,11.0,1999.0,2,2010,-1.0,-1,-1,1,,99,6,,,
1066,26,6,6,3,17,2,99,1,25,9,4.0,99.0,9999.0,4,2010,-1.0,-1,-1,1,,99,6,,,
1067,20,3,6,3,12,2,99,1,39,1,9.0,2.0,2008.0,3,2010,-1.0,-1,-1,1,,99,6,,,
1068,27,10,3,3,3,2,99,1,22,9,2.0,2.0,2005.0,3,2010,-1.0,-1,-1,1,,99,6,,,
1069,28,10,4,3,1,1,12,1,22,9,1.0,4.0,9999.0,2,2010,-1.0,-1,-1,1,,99,6,,,
1070,22,8,7,3,1,1,9,1,37,2,1.0,6.0,9999.0,2,2010,-1.0,-1,-1,1,,99,6,,,
1071,18,4,7,3,16,2,99,1,22,2,4.0,99.0,9999.0,4,2010,-1.0,-1,-1,1,,99,6,,,
1072,21,11,7,3,5,2,99,1,19,9,1.0,4.0,9999.0,2,2010,-1.0,-1,-1,1,,99,6,,,
1073,30,5,7,3,14,2,99,1,26,1,3.0,1.0,9999.0,13,2010,-1.0,-1,-1,1,,99,6,,,
1074,26,4,1,3,21,2,99,1,21,2,99.0,1.0,2002.0,2,2010,-1.0,-1,-1,1,,99,6,,,
1075,1,2,1,4,1,1,1,1,47,2,2.0,10.0,1984.0,1,2010,-1.0,-1,-1,1,,99,6,,,
1076,1,2,1,4,1,1,1,2,37,2,1.0,1.0,1993.0,1,2010,-1.0,-1,-1,1,,99,6,,,
1077,1,7,4,4,1,1,1,1,22,2,1.0,1.0,1978.0,1,2010,-1.0,-1,-1,1,,99,6,,,
1078,1,7,4,4,1,1,1,9,999,9,5.0,99.0,9999.0,1,2010,-1.0,-1,-1,9,,99,6,,,
1079,3,10,7,4,9,2,99,1,27,1,1.0,2.0,9999.0,1,2010,-1.0,-1,-1,1,,99,6,,,
1080,3,10,7,4,9,2,99,1,32,2,3.0,4.0,9999.0,1,2010,-1.0,-1,-1,1,,99,6,,,
1081,4,9,6,4,1,2,99,1,20,2,1.0,11.0,2002.0,1,2010,-1.0,-1,-1,1,,99,6,,,
1082,4,9,6,4,1,2,99,1,19,2,1.0,3.0,2003.0,1,2010,-1.0,-1,-1,1,,99,6,,,
1083,2,5,7,4,1,2,99,9,999,9,1.0,99.0,9999.0,1,2010,-1.0,-1,-1,9,,99,6,,,
1084,5,9,7,4,1,1,10,1,26,2,1.0,4.0,9999.0,1,2010,-1.0,-1,-1,1,,99,6,,,
1085,5,9,7,4,1,1,10,1,26,1,4.0,4.0,9999.0,1,2010,-1.0,-1,-1,1,,99,6,,,
1086,5,9,7,4,18,2,99,1,29,1,5.0,2.0,9999.0,1,2010,-1.0,-1,-1,1,,99,6,,,
1087,5,9,7,4,18,2,99,1,999,1,3.0,5.0,9999.0,1,2010,-1.0,-1,-1,9,,99,6,,,
1088,5,9,7,4,18,2,99,1,30,1,3.0,5.0,9999.0,1,2010,-1.0,-1,-1,1,,99,6,,,
1089,8,12,3,4,1,1,12,1,43,9,6.0,2.0,1995.0,1,2010,-1.0,-1,-1,1,,99,6,,,
1090,10,12,5,4,1,1,5,1,24,1,4.0,1.0,1998.0,1,2010,-1.0,-1,-1,1,,99,6,,,
1091,10,12,5,4,1,1,5,1,27,2,3.0,3.0,2005.0,1,2010,-1.0,-1,-1,1,,99,6,,,
1092,13,7,2,4,19,2,99,1,29,1,1.0,4.0,2003.0,1,2010,-1.0,-1,-1,1,,99,6,,,
1093,13,7,2,4,19,2,99,1,57,1,4.0,2.0,9999.0,1,2010,-1.0,-1,-1,1,,99,6,,,
1094,11,8,3,4,5,2,99,9,999,9,6.0,99.0,9999.0,1,2010,-1.0,-1,-1,9,,99,6,,,
1095,16,11,2,4,4,2,99,1,24,9,3.0,2.0,2008.0,1,2010,-1.0,-1,-1,1,,99,6,,,
1096,16,11,2,4,4,2,99,1,25,9,5.0,99.0,9999.0,1,2010,-1.0,-1,-1,1,,99,6,,,
1097,20,2,6,4,10,2,99,1,33,9,3.0,5.0,1988.0,1,2010,-1.0,-1,-1,1,,99,6,,,
1098,20,2,6,4,10,2,99,9,999,9,6.0,99.0,9999.0,1,2010,-1.0,-1,-1,9,,99,6,,,
1099,15,5,6,4,20,2,99,1,38,1,9.0,1.0,2007.0,1,2010,-1.0,-1,-1,1,,99,6,,,
1100,15,8,7,4,1,1,99,1,25,9,1.0,7.0,1989.0,1,2010,-1.0,-1,-1,1,,99,6,,,
1101,15,8,7,4,1,1,99,2,37,9,1.0,99.0,2007.0,1,2010,-1.0,-1,-1,1,,99,6,,,
1102,21,6,1,4,1,1,4,1,25,1,3.0,1.0,1987.0,1,2010,-1.0,-1,-1,1,,99,6,,,
1103,21,6,1,4,1,1,4,9,999,9,1.0,2.0,2003.0,1,2010,-1.0,-1,-1,9,,99,6,,,
1104,17,9,5,4,1,2,99,1,23,1,5.0,2.0,1985.0,1,2010,-1.0,-1,-1,1,,99,6,,,
1105,17,9,5,4,1,2,99,1,29,1,3.0,4.0,9999.0,1,2010,-1.0,-1,-1,1,,99,6,,,
1106,23,1,6,4,18,2,99,9,999,9,6.0,2.0,1995.0,1,2010,-1.0,-1,-1,9,,99,6,,,
1107,19,5,3,4,1,1,1,1,47,2,99.0,6.0,1998.0,1,2010,-1.0,-1,-1,1,,99,6,,,
1108,19,5,3,4,1,1,1,1,22,9,99.0,11.0,9999.0,1,2010,-1.0,-1,-1,1,,99,6,,,
1109,18,9,6,4,1,1,18,9,999,9,1.0,2.0,9999.0,1,2010,-1.0,-1,-1,9,,99,6,,,
1110,18,9,6,4,1,1,18,1,32,1,10.0,2.0,9999.0,1,2010,-1.0,-1,-1,1,,99,6,,,
1111,11,4,7,4,18,2,99,9,999,9,12.0,2.0,2005.0,1,2010,-1.0,-1,-1,9,,99,6,,,
1112,11,4,7,4,18,2,99,9,999,9,3.0,5.0,9999.0,1,2010,-1.0,-1,-1,9,,99,6,,,
1113,20,3,6,4,10,2,99,1,30,9,4.0,3.0,9999.0,1,2010,-1.0,-1,-1,1,,99,6,,,
1114,24,7,6,4,1,1,6,9,999,9,5.0,99.0,9999.0,1,2010,-1.0,-1,-1,9,,99,6,,,
1115,29,5,6,4,3,2,99,1,33,2,3.0,4.0,9999.0,1,2010,-1.0,-1,-1,1,,99,6,,,
1116,29,5,6,4,3,2,99,9,999,9,3.0,5.0,9999.0,1,2010,-1.0,-1,-1,9,,99,6,,,
1117,30,9,4,4,9,1,7,9,999,9,1.0,1.0,2000.0,1,2010,-1.0,-1,-1,9,,99,6,,,
1118,29,8,7,4,1,2,99,1,28,1,3.0,3.0,1988.0,1,2010,-1.0,-1,-1,1,,99,6,,,
1119,29,8,7,4,1,2,99,1,24,1,3.0,4.0,1990.0,1,2010,-1.0,-1,-1,1,,99,6,,,
1120,28,3,7,4,1,1,7,1,26,1,4.0,5.0,9999.0,1,2010,-1.0,-1,-1,1,,99,6,,,
1121,30,7,5,4,18,1,99,1,26,9,1.0,5.0,9999.0,1,2010,-1.0,-1,-1,1,,99,6,,,
1122,1,11,1,4,17,2,99,1,23,9,4.0,99.0,9999.0,2,2010,-1.0,-1,-1,1,,99,6,,,
1123,4,12,6,4,1,1,1,1,20,9,1.0,2.0,9999.0,1,2010,-1.0,-1,-1,1,,99,6,,,
1124,2,5,7,4,1,2,99,9,999,9,99.0,99.0,9999.0,2,2010,-1.0,-1,-1,9,,99,6,,,
1125,13,11,6,4,1,1,2,1,28,2,1.0,5.0,1998.0,2,2010,-1.0,-1,-1,1,,99,6,,,
1126,8,4,4,4,13,2,99,1,41,1,3.0,2.0,1991.0,4,2010,-1.0,-1,-1,1,,99,6,,,
1127,15,9,3,4,5,2,99,1,40,1,6.0,10.0,9999.0,2,2010,-1.0,-1,-1,1,,99,6,,,
1128,18,12,6,4,7,2,99,1,32,1,3.0,4.0,9999.0,3,2010,-1.0,-1,-1,1,,99,6,,,
1129,21,8,6,4,18,2,99,1,24,2,1.0,5.0,1997.0,2,2010,-1.0,-1,-1,1,,99,6,,,
1130,22,8,7,4,1,1,13,1,39,9,3.0,1.0,1987.0,2,2010,-1.0,-1,-1,1,,99,6,,,
1131,24,12,5,4,9,2,99,1,38,1,3.0,1.0,2000.0,2,2010,-1.0,-1,-1,1,,99,6,,,
1132,29,5,6,4,1,1,12,1,40,1,10.0,2.0,9999.0,2,2010,-1.0,-1,-1,1,,99,6,,,
1133,31,3,3,4,16,1,7,1,47,2,2.0,99.0,9999.0,2,2010,-1.0,-1,-1,1,,99,6,,,
1134,31,7,6,4,16,1,99,1,22,9,2.0,99.0,9999.0,2,2010,-1.0,-1,-1,1,,99,6,,,
1135,3,7,6,5,12,2,99,1,33,1,2.0,9.0,2004.0,1,2010,-1.0,-1,-1,1,,99,6,,,
1136,3,7,6,5,12,2,99,1,19,1,3.0,1.0,9999.0,1,2010,-1.0,-1,-1,1,,99,6,,,
1137,3,12,5,5,18,2,99,9,999,9,5.0,99.0,1984.0,1,2010,-1.0,-1,-1,9,,99,6,,,
1138,3,12,5,5,18,2,99,1,26,9,4.0,99.0,1984.0,1,2010,-1.0,-1,-1,1,,99,6,,,
1139,1,5,6,5,14,1,5,9,999,9,99.0,99.0,9999.0,1,2010,-1.0,-1,-1,9,,99,6,,,
1140,1,5,6,5,14,1,5,1,27,9,4.0,99.0,9999.0,1,2010,-1.0,-1,-1,1,,99,6,,,
1141,2,4,5,5,17,2,99,1,22,1,4.0,99.0,9999.0,1,2010,-1.0,-1,-1,1,,99,6,,,
1142,2,4,5,5,17,2,99,1,27,1,14.0,99.0,9999.0,1,2010,-1.0,-1,-1,1,,99,6,,,
1143,5,12,7,5,10,1,99,1,34,2,1.0,14.0,1983.0,1,2010,-1.0,-1,-1,1,,99,6,,,
1144,5,12,7,5,10,1,99,1,999,9,99.0,5.0,9999.0,1,2010,-1.0,-1,-1,9,,99,6,,,
1145,6,8,5,5,1,2,99,1,27,1,5.0,2.0,9999.0,1,2010,-1.0,-1,-1,1,,99,6,,,
1146,6,8,5,5,1,2,99,1,32,1,5.0,2.0,9999.0,1,2010,-1.0,-1,-1,1,,99,6,,,
1147,9,6,3,5,1,1,15,1,33,1,6.0,2.0,1995.0,1,2010,-1.0,-1,-1,1,,99,6,,,
1148,9,6,3,5,1,1,15,1,45,2,1.0,14.0,9999.0,1,2010,-1.0,-1,-1,1,,99,6,,,
1149,6,5,4,5,1,1,1,1,35,1,1.0,1.0,2007.0,1,2010,-1.0,-1,-1,1,,99,6,,,
1150,6,5,4,5,1,1,1,1,39,1,3.0,4.0,9999.0,1,2010,-1.0,-1,-1,1,,99,6,,,
1151,9,12,4,5,1,2,99,1,35,1,10.0,2.0,2002.0,1,2010,-1.0,-1,-1,1,,99,6,,,
1152,9,12,4,5,1,2,99,1,999,2,10.0,2.0,2007.0,1,2010,-1.0,-1,-1,9,,99,6,,,
1153,15,1,5,5,20,2,99,1,47,1,1.0,10.0,1994.0,1,2010,-1.0,-1,-1,1,,99,6,,,
1154,15,1,5,5,20,2,99,9,999,9,6.0,99.0,9999.0,1,2010,-1.0,-1,-1,9,,99,6,,,
1155,13,10,3,5,9,1,99,1,41,1,4.0,99.0,9999.0,1,2010,-1.0,-1,-1,1,,99,6,,,
1156,13,10,3,5,9,1,99,9,999,9,3.0,99.0,9999.0,1,2010,-1.0,-1,-1,9,,99,6,,,
1157,15,11,1,5,1,2,99,1,44,1,1.0,3.0,9999.0,1,2010,-1.0,-1,-1,1,,99,6,,,
1158,15,11,1,5,1,2,99,9,999,9,3.0,8.0,9999.0,1,2010,-1.0,-1,-1,9,,99,6,,,
1159,20,1,3,5,5,2,99,1,27,1,6.0,2.0,1994.0,1,2010,-1.0,-1,-1,1,,99,6,,,
1160,20,1,3,5,5,2,99,1,42,1,3.0,3.0,2008.0,1,2010,-1.0,-1,-1,1,,99,6,,,
1161,16,7,5,5,16,2,99,1,34,1,1.0,6.0,1994.0,1,2010,-1.0,-1,-1,1,,99,6,,,
1162,16,7,5,5,16,2,99,1,35,1,1.0,8.0,9999.0,1,2010,-1.0,-1,-1,1,,99,6,,,
1163,23,10,6,5,4,2,99,1,48,1,3.0,11.0,1992.0,1,2010,-1.0,-1,-1,1,,99,6,,,
1164,23,10,6,5,4,2,99,1,32,1,12.0,1.0,9999.0,1,2010,-1.0,-1,-1,1,,99,6,,,
1165,18,12,6,5,1,1,9,1,33,2,1.0,5.0,1994.0,1,2010,-1.0,-1,-1,1,,99,6,,,
1166,18,12,6,5,1,1,9,1,28,1,1.0,5.0,9999.0,1,2010,-1.0,-1,-1,1,,99,6,,,
1167,20,8,5,5,1,1,1,1,29,2,1.0,5.0,2006.0,1,2010,-1.0,-1,-1,1,,99,6,,,
1168,20,8,5,5,1,1,1,2,26,1,1.0,4.0,2007.0,1,2010,-1.0,-1,-1,1,,99,6,,,
1169,21,11,7,5,16,2,99,1,41,1,1.0,1.0,9999.0,2,2010,-1.0,-1,-1,1,,99,6,,,
1170,21,7,3,5,5,2,99,1,43,9,7.0,99.0,9999.0,1,2010,-1.0,-1,-1,1,,99,6,,,
1171,21,7,3,5,5,2,99,9,999,9,99.0,99.0,9999.0,1,2010,-1.0,-1,-1,9,,99,6,,,
1172,29,1,5,5,19,2,99,1,45,9,7.0,7.0,9999.0,1,2010,-1.0,-1,-1,1,,99,6,,,
1173,29,1,5,5,19,2,99,1,49,9,9.0,6.0,9999.0,1,2010,-1.0,-1,-1,1,,99,6,,,
1174,27,6,7,5,9,1,1,1,44,1,3.0,6.0,1992.0,1,2010,-1.0,-1,-1,1,,99,6,,,
1175,27,6,7,5,9,1,1,1,24,1,1.0,5.0,2007.0,1,2010,-1.0,-1,-1,1,,99,6,,,
1176,23,12,4,5,1,2,99,1,31,1,6.0,2.0,9999.0,1,2010,-1.0,-1,-1,1,,99,6,,,
1177,23,12,4,5,1,2,99,1,20,1,4.0,4.0,9999.0,1,2010,-1.0,-1,-1,1,,99,6,,,
1178,27,11,6,5,3,2,99,1,34,2,1.0,3.0,1994.0,1,2010,-1.0,-1,-1,1,,99,6,,,
1179,27,11,6,5,3,2,99,1,59,1,2.0,11.0,2008.0,1,2010,-1.0,-1,-1,1,,99,6,,,
1180,30,8,1,5,1,1,1,1,18,1,1.0,9.0,1989.0,1,2010,-1.0,-1,-1,1,,99,6,,,
1181,30,8,1,5,1,1,1,1,34,1,3.0,5.0,2005.0,1,2010,-1.0,-1,-1,1,,99,6,,,
1182,23,4,5,5,6,2,99,1,46,1,12.0,3.0,1976.0,1,2010,-1.0,-1,-1,1,,99,6,,,
1183,23,4,5,5,6,2,99,1,35,1,1.0,9.0,2007.0,1,2010,-1.0,-1,-1,1,,99,6,,,
1184,1,4,4,5,1,1,11,1,28,2,1.0,6.0,1997.0,3,2010,-1.0,-1,-1,1,,99,6,,,
1185,3,9,5,5,11,2,99,1,31,1,1.0,9.0,9999.0,2,2010,-1.0,-1,-1,1,,99,6,,,
1186,4,11,4,5,3,2,99,9,999,9,12.0,3.0,1987.0,3,2010,-1.0,-1,-1,9,,99,6,,,
1187,6,6,7,5,12,2,99,9,999,9,5.0,99.0,9999.0,3,2010,-1.0,-1,-1,9,,99,6,,,
1188,2,4,5,5,4,2,99,9,999,9,3.0,2.0,1996.0,4,2010,-1.0,-1,-1,9,,99,6,,,
1189,8,1,5,5,1,1,7,1,24,2,9.0,11.0,2007.0,2,2010,-1.0,-1,-1,1,,99,6,,,
1190,4,5,2,5,5,2,99,9,999,9,12.0,99.0,9999.0,99,2010,-1.0,-1,-1,9,,99,6,,,
1191,6,5,4,5,2,2,99,1,55,1,9.0,2.0,2007.0,3,2010,-1.0,-1,-1,1,,99,6,,,
1192,15,1,5,5,1,2,99,1,31,9,1.0,2.0,1994.0,2,2010,-1.0,-1,-1,1,,99,6,,,
1193,10,12,5,5,1,1,11,1,38,1,5.0,2.0,2005.0,2,2010,-1.0,-1,-1,1,,99,6,,,
1194,11,12,6,5,1,1,12,1,31,1,2.0,3.0,1986.0,2,2010,-1.0,-1,-1,1,,99,6,,,
1195,14,10,4,5,1,2,99,1,18,1,4.0,1.0,9999.0,3,2010,-1.0,-1,-1,1,,99,6,,,
1196,11,12,6,5,5,1,1,2,26,2,2.0,6.0,9999.0,2,2010,-1.0,-1,-1,1,,99,6,,,
1197,16,1,6,5,1,1,5,1,23,2,1.0,1.0,9999.0,2,2010,-1.0,-1,-1,1,,99,6,,,
1198,11,7,7,5,3,2,99,1,20,2,2.0,5.0,9999.0,1,2010,-1.0,-1,-1,1,,99,6,,,
1199,12,12,7,5,11,2,99,1,23,1,3.0,3.0,1986.0,3,2010,-1.0,-1,-1,1,,99,6,,,
1200,17,7,6,5,9,2,99,1,21,2,1.0,8.0,1986.0,2,2010,-1.0,-1,-1,1,,99,6,,,
1201,19,8,4,5,1,1,15,9,999,1,10.0,99.0,9999.0,2,2010,-1.0,-1,-1,9,,99,6,,,
1202,27,6,7,5,5,2,99,1,22,1,4.0,3.0,9999.0,2,2010,-1.0,-1,-1,1,,99,6,,,
1203,26,11,5,5,1,2,99,1,56,1,7.0,1.0,1992.0,2,2010,-1.0,-1,-1,1,,99,6,,,
1204,23,9,4,5,16,2,99,1,30,1,2.0,2.0,9999.0,2,2010,-1.0,-1,-1,1,,99,6,,,
1205,24,7,6,5,1,1,5,1,29,1,10.0,2.0,9999.0,2,2010,-1.0,-1,-1,1,,99,6,,,
1206,24,8,2,5,10,2,99,9,999,9,3.0,5.0,9999.0,3,2010,-1.0,-1,-1,9,,99,6,,,
1207,30,5,7,5,1,1,9,1,29,1,1.0,4.0,9999.0,2,2010,-1.0,-1,-1,1,,99,6,,,
1208,31,12,5,5,12,2,99,1,24,9,3.0,2.0,1995.0,2,2010,-1.0,-1,-1,1,,99,6,,,
1209,31,12,5,5,1,1,1,1,49,9,4.0,1.0,9999.0,1,2010,-1.0,-1,-1,1,,99,6,,,
1210,2,12,4,6,1,1,12,1,27,9,1.0,1.0,1981.0,1,2010,-1.0,-1,-1,1,,99,6,,,
1211,2,12,4,6,1,1,12,1,22,9,3.0,6.0,2001.0,1,2010,-1.0,-1,-1,1,,99,6,,,
1212,3,9,5,6,5,2,99,1,19,1,4.0,5.0,2010.0,1,2010,-1.0,-1,-1,1,,99,6,,,
1213,3,9,5,6,5,2,99,9,999,9,3.0,99.0,9999.0,1,2010,-1.0,-1,-1,9,,99,6,,,
1214,2,6,3,6,4,2,99,1,24,1,3.0,3.0,2004.0,1,2010,-1.0,-1,-1,1,,99,6,,,
1215,2,6,3,6,4,2,99,1,999,1,3.0,5.0,9999.0,1,2010,-1.0,-1,-1,9,,99,6,,,
1216,4,3,4,6,21,2,99,9,999,9,5.0,99.0,9999.0,1,2010,-1.0,-1,-1,9,,99,6,,,
1217,2,5,7,6,9,1,1,1,34,2,99.0,14.0,1988.0,1,2010,-1.0,-1,-1,1,,99,6,,,
1218,2,5,7,6,9,1,1,1,38,1,3.0,9.0,1993.0,1,2010,-1.0,-1,-1,1,,99,6,,,
1219,7,6,1,6,12,2,99,1,24,1,4.0,3.0,9999.0,1,2010,-1.0,-1,-1,1,,99,6,,,
1220,7,6,1,6,12,2,99,1,56,1,3.0,6.0,9999.0,1,2010,-1.0,-1,-1,1,,99,6,,,
1221,10,2,3,6,1,1,1,9,999,9,6.0,2.0,9999.0,1,2010,-1.0,-1,-1,9,,99,6,,,
1222,8,6,2,6,1,1,12,9,999,9,1.0,1.0,2004.0,1,2010,-1.0,-1,-1,9,,99,6,,,
1223,8,6,2,6,1,1,12,1,72,1,2.0,2.0,2009.0,1,2010,-1.0,-1,-1,1,,99,6,,,
1224,6,8,5,6,1,1,5,1,43,2,1.0,16.0,1994.0,1,2010,-1.0,-1,-1,1,,99,6,,,
1225,6,8,5,6,1,1,5,1,44,1,9.0,10.0,2006.0,1,2010,-1.0,-1,-1,1,,99,6,,,
1226,6,9,1,6,22,2,99,1,22,1,1.0,2.0,9999.0,1,2010,-1.0,-1,-1,1,,99,6,,,
1227,6,9,1,6,22,2,99,1,53,1,3.0,5.0,9999.0,1,2010,-1.0,-1,-1,1,,99,6,,,
1228,6,9,1,6,22,2,99,1,60,1,12.0,6.0,9999.0,1,2010,-1.0,-1,-1,1,,99,6,,,
1229,8,10,5,6,9,2,99,1,45,1,3.0,2.0,1984.0,1,2010,-1.0,-1,-1,1,,99,6,,,
1230,8,10,5,6,9,2,99,1,44,9,4.0,1.0,2007.0,1,2010,-1.0,-1,-1,1,,99,6,,,
1231,8,7,4,6,5,2,99,1,27,2,1.0,6.0,1996.0,1,2010,-1.0,-1,-1,1,,99,6,,,
1232,8,7,4,6,5,2,99,1,30,1,3.0,5.0,9999.0,1,2010,-1.0,-1,-1,1,,99,6,,,
1233,13,1,3,6,1,1,10,1,33,9,5.0,2.0,2000.0,1,2010,-1.0,-1,-1,1,,99,6,,,
1234,13,1,3,6,1,1,10,1,38,9,12.0,8.0,2005.0,1,2010,-1.0,-1,-1,1,,99,6,,,
1235,4,4,7,6,13,2,99,9,999,9,5.0,2.0,9999.0,1,2010,-1.0,-1,-1,9,,99,6,,,
1236,4,4,7,6,13,2,99,1,21,1,9.0,99.0,9999.0,1,2010,-1.0,-1,-1,1,,99,6,,,
1237,11,9,6,6,1,1,99,9,999,1,1.0,7.0,9999.0,1,2010,-1.0,-1,-1,9,,99,6,,,
1238,11,9,6,6,1,1,99,1,23,1,1.0,5.0,9999.0,1,2010,-1.0,-1,-1,1,,99,6,,,
1239,5,4,1,6,2,2,99,1,30,1,1.0,9.0,2010.0,1,2010,-1.0,-1,-1,1,,99,6,,,
1240,5,4,1,6,2,2,99,1,40,1,3.0,4.0,2010.0,1,2010,-1.0,-1,-1,1,,99,6,,,
1241,10,5,1,6,1,1,12,2,62,1,1.0,6.0,1999.0,1,2010,-1.0,-1,-1,1,,99,6,,,
1242,10,5,1,6,1,1,12,1,33,1,10.0,2.0,2001.0,1,2010,-1.0,-1,-1,1,,99,6,,,
1243,14,11,7,6,5,2,99,1,36,1,6.0,2.0,2000.0,1,2010,-1.0,-1,-1,1,,99,6,,,
1244,16,10,6,6,1,2,99,1,37,1,1.0,4.0,2004.0,1,2010,-1.0,-1,-1,1,,99,6,,,
1245,16,10,6,6,1,2,99,1,23,1,7.0,2.0,1993.0,1,2010,-1.0,-1,-1,1,,99,6,,,
1246,16,10,6,6,1,2,99,1,999,1,3.0,99.0,9999.0,1,2010,-1.0,-1,-1,9,,99,6,,,
1247,15,11,1,6,5,2,99,9,999,9,1.0,99.0,9999.0,1,2010,-1.0,-1,-1,9,,99,6,,,
1248,18,1,1,6,5,2,99,9,999,9,6.0,8.0,1995.0,1,2010,-1.0,-1,-1,9,,99,6,,,
1249,18,1,1,6,5,2,99,1,36,9,1.0,5.0,2009.0,1,2010,-1.0,-1,-1,1,,99,6,,,
1250,16,11,2,6,1,1,1,1,38,9,12.0,99.0,9999.0,1,2010,-1.0,-1,-1,1,,99,6,,,
1251,16,11,2,6,1,1,1,9,999,9,99.0,99.0,9999.0,1,2010,-1.0,-1,-1,9,,99,6,,,
1252,15,7,4,6,20,2,99,1,39,2,1.0,2.0,1992.0,1,2010,-1.0,-1,-1,1,,99,6,,,
1253,15,7,4,6,20,2,99,1,52,1,1.0,11.0,1999.0,1,2010,-1.0,-1,-1,1,,99,6,,,
1254,15,7,4,6,4,2,99,9,999,9,7.0,2.0,9999.0,1,2010,-1.0,-1,-1,9,,99,6,,,
1255,15,5,6,6,5,1,1,1,37,1,7.0,6.0,1997.0,1,2010,-1.0,-1,-1,1,,99,6,,,
1256,15,5,6,6,5,1,1,1,35,1,4.0,99.0,9999.0,1,2010,-1.0,-1,-1,1,,99,6,,,
1257,18,5,2,6,4,2,99,1,20,9,12.0,3.0,9999.0,1,2010,-1.0,-1,-1,1,,99,6,,,
1258,24,1,7,6,5,2,99,1,35,9,5.0,2.0,2007.0,1,2010,-1.0,-1,-1,1,,99,6,,,
1259,19,5,3,6,22,2,99,1,26,1,12.0,11.0,1991.0,1,2010,-1.0,-1,-1,1,,99,6,,,
1260,19,5,3,6,22,2,99,1,15,1,4.0,5.0,9999.0,1,2010,-1.0,-1,-1,2,,99,6,,,
1261,19,5,3,6,18,2,99,1,39,1,5.0,99.0,1998.0,1,2010,-1.0,-1,-1,1,,99,6,,,
1262,19,5,3,6,18,2,99,1,37,1,3.0,5.0,9999.0,1,2010,-1.0,-1,-1,1,,99,6,,,
1263,25,6,5,6,20,2,99,1,32,2,6.0,2.0,1996.0,1,2010,-1.0,-1,-1,1,,99,6,,,
1264,25,6,5,6,20,2,99,1,30,1,2.0,9.0,2002.0,1,2010,-1.0,-1,-1,1,,99,6,,,
1265,19,12,7,6,1,1,7,9,999,9,1.0,8.0,9999.0,1,2010,-1.0,-1,-1,9,,99,6,,,
1266,19,3,5,6,18,2,99,1,41,9,5.0,99.0,1989.0,1,2010,-1.0,-1,-1,1,,99,6,,,
1267,19,3,5,6,18,2,99,1,33,9,6.0,99.0,1998.0,1,2010,-1.0,-1,-1,1,,99,6,,,
1268,27,2,6,6,2,1,99,1,39,9,4.0,99.0,9999.0,1,2010,-1.0,-1,-1,1,,99,6,,,
1269,27,2,6,6,2,1,99,9,999,9,3.0,99.0,9999.0,1,2010,-1.0,-1,-1,9,,99,6,,,
1270,20,9,1,6,5,2,99,1,35,1,5.0,2.0,2007.0,1,2010,-1.0,-1,-1,1,,99,6,,,
1271,20,9,1,6,5,2,99,1,25,1,3.0,3.0,9999.0,1,2010,-1.0,-1,-1,1,,99,6,,,
1272,24,11,3,6,12,2,99,1,35,1,3.0,9.0,9999.0,1,2010,-1.0,-1,-1,1,,99,6,,,
1273,24,11,3,6,12,2,99,1,51,1,5.0,14.0,9999.0,1,2010,-1.0,-1,-1,1,,99,6,,,
1274,29,6,2,6,1,1,3,2,19,1,1.0,2.0,2006.0,1,2010,-1.0,-1,-1,1,,99,6,,,
1275,29,6,2,6,1,1,3,1,26,1,12.0,1.0,9999.0,1,2010,-1.0,-1,-1,1,,99,6,,,
1276,21,12,2,6,9,2,99,1,23,1,3.0,9.0,1990.0,1,2010,-1.0,-1,-1,1,,99,6,,,
1277,21,12,2,6,9,2,99,1,38,1,5.0,2.0,2000.0,1,2010,-1.0,-1,-1,1,,99,6,,,
1278,31,1,7,6,6,2,99,9,999,9,7.0,6.0,9999.0,1,2010,-1.0,-1,-1,9,,99,6,,,
1279,30,10,6,6,1,2,99,1,27,9,16.0,2.0,1994.0,1,2010,-1.0,-1,-1,1,,99,6,,,
1280,30,10,6,6,1,2,99,1,23,9,1.0,4.0,1994.0,1,2010,-1.0,-1,-1,1,,99,6,,,
1281,29,5,6,6,19,2,99,1,53,1,3.0,2.0,2003.0,1,2010,-1.0,-1,-1,1,,99,6,,,
1282,26,12,7,6,15,2,99,1,32,1,9.0,2.0,2008.0,1,2010,-1.0,-1,-1,1,,99,6,,,
1283,26,12,7,6,15,2,99,1,35,1,2.0,6.0,9999.0,1,2010,-1.0,-1,-1,1,,99,6,,,
1284,30,3,2,6,9,2,99,9,999,9,3.0,3.0,1988.0,1,2010,-1.0,-1,-1,9,,99,6,,,
1285,30,3,2,6,9,2,99,1,32,1,6.0,6.0,2006.0,1,2010,-1.0,-1,-1,1,,99,6,,,
1286,27,4,2,6,17,2,99,1,30,1,4.0,3.0,2006.0,1,2010,-1.0,-1,-1,1,,99,6,,,
1287,27,4,2,6,17,2,99,1,27,1,9.0,2.0,2008.0,1,2010,-1.0,-1,-1,1,,99,6,,,
1288,30,4,5,6,4,2,99,1,28,1,1.0,1.0,1997.0,1,2010,-1.0,-1,-1,1,,99,6,,,
1289,30,4,5,6,4,2,99,1,21,1,4.0,1.0,2007.0,1,2010,-1.0,-1,-1,1,,99,6,,,
1290,1,5,6,6,1,1,9,1,24,2,1.0,4.0,9999.0,2,2010,-1.0,-1,-1,1,,99,6,,,
1291,1,7,4,6,1,2,99,9,999,9,1.0,5.0,1991.0,2,2010,-1.0,-1,-1,9,,99,6,,,
1292,1,8,7,6,13,2,99,1,22,2,3.0,99.0,9999.0,2,2010,-1.0,-1,-1,1,,99,6,,,
1293,1,1,5,6,9,1,2,1,23,9,1.0,5.0,1992.0,2,2010,-1.0,-1,-1,1,,99,6,,,
1294,1,4,4,6,5,2,99,1,25,1,1.0,6.0,9999.0,3,2010,-1.0,-1,-1,1,,99,6,,,
1295,7,9,2,6,17,2,99,1,999,9,3.0,99.0,9999.0,3,2010,-1.0,-1,-1,9,,99,6,,,
1296,11,6,5,6,1,1,18,1,30,1,5.0,99.0,9999.0,2,2010,-1.0,-1,-1,1,,99,6,,,
1297,15,1,5,6,5,2,99,1,25,1,9.0,2.0,2005.0,2,2010,-1.0,-1,-1,1,,99,6,,,
1298,11,7,7,6,1,1,10,9,999,9,1.0,2.0,9999.0,3,2010,-1.0,-1,-1,9,,99,6,,,
1299,13,9,1,6,1,1,10,1,26,1,1.0,4.0,9999.0,2,2010,-1.0,-1,-1,1,,99,6,,,
1300,12,5,3,6,11,2,99,1,44,1,2.0,1.0,1992.0,2,2010,-1.0,-1,-1,1,,99,6,,,
1301,15,8,7,6,1,1,4,1,999,9,1.0,9.0,1994.0,2,2010,-1.0,-1,-1,9,,99,6,,,
1302,21,1,4,6,5,2,99,1,54,9,7.0,6.0,9999.0,3,2010,-1.0,-1,-1,1,,99,6,,,
1303,16,3,2,6,1,1,5,1,42,9,1.0,10.0,9999.0,2,2010,-1.0,-1,-1,1,,99,6,,,
1304,20,11,6,6,6,2,99,1,27,9,3.0,11.0,1983.0,2,2010,-1.0,-1,-1,1,,99,6,,,
1305,28,1,4,6,20,1,99,1,20,9,4.0,99.0,9999.0,4,2010,-1.0,-1,-1,1,,99,6,,,
1306,22,11,1,6,5,2,99,1,25,1,5.0,99.0,9999.0,3,2010,-1.0,-1,-1,1,,99,6,,,
1307,20,12,1,6,19,2,99,1,45,2,3.0,9.0,1998.0,2,2010,-1.0,-1,-1,1,,99,6,,,
1308,31,1,7,6,8,2,99,9,999,9,3.0,2.0,9999.0,1,2010,-1.0,-1,-1,9,,99,6,,,
1309,24,8,2,6,16,2,99,1,999,1,9.0,99.0,9999.0,2,2010,-1.0,-1,-1,9,,99,6,,,
1310,28,3,7,6,1,2,99,1,37,1,1.0,5.0,9999.0,2,2010,-1.0,-1,-1,1,,99,6,,,
1311,30,4,5,6,1,1,8,2,26,2,1.0,16.0,9999.0,2,2010,-1.0,-1,-1,1,,99,6,,,
1312,1,5,6,7,1,1,1,1,29,1,4.0,4.0,9999.0,1,2010,-1.0,-1,-1,1,,99,6,,,
1313,1,5,6,7,1,1,1,9,999,9,99.0,99.0,9999.0,1,2010,-1.0,-1,-1,9,,99,6,,,
1314,1,9,3,7,2,2,99,1,18,1,2.0,4.0,2000.0,1,2010,-1.0,-1,-1,1,,99,6,,,
1315,1,9,3,7,2,2,99,1,30,1,1.0,4.0,2004.0,1,2010,-1.0,-1,-1,1,,99,6,,,
1316,1,3,1,7,1,1,11,1,55,9,1.0,10.0,1978.0,1,2010,-1.0,-1,-1,1,,99,6,,,
1317,1,3,1,7,1,1,11,1,33,9,4.0,99.0,9999.0,1,2010,-1.0,-1,-1,1,,99,6,,,
1318,1,6,2,7,3,2,99,1,30,1,3.0,2.0,1996.0,1,2010,-1.0,-1,-1,1,,99,6,,,
1319,1,6,2,7,3,2,99,1,70,1,4.0,1.0,9999.0,1,2010,-1.0,-1,-1,1,,99,6,,,
1320,1,9,3,7,3,2,99,1,52,1,1.0,1.0,1980.0,1,2010,-1.0,-1,-1,1,,99,6,,,
1321,1,9,3,7,3,2,99,1,25,1,4.0,1.0,2008.0,1,2010,-1.0,-1,-1,1,,99,6,,,
1322,3,9,5,7,1,1,1,1,47,1,1.0,14.0,2001.0,1,2010,-1.0,-1,-1,1,,99,6,,,
1323,4,9,6,7,1,1,10,1,30,1,2.0,3.0,1996.0,1,2010,-1.0,-1,-1,1,,99,6,,,
1324,4,9,6,7,1,1,10,1,29,1,13.0,7.0,9999.0,1,2010,-1.0,-1,-1,1,,99,6,,,
1325,2,5,7,7,1,2,1,1,39,1,4.0,5.0,1976.0,1,2010,-1.0,-1,-1,1,,99,6,,,
1326,2,5,7,7,1,2,1,9,999,9,12.0,1.0,9999.0,1,2010,-1.0,-1,-1,9,,99,6,,,
1327,5,10,2,7,7,2,99,1,39,1,9.0,2.0,2007.0,1,2010,-1.0,-1,-1,1,,99,6,,,
1328,5,10,2,7,7,2,99,1,34,1,7.0,99.0,9999.0,1,2010,-1.0,-1,-1,1,,99,6,,,
1329,5,7,1,7,5,2,99,1,41,1,4.0,1.0,2007.0,1,2010,-1.0,-1,-1,1,,99,6,,,
1330,5,7,1,7,5,2,99,1,20,1,1.0,9.0,9999.0,1,2010,-1.0,-1,-1,1,,99,6,,,
1331,4,8,3,7,9,1,2,1,33,1,7.0,7.0,1990.0,1,2010,-1.0,-1,-1,1,,99,6,,,
1332,4,8,3,7,9,1,2,1,29,1,1.0,6.0,1995.0,1,2010,-1.0,-1,-1,1,,99,6,,,
1333,5,7,1,7,10,2,99,1,28,1,3.0,3.0,1988.0,1,2010,-1.0,-1,-1,1,,99,6,,,
1334,5,7,1,7,10,2,99,1,18,1,4.0,3.0,2006.0,1,2010,-1.0,-1,-1,1,,99,6,,,
1335,5,3,5,7,2,2,99,1,39,9,3.0,11.0,2003.0,1,2010,-1.0,-1,-1,1,,99,6,,,
1336,5,3,5,7,2,2,99,1,45,9,4.0,99.0,2007.0,1,2010,-1.0,-1,-1,1,,99,6,,,
1337,7,1,4,7,1,1,5,1,23,9,4.0,5.0,9999.0,1,2010,-1.0,-1,-1,1,,99,6,,,
1338,7,1,4,7,12,2,99,1,53,9,3.0,10.0,1981.0,1,2010,-1.0,-1,-1,1,,99,6,,,
1339,7,1,4,7,12,2,99,9,999,9,9.0,1.0,1996.0,1,2010,-1.0,-1,-1,9,,99,6,,,
1340,5,8,4,7,5,1,1,1,47,9,6.0,5.0,1992.0,1,2010,-1.0,-1,-1,1,,99,6,,,
1341,5,8,4,7,5,1,1,1,58,9,4.0,1.0,2003.0,1,2010,-1.0,-1,-1,1,,99,6,,,
1342,6,7,2,7,1,2,99,1,28,1,9.0,6.0,9999.0,1,2010,-1.0,-1,-1,1,,99,6,,,
1343,6,7,2,7,1,2,99,9,999,9,3.0,6.0,9999.0,1,2010,-1.0,-1,-1,9,,99,6,,,
1344,6,11,6,7,1,1,1,1,32,1,10.0,2.0,2004.0,1,2010,-1.0,-1,-1,1,,99,6,,,
1345,6,11,6,7,1,1,1,1,48,2,10.0,2.0,9999.0,1,2010,-1.0,-1,-1,1,,99,6,,,
1346,6,12,1,7,1,1,1,1,50,1,12.0,3.0,9999.0,1,2010,-1.0,-1,-1,1,,99,6,,,
1347,6,12,1,7,1,1,1,1,36,1,12.0,1.0,9999.0,1,2010,-1.0,-1,-1,1,,99,6,,,
1348,10,6,4,7,22,2,99,1,45,1,3.0,2.0,9999.0,1,2010,-1.0,-1,-1,1,,99,6,,,
1349,10,11,3,7,11,2,99,1,19,9,4.0,2.0,2007.0,1,2010,-1.0,-1,-1,1,,99,6,,,
1350,9,12,4,7,7,2,99,1,43,9,7.0,6.0,9999.0,1,2010,-1.0,-1,-1,1,,99,6,,,
1351,10,9,5,7,11,1,1,1,51,1,5.0,7.0,1994.0,1,2010,-1.0,-1,-1,1,,99,6,,,
1352,10,9,5,7,11,1,1,1,60,1,4.0,99.0,9999.0,1,2010,-1.0,-1,-1,1,,99,6,,,
1353,11,3,4,7,1,1,1,1,46,9,3.0,5.0,9999.0,1,2010,-1.0,-1,-1,1,,99,6,,,
1354,11,3,4,7,1,1,1,1,35,9,7.0,6.0,9999.0,1,2010,-1.0,-1,-1,1,,99,6,,,
1355,11,3,4,7,1,1,14,1,24,9,1.0,1.0,1998.0,1,2010,-1.0,-1,-1,1,,99,6,,,
1356,11,3,4,7,1,1,14,1,53,9,4.0,99.0,9999.0,1,2010,-1.0,-1,-1,1,,99,6,,,
1357,8,5,6,7,1,1,1,1,24,1,3.0,1.0,2008.0,1,2010,-1.0,-1,-1,1,,99,6,,,
1358,8,5,6,7,1,1,1,1,34,1,3.0,99.0,9999.0,1,2010,-1.0,-1,-1,1,,99,6,,,
1359,9,8,1,7,13,2,99,1,39,1,5.0,2.0,1995.0,1,2010,-1.0,-1,-1,1,,99,6,,,
1360,9,8,1,7,13,2,99,1,60,1,7.0,3.0,9999.0,1,2010,-1.0,-1,-1,1,,99,6,,,
1361,16,1,6,7,4,2,99,1,36,1,7.0,1.0,1981.0,1,2010,-1.0,-1,-1,1,,99,6,,,
1362,16,1,6,7,4,2,99,1,30,1,6.0,2.0,1994.0,1,2010,-1.0,-1,-1,1,,99,6,,,
1363,17,1,7,7,1,1,5,1,28,9,1.0,5.0,1999.0,1,2010,-1.0,-1,-1,1,,99,6,,,
1364,17,1,7,7,1,1,5,1,25,1,1.0,4.0,2001.0,1,2010,-1.0,-1,-1,1,,99,6,,,
1365,13,3,6,7,1,1,99,1,25,9,4.0,99.0,9999.0,1,2010,-1.0,-1,-1,1,,99,6,,,
1366,13,3,6,7,1,1,99,9,999,9,1.0,1.0,9999.0,1,2010,-1.0,-1,-1,9,,99,6,,,
1367,13,7,2,7,5,2,99,1,54,1,6.0,2.0,2002.0,1,2010,-1.0,-1,-1,1,,99,6,,,
1368,13,7,2,7,5,2,99,1,49,1,4.0,3.0,9999.0,1,2010,-1.0,-1,-1,1,,99,6,,,
1369,15,11,1,7,5,2,99,9,999,9,5.0,2.0,9999.0,1,2010,-1.0,-1,-1,9,,99,6,,,
1370,18,1,1,7,16,2,99,1,30,9,4.0,1.0,2005.0,1,2010,-1.0,-1,-1,1,,99,6,,,
1371,18,1,1,7,16,2,99,1,27,9,9.0,1.0,2006.0,1,2010,-1.0,-1,-1,1,,99,6,,,
1372,13,12,1,7,18,2,99,9,999,9,1.0,99.0,9999.0,1,2010,-1.0,-1,-1,9,,99,6,,,
1373,13,12,1,7,18,2,99,1,28,9,4.0,99.0,9999.0,1,2010,-1.0,-1,-1,1,,99,6,,,
1374,18,10,1,7,14,2,99,1,42,1,3.0,6.0,1997.0,1,2010,-1.0,-1,-1,1,,99,6,,,
1375,14,12,2,7,1,1,12,9,999,9,5.0,99.0,9999.0,1,2010,-1.0,-1,-1,9,,99,6,,,
1376,21,2,7,7,12,2,99,1,18,9,3.0,3.0,9999.0,1,2010,-1.0,-1,-1,1,,99,6,,,
1377,21,2,7,7,14,2,99,1,999,9,9.0,6.0,2006.0,1,2010,-1.0,-1,-1,9,,99,6,,,
1378,16,3,2,7,1,1,5,1,28,2,1.0,6.0,2006.0,1,2010,-1.0,-1,-1,1,,99,6,,,
1379,16,3,2,7,1,1,5,1,30,9,4.0,5.0,9999.0,1,2010,-1.0,-1,-1,1,,99,6,,,
1380,21,10,4,7,5,2,99,1,28,1,3.0,14.0,2003.0,1,2010,-1.0,-1,-1,1,,99,6,,,
1381,21,10,4,7,5,2,99,1,31,1,3.0,2.0,2007.0,1,2010,-1.0,-1,-1,1,,99,6,,,
1382,22,2,1,7,2,2,99,1,45,1,9.0,4.0,1993.0,1,2010,-1.0,-1,-1,1,,99,6,,,
1383,22,2,1,7,2,2,99,9,999,9,3.0,1.0,9999.0,1,2010,-1.0,-1,-1,9,,99,6,,,
1384,16,8,1,7,12,2,99,1,42,1,5.0,3.0,1994.0,1,2010,-1.0,-1,-1,1,,99,6,,,
1385,16,8,1,7,12,2,99,1,42,1,1.0,11.0,9999.0,1,2010,-1.0,-1,-1,1,,99,6,,,
1386,19,11,5,7,5,2,99,1,21,9,4.0,1.0,2006.0,1,2010,-1.0,-1,-1,1,,99,6,,,
1387,19,11,5,7,5,2,99,9,999,9,3.0,99.0,9999.0,1,2010,-1.0,-1,-1,9,,99,6,,,
1388,11,4,7,7,1,1,1,1,86,1,1.0,2.0,9999.0,1,2010,-1.0,-1,-1,1,,99,6,,,
1389,11,4,7,7,1,1,1,1,30,1,1.0,5.0,9999.0,1,2010,-1.0,-1,-1,1,,99,6,,,
1390,17,12,5,7,7,2,99,1,999,1,7.0,2.0,1988.0,1,2010,-1.0,-1,-1,9,,99,6,,,
1391,17,12,5,7,7,2,99,1,44,1,5.0,2.0,1988.0,1,2010,-1.0,-1,-1,1,,99,6,,,
1392,24,6,4,7,10,2,99,1,54,1,3.0,11.0,1984.0,1,2010,-1.0,-1,-1,1,,99,6,,,
1393,24,6,4,7,10,2,99,1,43,1,3.0,11.0,1986.0,1,2010,-1.0,-1,-1,1,,99,6,,,
1394,24,6,4,7,17,2,99,1,55,1,5.0,7.0,1991.0,1,2010,-1.0,-1,-1,1,,99,6,,,
1395,24,6,4,7,17,2,99,1,23,1,4.0,1.0,2010.0,1,2010,-1.0,-1,-1,1,,99,6,,,
1396,17,3,3,7,11,2,99,1,24,9,6.0,2.0,2006.0,1,2010,-1.0,-1,-1,1,,99,6,,,
1397,17,3,3,7,11,2,99,1,20,9,6.0,5.0,2008.0,1,2010,-1.0,-1,-1,1,,99,6,,,
1398,19,8,4,7,1,1,12,1,47,1,3.0,6.0,1998.0,1,2010,-1.0,-1,-1,1,,99,6,,,
1399,19,8,4,7,1,1,12,1,20,1,4.0,1.0,9999.0,1,2010,-1.0,-1,-1,1,,99,6,,,
1400,26,2,5,7,1,2,99,1,34,9,1.0,4.0,2009.0,1,2010,-1.0,-1,-1,1,,99,6,,,
1401,26,2,5,7,1,2,99,1,19,9,4.0,1.0,9999.0,1,2010,-1.0,-1,-1,1,,99,6,,,
1402,19,3,5,7,1,1,99,1,37,9,5.0,3.0,1999.0,1,2010,-1.0,-1,-1,1,,99,6,,,
1403,19,3,5,7,1,1,99,1,999,9,4.0,99.0,9999.0,1,2010,-1.0,-1,-1,9,,99,6,,,
1404,19,9,7,7,10,2,99,1,19,1,4.0,3.0,9999.0,1,2010,-1.0,-1,-1,1,,99,6,,,
1405,19,9,7,7,10,2,99,1,32,1,3.0,9.0,9999.0,1,2010,-1.0,-1,-1,1,,99,6,,,
1406,25,10,1,7,9,2,99,1,60,1,6.0,2.0,1996.0,1,2010,-1.0,-1,-1,1,,99,6,,,
1407,25,10,1,7,9,2,99,1,35,1,6.0,2.0,1999.0,1,2010,-1.0,-1,-1,1,,99,6,,,
1408,21,11,7,7,1,1,12,2,24,1,1.0,9.0,1999.0,1,2010,-1.0,-1,-1,1,,99,6,,,
1409,19,12,7,7,12,2,99,1,47,9,3.0,1.0,1987.0,1,2010,-1.0,-1,-1,1,,99,6,,,
1410,19,12,7,7,12,2,99,1,25,9,4.0,1.0,2007.0,1,2010,-1.0,-1,-1,1,,99,6,,,
1411,21,5,5,7,5,2,99,1,56,1,9.0,11.0,9999.0,1,2010,-1.0,-1,-1,1,,99,6,,,
1412,21,5,5,7,5,2,99,1,25,1,4.0,1.0,9999.0,1,2010,-1.0,-1,-1,1,,99,6,,,
1413,20,7,2,7,3,2,99,1,28,1,5.0,2.0,1989.0,1,2010,-1.0,-1,-1,1,,99,6,,,
1414,20,7,2,7,3,2,99,9,999,9,3.0,3.0,1994.0,1,2010,-1.0,-1,-1,9,,99,6,,,
1415,20,12,1,7,1,1,1,1,27,1,12.0,7.0,1984.0,1,2010,-1.0,-1,-1,1,,99,6,,,
1416,20,12,1,7,1,1,1,1,24,1,12.0,1.0,9999.0,1,2010,-1.0,-1,-1,1,,99,6,,,
1417,23,5,7,7,18,2,99,1,30,1,3.0,4.0,1987.0,1,2010,-1.0,-1,-1,1,,99,6,,,
1418,23,5,7,7,18,2,99,1,25,1,9.0,6.0,9999.0,1,2010,-1.0,-1,-1,1,,99,6,,,
1419,23,9,4,7,1,1,5,1,50,1,1.0,2.0,9999.0,1,2010,-1.0,-1,-1,1,,99,6,,,
1420,23,9,4,7,1,1,5,1,20,1,1.0,4.0,9999.0,1,2010,-1.0,-1,-1,1,,99,6,,,
1421,23,9,4,7,1,1,5,1,60,1,1.0,4.0,9999.0,1,2010,-1.0,-1,-1,1,,99,6,,,
1422,23,9,4,7,1,1,5,1,31,1,1.0,1.0,9999.0,1,2010,-1.0,-1,-1,1,,99,6,,,
1423,30,1,6,7,1,2,99,1,27,2,1.0,2.0,9999.0,1,2010,-1.0,-1,-1,1,,99,6,,,
1424,30,1,6,7,1,2,99,1,50,9,1.0,5.0,9999.0,1,2010,-1.0,-1,-1,1,,99,6,,,
1425,26,11,5,7,1,1,12,1,28,9,8.0,2.0,1996.0,1,2010,-1.0,-1,-1,1,,99,6,,,
1426,26,11,5,7,1,1,12,1,31,9,1.0,1.0,2001.0,1,2010,-1.0,-1,-1,1,,99,6,,,
1427,22,8,7,7,19,2,99,2,19,1,4.0,99.0,9999.0,1,2010,-1.0,-1,-1,1,,99,6,,,
1428,22,8,7,7,19,2,99,9,999,9,3.0,99.0,9999.0,1,2010,-1.0,-1,-1,9,,99,6,,,
1429,27,11,6,7,6,2,99,1,28,9,4.0,1.0,9999.0,1,2010,-1.0,-1,-1,1,,99,6,,,
1430,27,11,6,7,6,2,99,1,41,1,3.0,1.0,9999.0,1,2010,-1.0,-1,-1,1,,99,6,,,
1431,23,8,1,7,18,1,99,1,44,1,4.0,99.0,9999.0,1,2010,-1.0,-1,-1,1,,99,6,,,
1432,23,8,1,7,18,1,99,9,999,9,3.0,99.0,9999.0,1,2010,-1.0,-1,-1,9,,99,6,,,
1433,28,11,7,7,20,2,99,1,20,2,4.0,3.0,9999.0,1,2010,-1.0,-1,-1,1,,99,6,,,
1434,28,11,7,7,20,2,99,1,19,1,3.0,4.0,9999.0,1,2010,-1.0,-1,-1,1,,99,6,,,
1435,25,8,3,7,16,2,99,9,999,9,1.0,99.0,9999.0,1,2010,-1.0,-1,-1,9,,99,6,,,
1436,25,8,3,7,16,2,99,2,95,1,9.0,99.0,9999.0,1,2010,-1.0,-1,-1,1,,99,6,,,
1437,29,5,6,7,17,2,99,1,42,1,14.0,99.0,9999.0,1,2010,-1.0,-1,-1,1,,99,6,,,
1438,29,5,6,7,17,2,99,9,999,9,1.0,1.0,9999.0,1,2010,-1.0,-1,-1,9,,99,6,,,
1439,21,4,3,7,1,2,12,1,36,9,17.0,7.0,9999.0,1,2010,-1.0,-1,-1,1,,99,6,,,
1440,21,4,3,7,1,2,12,1,36,9,6.0,99.0,9999.0,1,2010,-1.0,-1,-1,1,,99,6,,,
1441,28,9,2,7,4,2,99,9,999,9,5.0,5.0,1984.0,1,2010,-1.0,-1,-1,9,,99,6,,,
1442,29,12,3,7,19,2,99,1,27,9,1.0,4.0,9999.0,1,2010,-1.0,-1,-1,1,,99,6,,,
1443,29,12,3,7,19,2,99,1,35,9,3.0,4.0,9999.0,1,2010,-1.0,-1,-1,1,,99,6,,,
1444,26,3,5,7,6,2,99,1,56,9,12.0,7.0,9999.0,1,2010,-1.0,-1,-1,1,,99,6,,,
1445,26,3,5,7,6,2,99,1,20,9,4.0,1.0,9999.0,1,2010,-1.0,-1,-1,1,,99,6,,,
1446,30,12,4,7,20,2,99,1,999,1,5.0,2.0,1988.0,1,2010,-1.0,-1,-1,9,,99,6,,,
1447,30,12,4,7,20,2,99,1,999,1,9.0,2.0,2004.0,1,2010,-1.0,-1,-1,9,,99,6,,,
1448,27,4,2,7,9,2,99,1,35,1,2.0,5.0,2000.0,1,2010,-1.0,-1,-1,1,,99,6,,,
1449,27,4,2,7,9,2,99,1,33,1,5.0,3.0,9999.0,1,2010,-1.0,-1,-1,1,,99,6,,,
1450,1,6,2,7,14,2,99,1,16,1,3.0,1.0,1985.0,3,2010,-1.0,-1,-1,2,,99,6,,,
1451,1,5,6,7,1,1,7,1,22,2,1.0,5.0,9999.0,2,2010,-1.0,-1,-1,1,,99,6,,,
1452,1,4,4,7,19,2,99,1,50,1,1.0,4.0,2003.0,4,2010,-1.0,-1,-1,1,,99,6,,,
1453,4,2,4,7,21,1,99,1,43,9,3.0,9.0,9999.0,3,2010,-1.0,-1,-1,1,,99,6,,,
1454,2,11,2,7,6,2,99,1,33,9,5.0,99.0,9999.0,4,2010,-1.0,-1,-1,1,,99,6,,,
1455,4,6,5,7,1,1,9,1,27,1,4.0,3.0,9999.0,2,2010,-1.0,-1,-1,1,,99,6,,,
1456,8,2,1,7,17,2,99,1,30,9,4.0,99.0,9999.0,4,2010,-1.0,-1,-1,1,,99,6,,,
1457,8,6,2,7,14,2,99,1,28,1,5.0,6.0,9999.0,4,2010,-1.0,-1,-1,1,,99,6,,,
1458,8,9,3,7,16,2,99,1,999,9,9.0,3.0,9999.0,3,2010,-1.0,-1,-1,9,,99,6,,,
1459,13,6,7,7,1,1,10,1,49,1,2.0,6.0,1998.0,2,2010,-1.0,-1,-1,1,,99,6,,,
1460,11,7,7,7,19,2,99,1,24,1,1.0,99.0,1998.0,3,2010,-1.0,-1,-1,1,,99,6,,,
1461,10,5,1,7,1,1,10,1,23,1,5.0,2.0,2009.0,1,2010,-1.0,-1,-1,1,,99,6,,,
1462,13,9,1,7,12,2,99,1,48,1,3.0,2.0,1982.0,3,2010,-1.0,-1,-1,1,,99,6,,,
1463,14,3,7,7,1,1,9,9,999,9,12.0,1.0,9999.0,3,2010,-1.0,-1,-1,9,,99,6,,,
1464,20,1,3,7,11,2,99,9,999,9,7.0,7.0,9999.0,1,2010,-1.0,-1,-1,9,,99,6,,,
1465,21,1,4,7,12,2,99,1,24,9,1.0,99.0,9999.0,3,2010,-1.0,-1,-1,1,,99,6,,,
1466,22,1,5,7,11,2,99,1,62,9,3.0,99.0,9999.0,3,2010,-1.0,-1,-1,1,,99,6,,,
1467,21,2,7,7,13,2,99,1,25,9,3.0,2.0,1984.0,4,2010,-1.0,-1,-1,1,,99,6,,,
1468,23,10,6,7,16,2,99,1,50,2,3.0,99.0,1994.0,2,2010,-1.0,-1,-1,1,,99,6,,,
1469,14,4,3,7,16,2,99,9,999,9,3.0,3.0,9999.0,2,2010,-1.0,-1,-1,9,,99,6,,,
1470,29,1,5,7,16,2,99,1,38,9,3.0,6.0,9999.0,3,2010,-1.0,-1,-1,1,,99,6,,,
1471,20,12,1,7,9,2,99,1,34,1,3.0,3.0,1996.0,1,2010,-1.0,-1,-1,1,,99,6,,,
1472,20,12,1,7,9,2,99,2,35,1,3.0,1.0,1998.0,1,2010,-1.0,-1,-1,1,,99,6,,,
1473,28,10,4,7,17,1,99,1,52,9,14.0,99.0,9999.0,2,2010,-1.0,-1,-1,1,,99,6,,,
1474,27,11,6,7,14,2,99,1,36,1,3.0,6.0,9999.0,4,2010,-1.0,-1,-1,1,,99,6,,,
1475,25,12,6,7,10,2,99,9,999,9,3.0,3.0,9999.0,3,2010,-1.0,-1,-1,9,,99,6,,,
1476,24,3,3,7,2,2,99,1,42,1,3.0,4.0,1986.0,3,2010,-1.0,-1,-1,1,,99,6,,,
1477,27,3,6,7,6,2,99,1,35,1,3.0,1.0,9999.0,3,2010,-1.0,-1,-1,1,,99,6,,,
1478,31,12,5,7,17,2,99,1,999,1,4.0,99.0,9999.0,1,2010,-1.0,-1,-1,9,,99,6,,,
1479,27,4,2,7,7,2,99,1,54,1,5.0,99.0,1985.0,2,2010,-1.0,-1,-1,1,,99,6,,,
1480,1,5,6,8,1,1,4,9,999,9,99.0,99.0,9999.0,1,2010,-1.0,-1,-1,9,,99,6,,,
1481,1,9,3,8,1,1,9,1,23,1,12.0,2.0,1992.0,1,2010,-1.0,-1,-1,1,,99,6,,,
1482,2,3,2,8,9,1,5,1,38,9,1.0,9.0,1994.0,1,2010,-1.0,-1,-1,1,,99,6,,,
1483,2,3,2,8,9,1,5,1,45,9,9.0,2.0,9999.0,1,2010,-1.0,-1,-1,1,,99,6,,,
1484,3,9,5,8,1,1,6,1,28,1,1.0,5.0,1992.0,1,2010,-1.0,-1,-1,1,,99,6,,,
1485,3,9,5,8,1,1,6,1,999,1,4.0,3.0,9999.0,1,2010,-1.0,-1,-1,9,,99,6,,,
1486,3,12,5,8,1,1,18,1,24,9,12.0,1.0,9999.0,1,2010,-1.0,-1,-1,1,,99,6,,,
1487,3,12,5,8,1,1,18,1,26,9,12.0,1.0,9999.0,1,2010,-1.0,-1,-1,1,,99,6,,,
1488,2,1,6,8,6,2,99,1,20,1,4.0,5.0,2008.0,1,2010,-1.0,-1,-1,1,,99,6,,,
1489,2,1,6,8,6,2,99,1,29,1,5.0,1.0,9999.0,1,2010,-1.0,-1,-1,1,,99,6,,,
1490,3,7,6,8,5,2,99,1,24,1,11.0,2.0,9999.0,1,2010,-1.0,-1,-1,1,,99,6,,,
1491,3,7,6,8,5,2,99,1,33,1,12.0,1.0,9999.0,1,2010,-1.0,-1,-1,1,,99,6,,,
1492,2,6,3,8,9,2,99,1,26,1,3.0,1.0,1986.0,1,2010,-1.0,-1,-1,1,,99,6,,,
1493,2,6,3,8,9,2,99,1,31,1,4.0,1.0,9999.0,1,2010,-1.0,-1,-1,1,,99,6,,,
1494,2,1,6,8,7,2,99,1,25,9,1.0,2.0,9999.0,1,2010,-1.0,-1,-1,1,,99,6,,,
1495,2,1,6,8,7,2,99,9,999,9,5.0,2.0,9999.0,1,2010,-1.0,-1,-1,9,,99,6,,,
1496,5,6,6,8,18,2,99,1,46,1,6.0,3.0,1997.0,1,2010,-1.0,-1,-1,1,,99,6,,,
1497,5,6,6,8,18,2,99,1,27,1,6.0,2.0,9999.0,1,2010,-1.0,-1,-1,1,,99,6,,,
1498,4,9,6,8,19,2,99,9,999,9,99.0,99.0,9999.0,1,2010,-1.0,-1,-1,9,,99,6,,,
1499,4,9,6,8,19,2,99,1,23,1,4.0,99.0,9999.0,1,2010,-1.0,-1,-1,1,,99,6,,,
1500,4,12,6,8,5,2,99,1,44,1,1.0,1.0,2008.0,1,2010,-1.0,-1,-1,1,,99,6,,,
1501,7,3,7,8,1,1,2,1,39,9,10.0,2.0,1993.0,1,2010,-1.0,-1,-1,1,,99,6,,,
1502,7,3,7,8,1,1,2,1,999,9,1.0,4.0,2001.0,1,2010,-1.0,-1,-1,9,,99,6,,,
1503,4,5,2,8,1,1,5,1,24,1,12.0,1.0,9999.0,1,2010,-1.0,-1,-1,1,,99,6,,,
1504,4,5,2,8,1,1,5,1,29,1,12.0,1.0,9999.0,1,2010,-1.0,-1,-1,1,,99,6,,,
1505,10,1,7,8,1,1,8,1,45,2,1.0,6.0,1994.0,1,2010,-1.0,-1,-1,1,,99,6,,,
1506,10,1,7,8,1,1,8,1,38,1,4.0,1.0,9999.0,1,2010,-1.0,-1,-1,1,,99,6,,,
1507,8,7,4,8,1,1,13,1,38,2,1.0,5.0,9999.0,1,2010,-1.0,-1,-1,1,,99,6,,,
1508,8,7,4,8,1,1,13,1,40,1,4.0,1.0,9999.0,1,2010,-1.0,-1,-1,1,,99,6,,,
1509,8,7,4,8,1,1,3,1,29,1,4.0,6.0,2008.0,1,2010,-1.0,-1,-1,1,,99,6,,,
1510,8,7,4,8,1,1,3,2,32,1,1.0,99.0,9999.0,1,2010,-1.0,-1,-1,1,,99,6,,,
1511,6,8,5,8,16,1,9,1,38,1,5.0,2.0,9999.0,1,2010,-1.0,-1,-1,1,,99,6,,,
1512,6,8,5,8,16,1,9,1,999,1,4.0,5.0,9999.0,1,2010,-1.0,-1,-1,9,,99,6,,,
1513,12,2,5,8,9,2,99,1,29,1,8.0,6.0,1988.0,1,2010,-1.0,-1,-1,1,,99,6,,,
1514,12,2,5,8,9,2,99,1,29,1,1.0,5.0,1998.0,1,2010,-1.0,-1,-1,1,,99,6,,,
1515,12,2,5,8,9,2,99,9,999,9,3.0,99.0,9999.0,1,2010,-1.0,-1,-1,9,,99,6,,,
1516,12,2,5,8,18,2,99,1,54,9,3.0,3.0,1986.0,1,2010,-1.0,-1,-1,1,,99,6,,,
1517,7,8,6,8,1,1,7,1,999,1,10.0,6.0,2005.0,1,2010,-1.0,-1,-1,9,,99,6,,,
1518,7,8,6,8,1,1,7,1,46,1,1.0,99.0,9999.0,1,2010,-1.0,-1,-1,1,,99,6,,,
1519,9,3,2,8,1,1,11,1,26,9,3.0,5.0,9999.0,1,2010,-1.0,-1,-1,1,,99,6,,,
1520,9,3,2,8,1,1,11,1,19,9,1.0,1.0,9999.0,1,2010,-1.0,-1,-1,1,,99,6,,,
1521,9,12,4,8,5,2,99,1,51,9,5.0,1.0,1979.0,1,2010,-1.0,-1,-1,1,,99,6,,,
1522,9,10,6,8,17,2,99,9,999,9,4.0,99.0,9999.0,1,2010,-1.0,-1,-1,9,,99,6,,,
1523,13,2,6,8,17,2,99,9,999,9,9.0,99.0,9999.0,1,2010,-1.0,-1,-1,9,,99,6,,,
1524,13,2,6,8,17,2,99,2,15,9,4.0,99.0,9999.0,1,2010,-1.0,-1,-1,2,,99,6,,,
1525,7,8,6,8,7,2,99,1,28,1,3.0,6.0,1994.0,1,2010,-1.0,-1,-1,1,,99,6,,,
1526,7,8,6,8,7,2,99,1,23,1,3.0,9.0,9999.0,1,2010,-1.0,-1,-1,1,,99,6,,,
1527,14,1,4,8,10,2,99,9,999,9,5.0,2.0,9999.0,1,2010,-1.0,-1,-1,9,,99,6,,,
1528,14,1,4,8,10,2,99,9,999,9,6.0,99.0,9999.0,1,2010,-1.0,-1,-1,9,,99,6,,,
1529,11,10,1,8,5,2,99,1,31,1,6.0,2.0,1998.0,1,2010,-1.0,-1,-1,1,,99,6,,,
1530,5,4,1,8,5,2,99,1,24,1,3.0,9.0,2008.0,1,2010,-1.0,-1,-1,1,,99,6,,,
1531,5,4,1,8,5,2,99,1,39,1,4.0,11.0,9999.0,1,2010,-1.0,-1,-1,1,,99,6,,,
1532,16,2,2,8,10,2,99,1,33,9,5.0,99.0,1981.0,1,2010,-1.0,-1,-1,1,,99,6,,,
1533,16,2,2,8,10,2,99,1,32,9,3.0,4.0,9999.0,1,2010,-1.0,-1,-1,1,,99,6,,,
1534,16,6,3,8,5,2,99,9,999,9,6.0,2.0,9999.0,1,2010,-1.0,-1,-1,9,,99,6,,,
1535,13,9,1,8,19,2,99,1,36,2,5.0,7.0,1976.0,1,2010,-1.0,-1,-1,1,,99,6,,,
1536,13,9,1,8,19,2,99,1,39,1,3.0,4.0,1985.0,1,2010,-1.0,-1,-1,1,,99,6,,,
1537,10,8,2,8,10,2,99,1,50,1,12.0,4.0,1985.0,1,2010,-1.0,-1,-1,1,,99,6,,,
1538,10,8,2,8,10,2,99,1,25,1,4.0,1.0,2008.0,1,2010,-1.0,-1,-1,1,,99,6,,,
1539,11,8,3,8,22,2,99,1,14,1,4.0,1.0,9999.0,1,2010,-1.0,-1,-1,2,,99,6,,,
1540,11,8,3,8,22,2,99,1,43,1,4.0,1.0,9999.0,1,2010,-1.0,-1,-1,1,,99,6,,,
1541,17,1,7,8,7,2,99,1,43,9,7.0,7.0,1990.0,1,2010,-1.0,-1,-1,1,,99,6,,,
1542,17,1,7,8,7,2,99,1,38,9,9.0,2.0,2009.0,1,2010,-1.0,-1,-1,1,,99,6,,,
1543,12,8,4,8,21,2,99,1,24,1,4.0,5.0,9999.0,1,2010,-1.0,-1,-1,1,,99,6,,,
1544,12,8,4,8,21,2,99,9,999,9,3.0,5.0,9999.0,1,2010,-1.0,-1,-1,9,,99,6,,,
1545,15,11,1,8,5,2,99,9,999,9,4.0,99.0,9999.0,1,2010,-1.0,-1,-1,9,,99,6,,,
1546,13,8,5,8,10,1,99,1,32,1,1.0,5.0,1995.0,1,2010,-1.0,-1,-1,1,,99,6,,,
1547,13,8,5,8,10,1,99,1,53,1,7.0,6.0,1995.0,1,2010,-1.0,-1,-1,1,,99,6,,,
1548,15,7,4,8,19,2,99,1,37,2,2.0,3.0,2004.0,1,2010,-1.0,-1,-1,1,,99,6,,,
1549,15,7,4,8,19,2,99,2,39,1,2.0,4.0,2007.0,1,2010,-1.0,-1,-1,1,,99,6,,,
1550,19,6,6,8,3,2,99,9,999,9,12.0,3.0,9999.0,1,2010,-1.0,-1,-1,9,,99,6,,,
1551,19,6,6,8,3,2,99,1,43,1,6.0,2.0,9999.0,1,2010,-1.0,-1,-1,1,,99,6,,,
1552,15,3,1,8,20,2,99,9,999,9,6.0,2.0,9999.0,1,2010,-1.0,-1,-1,9,,99,6,,,
1553,15,3,1,8,20,2,99,1,40,9,3.0,4.0,9999.0,1,2010,-1.0,-1,-1,1,,99,6,,,
1554,15,3,1,8,8,1,4,1,28,9,5.0,2.0,1994.0,1,2010,-1.0,-1,-1,1,,99,6,,,
1555,15,3,1,8,8,1,4,1,25,9,9.0,3.0,2006.0,1,2010,-1.0,-1,-1,1,,99,6,,,
1556,16,12,4,8,1,1,7,1,28,1,4.0,3.0,2009.0,1,2010,-1.0,-1,-1,1,,99,6,,,
1557,16,12,4,8,1,1,7,9,999,9,12.0,1.0,9999.0,1,2010,-1.0,-1,-1,9,,99,6,,,
1558,11,4,7,8,1,1,1,1,22,1,3.0,6.0,2008.0,1,2010,-1.0,-1,-1,1,,99,6,,,
1559,11,4,7,8,1,1,1,1,23,1,12.0,1.0,9999.0,1,2010,-1.0,-1,-1,1,,99,6,,,
1560,22,10,5,8,9,1,5,1,17,1,9.0,11.0,2007.0,1,2010,-1.0,-1,-1,2,,99,6,,,
1561,22,10,5,8,9,1,5,1,29,1,5.0,2.0,2007.0,1,2010,-1.0,-1,-1,1,,99,6,,,
1562,22,10,5,8,9,1,5,1,40,1,1.0,6.0,9999.0,1,2010,-1.0,-1,-1,1,,99,6,,,
1563,11,4,7,8,6,2,99,1,25,9,3.0,11.0,9999.0,1,2010,-1.0,-1,-1,1,,99,6,,,
1564,11,4,7,8,6,2,99,1,40,9,1.0,2.0,9999.0,1,2010,-1.0,-1,-1,1,,99,6,,,
1565,23,10,6,8,16,2,99,1,43,1,3.0,2.0,2007.0,1,2010,-1.0,-1,-1,1,,99,6,,,
1566,23,10,6,8,16,2,99,1,38,1,4.0,1.0,9999.0,1,2010,-1.0,-1,-1,1,,99,6,,,
1567,17,3,3,8,15,2,99,1,26,9,3.0,1.0,1978.0,1,2010,-1.0,-1,-1,1,,99,6,,,
1568,17,3,3,8,15,2,99,1,25,9,4.0,5.0,2007.0,1,2010,-1.0,-1,-1,1,,99,6,,,
1569,19,7,1,8,3,2,99,1,64,2,3.0,1.0,2007.0,1,2010,-1.0,-1,-1,1,,99,6,,,
1570,19,7,1,8,3,2,99,1,999,1,4.0,5.0,9999.0,1,2010,-1.0,-1,-1,9,,99,6,,,
1571,14,4,3,8,4,2,99,1,55,1,9.0,1.0,2005.0,1,2010,-1.0,-1,-1,1,,99,6,,,
1572,14,4,3,8,11,2,99,1,42,1,12.0,7.0,1985.0,1,2010,-1.0,-1,-1,1,,99,6,,,
1573,14,4,3,8,11,2,99,1,35,1,12.0,5.0,9999.0,1,2010,-1.0,-1,-1,1,,99,6,,,
1574,20,7,2,8,2,2,99,1,31,1,3.0,5.0,2009.0,1,2010,-1.0,-1,-1,1,,99,6,,,
1575,20,7,2,8,2,2,99,9,999,9,7.0,3.0,9999.0,1,2010,-1.0,-1,-1,9,,99,6,,,
1576,28,1,4,8,1,1,11,1,25,9,4.0,1.0,2004.0,1,2010,-1.0,-1,-1,1,,99,6,,,
1577,28,1,4,8,1,1,11,2,18,1,1.0,99.0,9999.0,1,2010,-1.0,-1,-1,1,,99,6,,,
1578,22,11,1,8,5,2,99,1,34,1,1.0,5.0,2008.0,1,2010,-1.0,-1,-1,1,,99,6,,,
1579,22,11,1,8,5,2,99,1,22,1,3.0,3.0,2010.0,1,2010,-1.0,-1,-1,1,,99,6,,,
1580,28,2,7,8,19,2,99,9,999,9,6.0,2.0,1992.0,1,2010,-1.0,-1,-1,9,,99,6,,,
1581,28,2,7,8,19,2,99,1,35,9,1.0,99.0,9999.0,1,2010,-1.0,-1,-1,1,,99,6,,,
1582,24,5,1,8,10,2,99,1,20,1,4.0,1.0,2005.0,1,2010,-1.0,-1,-1,1,,99,6,,,
1583,24,5,1,8,10,2,99,1,39,1,14.0,1.0,9999.0,1,2010,-1.0,-1,-1,1,,99,6,,,
1584,24,11,3,8,1,1,10,1,29,1,1.0,3.0,9999.0,1,2010,-1.0,-1,-1,1,,99,6,,,
1585,24,11,3,8,1,1,10,1,34,1,4.0,5.0,9999.0,1,2010,-1.0,-1,-1,1,,99,6,,,
1586,20,12,1,8,18,2,99,1,40,1,1.0,6.0,2000.0,1,2010,-1.0,-1,-1,1,,99,6,,,
1587,20,12,1,8,18,2,99,1,26,1,14.0,1.0,2010.0,1,2010,-1.0,-1,-1,1,,99,6,,,
1588,23,7,5,8,14,2,99,2,28,9,3.0,5.0,2005.0,4,2010,-1.0,-1,-1,1,,99,6,,,
1589,23,7,5,8,14,2,99,2,35,9,3.0,5.0,2005.0,4,2010,-1.0,-1,-1,1,,99,6,,,
1590,24,5,1,8,4,2,99,1,40,1,3.0,9.0,1993.0,1,2010,-1.0,-1,-1,1,,99,6,,,
1591,24,5,1,8,4,2,99,1,48,1,1.0,3.0,2010.0,1,2010,-1.0,-1,-1,1,,99,6,,,
1592,22,8,7,8,1,1,1,1,25,1,1.0,1.0,1988.0,1,2010,-1.0,-1,-1,1,,99,6,,,
1593,22,8,7,8,1,1,1,1,21,1,4.0,99.0,9999.0,1,2010,-1.0,-1,-1,1,,99,6,,,
1594,22,8,7,8,1,1,1,1,23,1,4.0,99.0,9999.0,1,2010,-1.0,-1,-1,1,,99,6,,,
1595,28,2,7,8,2,2,99,9,999,9,6.0,9.0,9999.0,1,2010,-1.0,-1,-1,9,,99,6,,,
1596,30,6,3,8,1,1,9,1,20,1,4.0,2.0,2008.0,1,2010,-1.0,-1,-1,1,,99,6,,,
1597,30,6,3,8,1,1,9,9,999,9,99.0,99.0,9999.0,1,2010,-1.0,-1,-1,9,,99,6,,,
1598,28,5,5,8,1,2,99,1,28,2,12.0,1.0,1995.0,1,2010,-1.0,-1,-1,1,,99,6,,,
1599,28,5,5,8,1,2,99,1,35,1,4.0,1.0,9999.0,1,2010,-1.0,-1,-1,1,,99,6,,,
1600,24,9,5,8,19,2,99,1,27,1,5.0,2.0,1990.0,1,2010,-1.0,-1,-1,1,,99,6,,,
1601,24,9,5,8,19,2,99,1,59,1,6.0,2.0,2002.0,1,2010,-1.0,-1,-1,1,,99,6,,,
1602,24,7,6,8,17,2,99,2,34,1,4.0,99.0,9999.0,1,2010,-1.0,-1,-1,1,,99,6,,,
1603,24,7,6,8,17,2,99,9,999,9,14.0,99.0,9999.0,1,2010,-1.0,-1,-1,9,,99,6,,,
1604,26,9,7,8,11,2,99,1,60,1,2.0,8.0,1981.0,1,2010,-1.0,-1,-1,1,,99,6,,,
1605,26,9,7,8,11,2,99,1,26,2,3.0,3.0,1985.0,1,2010,-1.0,-1,-1,1,,99,6,,,
1606,28,9,2,8,1,1,12,1,41,1,4.0,3.0,9999.0,1,2010,-1.0,-1,-1,1,,99,6,,,
1607,28,9,2,8,1,1,12,9,999,9,4.0,1.0,9999.0,1,2010,-1.0,-1,-1,9,,99,6,,,
1608,28,9,2,8,5,2,99,9,999,9,12.0,6.0,9999.0,1,2010,-1.0,-1,-1,9,,99,6,,,
1609,21,4,3,8,17,2,99,1,999,1,3.0,2.0,9999.0,1,2010,-1.0,-1,-1,9,,99,6,,,
1610,21,4,3,8,17,2,99,1,42,1,4.0,99.0,9999.0,1,2010,-1.0,-1,-1,1,,99,6,,,
1611,22,4,4,8,1,1,9,1,63,1,1.0,99.0,9999.0,1,2010,-1.0,-1,-1,1,,99,6,,,
1612,22,4,4,8,1,1,9,1,21,1,4.0,99.0,9999.0,1,2010,-1.0,-1,-1,1,,99,6,,,
1613,26,3,5,8,19,2,99,1,24,9,4.0,99.0,9999.0,1,2010,-1.0,-1,-1,1,,99,6,,,
1614,29,12,3,8,5,2,99,1,28,9,2.0,5.0,1994.0,1,2010,-1.0,-1,-1,1,,99,6,,,
1615,29,12,3,8,5,2,99,1,25,9,9.0,14.0,2001.0,1,2010,-1.0,-1,-1,1,,99,6,,,
1616,26,7,1,8,9,2,99,1,33,9,3.0,9.0,2008.0,1,2010,-1.0,-1,-1,1,,99,6,,,
1617,26,7,1,8,9,2,99,9,999,9,7.0,99.0,9999.0,1,2010,-1.0,-1,-1,9,,99,6,,,
1618,27,3,6,8,6,2,99,1,30,1,1.0,4.0,9999.0,1,2010,-1.0,-1,-1,1,,99,6,,,
1619,27,3,6,8,6,2,99,1,21,9,9.0,6.0,9999.0,1,2010,-1.0,-1,-1,1,,99,6,,,
1620,28,7,3,8,1,1,21,1,22,1,1.0,9.0,1991.0,1,2010,-1.0,-1,-1,1,,99,6,,,
1621,28,7,3,8,1,1,21,1,41,1,4.0,5.0,9999.0,1,2010,-1.0,-1,-1,1,,99,6,,,
1622,30,12,4,8,14,2,99,9,999,9,7.0,7.0,1984.0,1,2010,-1.0,-1,-1,9,,99,6,,,
1623,30,12,4,8,14,2,99,1,26,9,7.0,6.0,1992.0,1,2010,-1.0,-1,-1,1,,99,6,,,
1624,31,8,2,8,19,2,99,1,25,1,4.0,1.0,9999.0,1,2010,-1.0,-1,-1,1,,99,6,,,
1625,31,8,2,8,19,2,99,1,35,1,3.0,6.0,9999.0,1,2010,-1.0,-1,-1,1,,99,6,,,
1626,31,3,3,8,5,2,99,9,999,9,7.0,1.0,1987.0,1,2010,-1.0,-1,-1,9,,99,6,,,
1627,31,3,3,8,5,2,99,1,46,1,3.0,3.0,1989.0,1,2010,-1.0,-1,-1,1,,99,6,,,
1628,31,7,6,8,20,2,99,9,999,9,5.0,99.0,9999.0,1,2010,-1.0,-1,-1,9,,99,6,,,
1629,29,4,4,8,19,2,99,1,32,1,3.0,4.0,9999.0,1,2010,-1.0,-1,-1,1,,99,6,,,
1630,31,7,6,8,2,2,99,9,999,9,5.0,99.0,9999.0,1,2010,-1.0,-1,-1,9,,99,6,,,
1631,30,4,5,8,1,1,10,1,66,1,3.0,3.0,2007.0,1,2010,-1.0,-1,-1,1,,99,6,,,
1632,30,4,5,8,1,1,10,1,32,1,4.0,4.0,9999.0,1,2010,-1.0,-1,-1,1,,99,6,,,
1633,3,2,3,8,12,2,99,9,999,9,7.0,2.0,9999.0,3,2010,-1.0,-1,-1,9,,99,6,,,
1634,3,9,5,8,14,2,99,1,26,1,5.0,7.0,1989.0,3,2010,-1.0,-1,-1,1,,99,6,,,
1635,5,7,1,8,1,1,11,1,25,1,1.0,10.0,1998.0,2,2010,-1.0,-1,-1,1,,99,6,,,
1636,6,6,7,8,13,2,99,9,999,9,3.0,2.0,9999.0,3,2010,-1.0,-1,-1,9,,99,6,,,
1637,10,2,3,8,19,1,99,1,47,1,3.0,4.0,2009.0,2,2010,-1.0,-1,-1,1,,99,6,,,
1638,10,1,7,8,1,1,1,1,43,2,1.0,5.0,1991.0,2,2010,-1.0,-1,-1,1,,99,6,,,
1639,4,4,7,8,20,2,99,1,51,9,2.0,99.0,2007.0,3,2010,-1.0,-1,-1,1,,99,6,,,
1640,7,8,6,8,13,2,99,1,28,2,3.0,1.0,1985.0,4,2010,-1.0,-1,-1,1,,99,6,,,
1641,14,1,4,8,6,2,99,9,999,9,7.0,99.0,9999.0,4,2010,-1.0,-1,-1,9,,99,6,,,
1642,13,9,1,8,5,2,99,9,999,9,7.0,6.0,9999.0,1,2010,-1.0,-1,-1,9,,99,6,,,
1643,13,9,1,8,11,2,99,9,999,9,3.0,1.0,2003.0,1,2010,-1.0,-1,-1,9,,99,6,,,
1644,13,9,1,8,11,2,99,1,30,9,1.0,4.0,2001.0,1,2010,-1.0,-1,-1,1,,99,6,,,
1645,16,7,5,8,18,1,99,1,59,1,4.0,3.0,9999.0,1,2010,-1.0,-1,-1,1,,99,6,,,
1646,17,7,6,8,9,2,99,1,28,2,4.0,5.0,9999.0,2,2010,-1.0,-1,-1,1,,99,6,,,
1647,23,10,6,8,16,2,99,1,53,1,3.0,5.0,9999.0,3,2010,-1.0,-1,-1,1,,99,6,,,
1648,18,3,4,8,17,1,99,1,39,9,4.0,99.0,9999.0,2,2010,-1.0,-1,-1,1,,99,6,,,
1649,20,8,5,8,16,2,99,1,35,1,4.0,99.0,9999.0,4,2010,-1.0,-1,-1,1,,99,6,,,
1650,20,9,1,8,1,1,12,2,29,1,1.0,99.0,1993.0,2,2010,-1.0,-1,-1,1,,99,6,,,
1651,20,9,1,8,13,2,99,1,48,1,5.0,99.0,9999.0,3,2010,-1.0,-1,-1,1,,99,6,,,
1652,23,5,7,8,14,2,99,1,28,1,9.0,3.0,2007.0,4,2010,-1.0,-1,-1,1,,99,6,,,
1653,24,11,3,8,5,2,99,1,50,1,1.0,2.0,1989.0,1,2010,-1.0,-1,-1,1,,99,6,,,
1654,21,3,7,8,12,2,99,9,999,9,3.0,5.0,9999.0,3,2010,-1.0,-1,-1,9,,99,6,,,
1655,26,8,4,8,19,2,99,1,24,1,1.0,99.0,9999.0,2,2010,-1.0,-1,-1,1,,99,6,,,
1656,26,3,5,8,1,1,6,9,999,9,7.0,1.0,9999.0,2,2010,-1.0,-1,-1,9,,99,6,,,
1657,29,12,3,8,15,2,99,1,41,9,6.0,99.0,9999.0,4,2010,-1.0,-1,-1,1,,99,6,,,
1658,27,4,2,8,15,2,99,1,46,1,3.0,9.0,1989.0,3,2010,-1.0,-1,-1,1,,99,6,,,
1659,1,6,2,9,11,2,99,1,28,1,5.0,99.0,1983.0,1,2010,-1.0,-1,-1,1,,99,6,,,
1660,1,6,2,9,11,2,99,1,47,1,4.0,1.0,2008.0,1,2010,-1.0,-1,-1,1,,99,6,,,
1661,1,5,6,9,6,2,99,9,999,9,7.0,99.0,9999.0,1,2010,-1.0,-1,-1,9,,99,6,,,
1662,3,7,6,9,13,2,99,1,999,1,3.0,99.0,9999.0,1,2010,-1.0,-1,-1,9,,99,6,,,
1663,3,7,6,9,13,2,99,1,999,1,3.0,99.0,9999.0,1,2010,-1.0,-1,-1,9,,99,6,,,
1664,3,7,6,9,13,2,99,1,999,1,3.0,99.0,9999.0,1,2010,-1.0,-1,-1,9,,99,6,,,
1665,1,5,6,9,18,2,99,9,999,9,2.0,99.0,9999.0,1,2010,-1.0,-1,-1,9,,99,6,,,
1666,1,5,6,9,18,2,99,1,25,1,4.0,5.0,9999.0,1,2010,-1.0,-1,-1,1,,99,6,,,
1667,6,10,3,9,19,2,99,2,30,9,1.0,99.0,9999.0,1,2010,-1.0,-1,-1,1,,99,6,,,
1668,6,10,3,9,19,2,99,1,21,9,4.0,99.0,9999.0,1,2010,-1.0,-1,-1,1,,99,6,,,
1669,10,2,3,9,11,1,1,1,26,9,4.0,99.0,2004.0,1,2010,-1.0,-1,-1,1,,99,6,,,
1670,10,2,3,9,11,1,1,1,40,9,1.0,4.0,2006.0,1,2010,-1.0,-1,-1,1,,99,6,,,
1671,10,2,3,9,11,1,1,2,25,9,1.0,99.0,9999.0,1,2010,-1.0,-1,-1,1,,99,6,,,
1672,8,3,1,9,1,1,6,2,35,9,99.0,99.0,9999.0,1,2010,-1.0,-1,-1,1,,99,6,,,
1673,8,3,1,9,1,1,6,1,54,9,4.0,99.0,9999.0,1,2010,-1.0,-1,-1,1,,99,6,,,
1674,10,6,4,9,16,2,99,1,28,1,3.0,5.0,1993.0,1,2010,-1.0,-1,-1,1,,99,6,,,
1675,10,6,4,9,16,2,99,1,21,1,14.0,1.0,2009.0,1,2010,-1.0,-1,-1,1,,99,6,,,
1676,8,3,1,9,7,2,99,1,46,9,3.0,2.0,9999.0,1,2010,-1.0,-1,-1,1,,99,6,,,
1677,8,3,1,9,7,2,99,1,22,9,4.0,1.0,9999.0,1,2010,-1.0,-1,-1,1,,99,6,,,
1678,9,7,5,9,12,2,99,2,36,1,3.0,6.0,2000.0,1,2010,-1.0,-1,-1,1,,99,6,,,
1679,9,7,5,9,12,2,99,1,20,1,4.0,5.0,2006.0,1,2010,-1.0,-1,-1,1,,99,6,,,
1680,9,9,4,9,1,2,99,1,24,1,5.0,7.0,9999.0,1,2010,-1.0,-1,-1,1,,99,6,,,
1681,13,2,6,9,17,2,99,9,999,9,99.0,99.0,9999.0,1,2010,-1.0,-1,-1,9,,99,6,,,
1682,13,2,6,9,17,2,99,1,32,9,4.0,99.0,9999.0,1,2010,-1.0,-1,-1,1,,99,6,,,
1683,6,5,4,9,4,1,1,9,999,9,1.0,99.0,1984.0,1,2010,-1.0,-1,-1,9,,99,6,,,
1684,6,5,4,9,4,1,1,1,34,1,8.0,2.0,2001.0,1,2010,-1.0,-1,-1,1,,99,6,,,
1685,8,8,7,9,2,2,99,1,45,9,6.0,1.0,1997.0,1,2010,-1.0,-1,-1,1,,99,6,,,
1686,12,3,5,9,10,2,99,1,56,9,6.0,6.0,1976.0,1,2010,-1.0,-1,-1,1,,99,6,,,
1687,12,3,5,9,10,2,99,1,28,9,3.0,3.0,2009.0,1,2010,-1.0,-1,-1,1,,99,6,,,
1688,14,10,4,9,1,1,6,9,999,9,99.0,99.0,9999.0,1,2010,-1.0,-1,-1,9,,99,6,,,
1689,14,10,4,9,1,1,6,1,30,9,4.0,1.0,9999.0,1,2010,-1.0,-1,-1,1,,99,6,,,
1690,9,8,1,9,3,2,99,1,27,1,7.0,1.0,1987.0,1,2010,-1.0,-1,-1,1,,99,6,,,
1691,9,8,1,9,3,2,99,9,999,9,7.0,8.0,1993.0,1,2010,-1.0,-1,-1,9,,99,6,,,
1692,13,3,6,9,15,2,99,1,50,9,1.0,7.0,1985.0,1,2010,-1.0,-1,-1,1,,99,6,,,
1693,13,3,6,9,15,2,99,1,25,9,9.0,2.0,2008.0,1,2010,-1.0,-1,-1,1,,99,6,,,
1694,17,6,4,9,1,1,12,2,34,1,1.0,2.0,1998.0,1,2010,-1.0,-1,-1,1,,99,6,,,
1695,17,6,4,9,1,1,12,1,45,1,10.0,2.0,9999.0,1,2010,-1.0,-1,-1,1,,99,6,,,
1696,17,2,3,9,4,2,99,9,999,9,2.0,99.0,9999.0,1,2010,-1.0,-1,-1,9,,99,6,,,
1697,17,2,3,9,4,2,99,1,37,9,4.0,99.0,9999.0,1,2010,-1.0,-1,-1,1,,99,6,,,
1698,8,4,4,9,1,1,10,1,22,1,2.0,5.0,2009.0,1,2010,-1.0,-1,-1,1,,99,6,,,
1699,8,4,4,9,17,2,99,9,999,9,5.0,2.0,9999.0,1,2010,-1.0,-1,-1,9,,99,6,,,
1700,8,4,4,9,17,2,99,1,22,1,4.0,99.0,9999.0,1,2010,-1.0,-1,-1,1,,99,6,,,
1701,18,1,1,9,14,2,99,1,26,9,4.0,3.0,2008.0,1,2010,-1.0,-1,-1,1,,99,6,,,
1702,18,1,1,9,14,2,99,9,999,9,99.0,99.0,9999.0,1,2010,-1.0,-1,-1,9,,99,6,,,
1703,14,9,2,9,10,2,99,1,22,1,4.0,5.0,2008.0,1,2010,-1.0,-1,-1,1,,99,6,,,
1704,14,9,2,9,10,2,99,1,35,1,4.0,1.0,2009.0,1,2010,-1.0,-1,-1,1,,99,6,,,
1705,19,1,2,9,1,1,12,2,22,9,1.0,99.0,9999.0,1,2010,-1.0,-1,-1,1,,99,6,,,
1706,19,1,2,9,1,1,12,1,47,9,1.0,99.0,9999.0,1,2010,-1.0,-1,-1,1,,99,6,,,
1707,19,1,2,9,1,1,12,1,35,9,4.0,99.0,9999.0,1,2010,-1.0,-1,-1,1,,99,6,,,
1708,14,3,7,9,17,2,99,1,50,9,3.0,99.0,9999.0,1,2010,-1.0,-1,-1,1,,99,6,,,
1709,14,3,7,9,17,2,99,1,29,9,4.0,5.0,9999.0,1,2010,-1.0,-1,-1,1,,99,6,,,
1710,10,4,6,9,11,1,1,1,21,1,5.0,2.0,1986.0,1,2010,-1.0,-1,-1,1,,99,6,,,
1711,10,4,6,9,11,1,1,1,36,1,2.0,9.0,1994.0,1,2010,-1.0,-1,-1,1,,99,6,,,
1712,22,10,5,9,1,1,1,1,46,1,1.0,11.0,1997.0,1,2010,-1.0,-1,-1,1,,99,6,,,
1713,22,10,5,9,1,1,1,1,31,1,3.0,5.0,2009.0,1,2010,-1.0,-1,-1,1,,99,6,,,
1714,11,4,7,9,17,2,99,1,48,1,2.0,5.0,1987.0,1,2010,-1.0,-1,-1,1,,99,6,,,
1715,24,1,7,9,17,2,99,1,40,9,5.0,2.0,2000.0,1,2010,-1.0,-1,-1,1,,99,6,,,
1716,24,1,7,9,17,2,99,1,34,9,3.0,9.0,9999.0,1,2010,-1.0,-1,-1,1,,99,6,,,
1717,14,4,3,9,1,1,99,1,35,1,1.0,2.0,1983.0,1,2010,-1.0,-1,-1,1,,99,6,,,
1718,14,4,3,9,1,1,99,1,29,1,4.0,1.0,9999.0,1,2010,-1.0,-1,-1,1,,99,6,,,
1719,21,8,6,9,1,1,9,1,60,1,6.0,1.0,1992.0,1,2010,-1.0,-1,-1,1,,99,6,,,
1720,27,2,6,9,16,2,99,1,19,1,5.0,3.0,1995.0,1,2010,-1.0,-1,-1,1,,99,6,,,
1721,27,2,6,9,16,2,99,1,24,1,5.0,2.0,2006.0,1,2010,-1.0,-1,-1,1,,99,6,,,
1722,22,5,6,9,4,2,99,1,35,1,3.0,6.0,2000.0,1,2010,-1.0,-1,-1,1,,99,6,,,
1723,22,5,6,9,4,2,99,1,21,1,14.0,1.0,2007.0,1,2010,-1.0,-1,-1,1,,99,6,,,
1724,27,10,3,9,1,1,5,1,36,9,1.0,5.0,1997.0,1,2010,-1.0,-1,-1,1,,99,6,,,
1725,27,10,3,9,1,1,5,1,31,9,1.0,99.0,9999.0,1,2010,-1.0,-1,-1,1,,99,6,,,
1726,27,10,3,9,9,1,99,1,17,9,3.0,3.0,1995.0,1,2010,-1.0,-1,-1,2,,99,6,,,
1727,27,10,3,9,9,1,99,1,40,9,4.0,7.0,9999.0,1,2010,-1.0,-1,-1,1,,99,6,,,
1728,28,10,4,9,12,2,99,1,35,9,3.0,2.0,1981.0,1,2010,-1.0,-1,-1,1,,99,6,,,
1729,28,10,4,9,12,2,99,1,35,9,5.0,2.0,1984.0,1,2010,-1.0,-1,-1,1,,99,6,,,
1730,21,3,7,9,22,2,6,1,55,1,1.0,4.0,1982.0,1,2010,-1.0,-1,-1,1,,99,6,,,
1731,21,3,7,9,22,2,6,1,27,1,9.0,1.0,1999.0,1,2010,-1.0,-1,-1,1,,99,6,,,
1732,25,11,4,9,1,2,99,1,38,9,4.0,3.0,1998.0,1,2010,-1.0,-1,-1,1,,99,6,,,
1733,25,11,4,9,1,2,99,1,26,9,1.0,4.0,2002.0,1,2010,-1.0,-1,-1,1,,99,6,,,
1734,17,4,6,9,1,1,11,9,999,9,7.0,99.0,9999.0,1,2010,-1.0,-1,-1,9,,99,6,,,
1735,23,12,4,9,1,2,99,1,27,9,3.0,2.0,2004.0,1,2010,-1.0,-1,-1,1,,99,6,,,
1736,23,12,4,9,1,2,99,2,29,9,1.0,6.0,9999.0,1,2010,-1.0,-1,-1,1,,99,6,,,
1737,31,10,7,9,1,1,1,1,31,1,1.0,9.0,1999.0,1,2010,-1.0,-1,-1,1,,99,6,,,
1738,31,10,7,9,1,1,1,1,53,1,3.0,6.0,2000.0,1,2010,-1.0,-1,-1,1,,99,6,,,
1739,25,8,3,9,11,2,99,1,26,1,5.0,99.0,9999.0,1,2010,-1.0,-1,-1,1,,99,6,,,
1740,31,10,7,9,5,2,99,1,999,9,5.0,3.0,2006.0,1,2010,-1.0,-1,-1,9,,99,6,,,
1741,31,10,7,9,5,2,99,1,16,9,4.0,3.0,2006.0,1,2010,-1.0,-1,-1,2,,99,6,,,
1742,19,4,1,9,13,2,99,1,26,1,12.0,2.0,2007.0,1,2010,-1.0,-1,-1,1,,99,6,,,
1743,19,4,1,9,13,2,99,1,40,1,5.0,2.0,9999.0,1,2010,-1.0,-1,-1,1,,99,6,,,
1744,30,11,2,9,22,2,99,2,29,1,4.0,3.0,2007.0,1,2010,-1.0,-1,-1,1,,99,6,,,
1745,30,11,2,9,22,2,99,9,999,1,1.0,99.0,9999.0,1,2010,-1.0,-1,-1,9,,99,6,,,
1746,30,11,2,9,1,1,7,1,39,1,4.0,3.0,9999.0,1,2010,-1.0,-1,-1,1,,99,6,,,
1747,30,11,2,9,1,1,7,1,35,1,10.0,99.0,9999.0,1,2010,-1.0,-1,-1,1,,99,6,,,
1748,28,7,3,9,1,1,1,1,999,1,3.0,5.0,2009.0,1,2010,-1.0,-1,-1,9,,99,6,,,
1749,28,7,3,9,1,1,1,1,33,1,2.0,4.0,9999.0,1,2010,-1.0,-1,-1,1,,99,6,,,
1750,28,7,3,9,17,2,99,1,29,1,3.0,1.0,1987.0,1,2010,-1.0,-1,-1,1,,99,6,,,
1751,28,7,3,9,17,2,99,1,18,1,4.0,4.0,2008.0,1,2010,-1.0,-1,-1,1,,99,6,,,
1752,31,12,5,9,1,1,1,1,31,1,2.0,1.0,2004.0,1,2010,-1.0,-1,-1,1,,99,6,,,
1753,31,12,5,9,1,1,1,1,24,2,2.0,2.0,2007.0,1,2010,-1.0,-1,-1,1,,99,6,,,
1754,30,7,5,9,14,2,99,1,28,1,5.0,99.0,9999.0,1,2010,-1.0,-1,-1,1,,99,6,,,
1755,30,7,5,9,14,2,99,1,22,1,5.0,1.0,9999.0,1,2010,-1.0,-1,-1,1,,99,6,,,
1756,31,7,6,9,1,1,17,1,48,1,3.0,2.0,1995.0,1,2010,-1.0,-1,-1,1,,99,6,,,
1757,31,7,6,9,1,1,17,1,33,1,1.0,4.0,1995.0,1,2010,-1.0,-1,-1,1,,99,6,,,
1758,8,2,1,9,20,2,99,1,59,9,4.0,5.0,9999.0,4,2010,-1.0,-1,-1,1,,99,6,,,
1759,5,11,5,9,1,1,18,1,28,9,14.0,1.0,2004.0,3,2010,-1.0,-1,-1,1,,99,6,,,
1760,7,11,7,9,16,1,9,9,999,9,2.0,2.0,2007.0,3,2010,-1.0,-1,-1,9,,99,6,,,
1761,11,6,5,9,14,2,99,1,999,1,3.0,1.0,9999.0,4,2010,-1.0,-1,-1,9,,99,6,,,
1762,10,10,7,9,21,2,99,9,999,9,3.0,1.0,1989.0,3,2010,-1.0,-1,-1,9,,99,6,,,
1763,7,4,3,9,9,2,99,9,999,9,3.0,2.0,9999.0,2,2010,-1.0,-1,-1,9,,99,6,,,
1764,11,5,2,9,1,1,1,9,999,9,12.0,99.0,9999.0,2,2010,-1.0,-1,-1,9,,99,6,,,
1765,15,8,7,9,8,2,99,1,40,9,3.0,1.0,1992.0,4,2010,-1.0,-1,-1,1,,99,6,,,
1766,10,4,6,9,7,2,99,1,45,1,6.0,3.0,9999.0,4,2010,-1.0,-1,-1,1,,99,6,,,
1767,16,12,4,9,14,2,99,1,58,2,3.0,6.0,1995.0,2,2010,-1.0,-1,-1,1,,99,6,,,
1768,19,5,3,9,17,2,99,9,999,9,9.0,99.0,9999.0,4,2010,-1.0,-1,-1,9,,99,6,,,
1769,13,4,2,9,16,2,99,9,999,9,3.0,9.0,9999.0,3,2010,-1.0,-1,-1,9,,99,6,,,
1770,20,5,4,9,4,2,99,1,34,9,3.0,1.0,9999.0,2,2010,-1.0,-1,-1,1,,99,6,,,
1771,22,11,1,9,20,2,99,1,65,1,3.0,11.0,1982.0,3,2010,-1.0,-1,-1,1,,99,6,,,
1772,22,5,6,9,10,2,99,1,59,1,3.0,2.0,9999.0,3,2010,-1.0,-1,-1,1,,99,6,,,
1773,24,11,3,9,12,2,99,9,999,1,3.0,10.0,9999.0,3,2010,-1.0,-1,-1,9,,99,6,,,
1774,27,5,4,9,1,2,24,1,15,1,14.0,1.0,9999.0,3,2010,-1.0,-1,-1,2,,99,6,,,
1775,24,8,2,9,14,2,99,1,18,1,3.0,2.0,9999.0,1,2010,-1.0,-1,-1,1,,99,6,,,
1776,26,12,7,9,7,1,99,1,20,1,14.0,1.0,9999.0,3,2010,-1.0,-1,-1,1,,99,6,,,
1777,26,8,4,9,6,2,99,1,42,1,6.0,2.0,1995.0,1,2010,-1.0,-1,-1,1,,99,6,,,
1778,26,8,4,9,6,2,99,1,29,1,3.0,3.0,1995.0,1,2010,-1.0,-1,-1,1,,99,6,,,
1779,29,9,3,9,16,2,99,1,27,1,5.0,3.0,2008.0,2,2010,-1.0,-1,-1,1,,99,6,,,
1780,21,4,3,9,18,2,99,1,32,1,1.0,4.0,9999.0,4,2010,-1.0,-1,-1,1,,99,6,,,
1781,30,9,4,9,1,1,8,2,50,9,7.0,1.0,9999.0,2,2010,-1.0,-1,-1,1,,99,6,,,
1782,30,8,1,9,16,2,99,1,50,1,1.0,99.0,9999.0,4,2010,-1.0,-1,-1,1,,99,6,,,
1783,1,8,7,10,1,1,1,1,22,1,12.0,1.0,1985.0,1,2010,-1.0,-1,-1,1,,99,6,,,
1784,1,8,7,10,1,1,1,1,42,1,12.0,1.0,1998.0,1,2010,-1.0,-1,-1,1,,99,6,,,
1785,1,11,1,10,5,2,99,1,27,2,1.0,4.0,1994.0,1,2010,-1.0,-1,-1,1,,99,6,,,
1786,1,11,1,10,5,2,99,2,67,9,1.0,3.0,2006.0,1,2010,-1.0,-1,-1,1,,99,6,,,
1787,1,3,1,10,11,2,99,1,52,9,6.0,2.0,1992.0,1,2010,-1.0,-1,-1,1,,99,6,,,
1788,1,3,1,10,11,2,99,1,40,9,3.0,11.0,2006.0,1,2010,-1.0,-1,-1,1,,99,6,,,
1789,1,5,6,10,1,1,10,2,58,1,2.0,2.0,1996.0,1,2010,-1.0,-1,-1,1,,99,6,,,
1790,1,5,6,10,1,1,10,1,57,1,4.0,1.0,9999.0,1,2010,-1.0,-1,-1,1,,99,6,,,
1791,1,8,7,10,17,1,99,9,999,9,1.0,99.0,9999.0,1,2010,-1.0,-1,-1,9,,99,6,,,
1792,1,8,7,10,17,1,99,1,19,1,4.0,99.0,9999.0,1,2010,-1.0,-1,-1,1,,99,6,,,
1793,2,9,4,10,12,2,99,1,27,1,99.0,99.0,9999.0,1,2010,-1.0,-1,-1,1,,99,6,,,
1794,2,9,4,10,12,2,99,1,40,1,12.0,1.0,9999.0,1,2010,-1.0,-1,-1,1,,99,6,,,
1795,3,12,5,10,1,1,10,9,999,9,1.0,11.0,9999.0,1,2010,-1.0,-1,-1,9,,99,6,,,
1796,5,2,5,10,1,2,99,1,52,2,1.0,2.0,2007.0,1,2010,-1.0,-1,-1,1,,99,6,,,
1797,5,2,5,10,1,2,99,1,34,9,4.0,5.0,2008.0,1,2010,-1.0,-1,-1,1,,99,6,,,
1798,1,4,4,10,13,2,99,1,41,1,99.0,5.0,1990.0,1,2010,-1.0,-1,-1,1,,99,6,,,
1799,1,4,4,10,13,2,99,9,999,9,3.0,2.0,9999.0,1,2010,-1.0,-1,-1,9,,99,6,,,
1800,4,10,1,10,1,1,5,1,43,1,1.0,3.0,2003.0,1,2010,-1.0,-1,-1,1,,99,6,,,
1801,4,10,1,10,1,1,5,1,29,1,3.0,5.0,9999.0,1,2010,-1.0,-1,-1,1,,99,6,,,
1802,6,2,6,10,1,1,7,1,25,9,1.0,5.0,1987.0,1,2010,-1.0,-1,-1,1,,99,6,,,
1803,6,2,6,10,1,1,7,1,36,9,1.0,99.0,9999.0,1,2010,-1.0,-1,-1,1,,99,6,,,
1804,6,2,6,10,1,1,7,1,21,9,1.0,5.0,9999.0,1,2010,-1.0,-1,-1,1,,99,6,,,
1805,2,11,2,10,10,2,99,1,36,1,1.0,7.0,1989.0,1,2010,-1.0,-1,-1,1,,99,6,,,
1806,2,11,2,10,10,2,99,1,42,2,1.0,5.0,1993.0,1,2010,-1.0,-1,-1,1,,99,6,,,
1807,6,2,6,10,2,2,99,1,41,1,6.0,99.0,9999.0,1,2010,-1.0,-1,-1,1,,99,6,,,
1808,3,6,4,10,14,1,4,1,38,1,3.0,6.0,1981.0,1,2010,-1.0,-1,-1,1,,99,6,,,
1809,3,6,4,10,14,1,4,2,15,1,4.0,1.0,9999.0,1,2010,-1.0,-1,-1,2,,99,6,,,
1810,2,5,7,10,21,2,99,9,999,9,9.0,1.0,2008.0,1,2010,-1.0,-1,-1,9,,99,6,,,
1811,2,5,7,10,21,2,99,1,999,1,9.0,1.0,2009.0,1,2010,-1.0,-1,-1,9,,99,6,,,
1812,4,11,4,10,1,1,12,1,32,9,4.0,2.0,9999.0,1,2010,-1.0,-1,-1,1,,99,6,,,
1813,4,11,4,10,1,1,12,9,999,9,1.0,99.0,9999.0,1,2010,-1.0,-1,-1,9,,99,6,,,
1814,4,11,4,10,6,2,99,1,42,2,3.0,2.0,1980.0,1,2010,-1.0,-1,-1,1,,99,6,,,
1815,4,11,4,10,6,2,99,2,25,1,4.0,7.0,9999.0,1,2010,-1.0,-1,-1,1,,99,6,,,
1816,6,10,3,10,1,1,12,1,32,9,6.0,2.0,9999.0,1,2010,-1.0,-1,-1,1,,99,6,,,
1817,6,10,3,10,1,1,12,1,27,9,5.0,2.0,9999.0,1,2010,-1.0,-1,-1,1,,99,6,,,
1818,6,10,3,10,1,1,12,1,34,9,5.0,2.0,9999.0,1,2010,-1.0,-1,-1,1,,99,6,,,
1819,6,10,3,10,1,1,12,1,27,9,7.0,6.0,9999.0,1,2010,-1.0,-1,-1,1,,99,6,,,
1820,6,10,3,10,1,1,12,1,28,9,2.0,6.0,9999.0,1,2010,-1.0,-1,-1,1,,99,6,,,
1821,6,10,3,10,1,1,12,1,37,9,3.0,6.0,9999.0,1,2010,-1.0,-1,-1,1,,99,6,,,
1822,5,7,1,10,12,2,99,1,28,1,3.0,6.0,1997.0,1,2010,-1.0,-1,-1,1,,99,6,,,
1823,5,7,1,10,12,2,99,1,34,1,4.0,3.0,9999.0,1,2010,-1.0,-1,-1,1,,99,6,,,
1824,7,1,4,10,1,1,8,1,31,9,11.0,2.0,2009.0,1,2010,-1.0,-1,-1,1,,99,6,,,
1825,7,1,4,10,1,1,8,1,35,9,3.0,8.0,9999.0,1,2010,-1.0,-1,-1,1,,99,6,,,
1826,7,10,4,10,8,1,7,1,26,9,3.0,16.0,1995.0,1,2010,-1.0,-1,-1,1,,99,6,,,
1827,7,10,4,10,8,1,7,1,41,9,3.0,9.0,2000.0,1,2010,-1.0,-1,-1,1,,99,6,,,
1828,5,5,3,10,2,2,99,1,39,1,1.0,4.0,2000.0,1,2010,-1.0,-1,-1,1,,99,6,,,
1829,5,5,3,10,2,2,99,1,26,1,6.0,3.0,2008.0,1,2010,-1.0,-1,-1,1,,99,6,,,
1830,8,12,3,10,1,1,1,1,31,9,1.0,5.0,1997.0,1,2010,-1.0,-1,-1,1,,99,6,,,
1831,8,12,3,10,1,1,1,1,35,9,3.0,3.0,2007.0,1,2010,-1.0,-1,-1,1,,99,6,,,
1832,9,10,6,10,1,1,99,1,21,1,4.0,1.0,2007.0,1,2010,-1.0,-1,-1,1,,99,6,,,
1833,9,10,6,10,1,1,99,1,31,1,11.0,2.0,9999.0,1,2010,-1.0,-1,-1,1,,99,6,,,
1834,4,4,7,10,1,1,11,1,51,1,2.0,2.0,2002.0,1,2010,-1.0,-1,-1,1,,99,6,,,
1835,4,4,7,10,1,1,11,1,31,1,10.0,2.0,9999.0,1,2010,-1.0,-1,-1,1,,99,6,,,
1836,4,4,7,10,1,1,11,9,999,9,7.0,1.0,9999.0,1,2010,-1.0,-1,-1,9,,99,6,,,
1837,9,3,2,10,6,1,99,2,28,9,4.0,99.0,9999.0,1,2010,-1.0,-1,-1,1,,99,6,,,
1838,9,3,2,10,6,1,99,9,999,9,3.0,99.0,9999.0,1,2010,-1.0,-1,-1,9,,99,6,,,
1839,6,5,4,10,6,2,99,9,999,9,5.0,99.0,9999.0,1,2010,-1.0,-1,-1,9,,99,6,,,
1840,10,7,5,10,1,1,13,2,999,1,1.0,4.0,1994.0,1,2010,-1.0,-1,-1,9,,99,6,,,
1841,10,7,5,10,1,1,13,1,25,1,1.0,6.0,2000.0,1,2010,-1.0,-1,-1,1,,99,6,,,
1842,11,11,4,10,1,1,12,1,50,9,4.0,11.0,9999.0,1,2010,-1.0,-1,-1,1,,99,6,,,
1843,11,11,4,10,1,1,12,1,64,9,4.0,1.0,9999.0,1,2010,-1.0,-1,-1,1,,99,6,,,
1844,14,2,7,10,1,1,99,1,19,9,3.0,5.0,1996.0,1,2010,-1.0,-1,-1,1,,99,6,,,
1845,14,2,7,10,1,1,99,1,28,9,4.0,3.0,9999.0,1,2010,-1.0,-1,-1,1,,99,6,,,
1846,10,9,5,10,7,2,99,9,999,9,3.0,3.0,9999.0,1,2010,-1.0,-1,-1,9,,99,6,,,
1847,10,9,5,10,7,2,99,1,50,1,2.0,2.0,9999.0,1,2010,-1.0,-1,-1,1,,99,6,,,
1848,17,6,4,10,1,1,6,9,999,9,5.0,1.0,1981.0,1,2010,-1.0,-1,-1,9,,99,6,,,
1849,17,6,4,10,1,1,6,1,31,1,12.0,1.0,9999.0,1,2010,-1.0,-1,-1,1,,99,6,,,
1850,14,3,7,10,22,2,99,1,23,9,3.0,10.0,1987.0,1,2010,-1.0,-1,-1,1,,99,6,,,
1851,14,3,7,10,22,2,99,1,33,9,4.0,3.0,9999.0,1,2010,-1.0,-1,-1,1,,99,6,,,
1852,18,1,1,10,6,2,99,1,999,9,99.0,5.0,9999.0,1,2010,-1.0,-1,-1,9,,99,6,,,
1853,18,1,1,10,6,2,99,1,88,9,3.0,5.0,9999.0,1,2010,-1.0,-1,-1,1,,99,6,,,
1854,10,4,6,10,1,2,99,1,46,1,5.0,14.0,1998.0,1,2010,-1.0,-1,-1,1,,99,6,,,
1855,19,11,5,10,17,2,99,1,19,1,3.0,4.0,1998.0,1,2010,-1.0,-1,-1,1,,99,6,,,
1856,19,11,5,10,17,2,99,1,41,1,9.0,3.0,2008.0,1,2010,-1.0,-1,-1,1,,99,6,,,
1857,15,5,6,10,17,2,99,1,15,1,4.0,99.0,9999.0,1,2010,-1.0,-1,-1,2,,99,6,,,
1858,15,5,6,10,17,2,99,9,999,9,3.0,99.0,9999.0,1,2010,-1.0,-1,-1,9,,99,6,,,
1859,24,2,3,10,21,1,99,1,24,9,3.0,4.0,9999.0,1,2010,-1.0,-1,-1,1,,99,6,,,
1860,24,2,3,10,21,1,99,1,45,9,3.0,1.0,9999.0,1,2010,-1.0,-1,-1,1,,99,6,,,
1861,18,8,3,10,5,2,99,9,999,9,2.0,3.0,1999.0,1,2010,-1.0,-1,-1,9,,99,6,,,
1862,18,8,3,10,5,2,99,9,999,9,5.0,2.0,9999.0,1,2010,-1.0,-1,-1,9,,99,6,,,
1863,17,12,5,10,4,2,99,1,21,1,3.0,3.0,1984.0,1,2010,-1.0,-1,-1,1,,99,6,,,
1864,25,6,5,10,22,2,99,1,28,1,9.0,2.0,2009.0,1,2010,-1.0,-1,-1,1,,99,6,,,
1865,24,10,7,10,5,2,99,1,63,1,3.0,5.0,1994.0,1,2010,-1.0,-1,-1,1,,99,6,,,
1866,24,10,7,10,5,2,99,1,27,9,4.0,1.0,2010.0,1,2010,-1.0,-1,-1,1,,99,6,,,
1867,13,4,2,10,21,1,2,1,37,1,14.0,1.0,2004.0,1,2010,-1.0,-1,-1,1,,99,6,,,
1868,13,4,2,10,21,1,2,9,999,9,2.0,99.0,9999.0,1,2010,-1.0,-1,-1,9,,99,6,,,
1869,26,1,2,10,6,2,99,1,53,1,3.0,9.0,9999.0,1,2010,-1.0,-1,-1,1,,99,6,,,
1870,24,10,7,10,3,2,99,1,29,9,1.0,5.0,1999.0,1,2010,-1.0,-1,-1,1,,99,6,,,
1871,28,1,4,10,5,2,99,1,40,1,5.0,7.0,9999.0,1,2010,-1.0,-1,-1,1,,99,6,,,
1872,20,7,2,10,7,2,99,1,32,1,5.0,99.0,9999.0,1,2010,-1.0,-1,-1,1,,99,6,,,
1873,20,7,2,10,7,2,99,1,55,1,99.0,99.0,9999.0,1,2010,-1.0,-1,-1,1,,99,6,,,
1874,21,7,3,10,14,2,99,9,999,9,1.0,99.0,9999.0,1,2010,-1.0,-1,-1,9,,99,6,,,
1875,21,7,3,10,14,2,99,1,30,9,3.0,14.0,9999.0,1,2010,-1.0,-1,-1,1,,99,6,,,
1876,21,8,6,10,8,2,99,1,24,9,4.0,5.0,9999.0,1,2010,-1.0,-1,-1,1,,99,6,,,
1877,21,8,6,10,8,2,99,9,999,9,3.0,1.0,9999.0,1,2010,-1.0,-1,-1,9,,99,6,,,
1878,23,5,7,10,4,2,99,1,21,1,9.0,14.0,1991.0,1,2010,-1.0,-1,-1,1,,99,6,,,
1879,24,11,3,10,1,2,99,2,20,1,1.0,4.0,1985.0,1,2010,-1.0,-1,-1,1,,99,6,,,
1880,24,11,3,10,1,2,99,1,18,1,4.0,1.0,9999.0,1,2010,-1.0,-1,-1,1,,99,6,,,
1881,21,12,2,10,22,2,99,1,28,1,3.0,11.0,9999.0,1,2010,-1.0,-1,-1,1,,99,6,,,
1882,21,12,2,10,22,2,99,1,31,1,2.0,2.0,9999.0,1,2010,-1.0,-1,-1,1,,99,6,,,
1883,22,9,3,10,3,2,99,9,999,9,6.0,99.0,9999.0,1,2010,-1.0,-1,-1,9,,99,6,,,
1884,22,9,3,10,3,2,99,1,28,1,5.0,99.0,9999.0,1,2010,-1.0,-1,-1,1,,99,6,,,
1885,21,12,2,10,5,2,99,9,999,9,3.0,3.0,9999.0,1,2010,-1.0,-1,-1,9,,99,6,,,
1886,23,12,4,10,2,2,99,1,34,1,1.0,3.0,1987.0,1,2010,-1.0,-1,-1,1,,99,6,,,
1887,23,12,4,10,2,2,99,1,20,1,5.0,2.0,2003.0,1,2010,-1.0,-1,-1,1,,99,6,,,
1888,24,8,2,10,9,1,99,1,23,1,9.0,5.0,2005.0,1,2010,-1.0,-1,-1,1,,99,6,,,
1889,24,8,2,10,9,1,99,1,27,1,4.0,1.0,2008.0,1,2010,-1.0,-1,-1,1,,99,6,,,
1890,31,10,7,10,1,1,7,9,999,9,3.0,11.0,1979.0,1,2010,-1.0,-1,-1,9,,99,6,,,
1891,31,10,7,10,1,1,7,1,27,9,4.0,1.0,9999.0,1,2010,-1.0,-1,-1,1,,99,6,,,
1892,31,10,7,10,10,2,99,1,17,9,5.0,2.0,9999.0,1,2010,-1.0,-1,-1,2,,99,6,,,
1893,31,10,7,10,10,2,99,2,24,9,3.0,6.0,9999.0,1,2010,-1.0,-1,-1,1,,99,6,,,
1894,24,3,3,10,18,1,99,9,999,9,1.0,99.0,9999.0,1,2010,-1.0,-1,-1,9,,99,6,,,
1895,24,3,3,10,18,1,99,1,40,1,4.0,99.0,9999.0,1,2010,-1.0,-1,-1,1,,99,6,,,
1896,19,4,1,10,20,2,99,2,53,9,1.0,4.0,2002.0,1,2010,-1.0,-1,-1,1,,99,6,,,
1897,19,4,1,10,20,2,99,9,999,9,1.0,6.0,9999.0,1,2010,-1.0,-1,-1,9,,99,6,,,
1898,29,11,1,10,14,2,99,1,999,1,7.0,2.0,1986.0,1,2010,-1.0,-1,-1,9,,99,6,,,
1899,29,11,1,10,14,2,99,1,25,1,3.0,1.0,1986.0,1,2010,-1.0,-1,-1,1,,99,6,,,
1900,27,3,6,10,21,1,1,1,49,1,5.0,2.0,1993.0,1,2010,-1.0,-1,-1,1,,99,6,,,
1901,27,3,6,10,21,1,1,2,21,1,4.0,1.0,2001.0,1,2010,-1.0,-1,-1,1,,99,6,,,
1902,30,8,1,10,1,1,5,1,28,1,4.0,2.0,9999.0,1,2010,-1.0,-1,-1,1,,99,6,,,
1903,30,8,1,10,1,1,5,9,999,9,1.0,8.0,9999.0,1,2010,-1.0,-1,-1,9,,99,6,,,
1904,27,3,6,10,16,2,99,1,29,1,9.0,2.0,9999.0,1,2010,-1.0,-1,-1,1,,99,6,,,
1905,27,3,6,10,16,2,99,1,20,1,3.0,9.0,9999.0,1,2010,-1.0,-1,-1,1,,99,6,,,
1906,30,12,4,10,13,2,99,1,34,9,3.0,11.0,1985.0,1,2010,-1.0,-1,-1,1,,99,6,,,
1907,30,12,4,10,13,2,99,1,34,9,6.0,7.0,1999.0,1,2010,-1.0,-1,-1,1,,99,6,,,
1908,27,4,2,10,1,1,6,1,26,1,9.0,3.0,9999.0,1,2010,-1.0,-1,-1,1,,99,6,,,
1909,27,4,2,10,1,1,6,1,39,1,12.0,1.0,9999.0,1,2010,-1.0,-1,-1,1,,99,6,,,
1910,30,7,5,10,1,1,6,9,999,9,5.0,1.0,9999.0,1,2010,-1.0,-1,-1,9,,99,6,,,
1911,31,3,3,10,10,2,99,1,41,1,3.0,11.0,9999.0,1,2010,-1.0,-1,-1,1,,99,6,,,
1912,31,3,3,10,10,2,99,1,17,1,4.0,5.0,9999.0,1,2010,-1.0,-1,-1,2,,99,6,,,
1913,3,7,6,10,12,2,99,9,999,9,9.0,99.0,9999.0,3,2010,-1.0,-1,-1,9,,99,6,,,
1914,2,8,1,10,13,2,99,9,999,9,3.0,3.0,9999.0,3,2010,-1.0,-1,-1,9,,99,6,,,
1915,10,2,3,10,6,2,99,1,42,9,5.0,99.0,9999.0,2,2010,-1.0,-1,-1,1,,99,6,,,
1916,8,3,1,10,21,2,99,1,32,9,9.0,2.0,9999.0,3,2010,-1.0,-1,-1,1,,99,6,,,
1917,7,5,5,10,1,2,99,1,60,1,3.0,99.0,9999.0,2,2010,-1.0,-1,-1,1,,99,6,,,
1918,12,9,7,10,17,2,99,1,48,1,4.0,99.0,9999.0,2,2010,-1.0,-1,-1,1,,99,6,,,
1919,13,11,6,10,16,2,99,9,999,9,5.0,99.0,9999.0,3,2010,-1.0,-1,-1,9,,99,6,,,
1920,11,5,2,10,1,1,12,1,63,1,3.0,99.0,9999.0,1,2010,-1.0,-1,-1,1,,99,6,,,
1921,14,7,3,10,1,1,2,1,29,2,6.0,2.0,1999.0,3,2010,-1.0,-1,-1,1,,99,6,,,
1922,20,6,7,10,16,2,99,9,999,9,3.0,2.0,9999.0,3,2010,-1.0,-1,-1,9,,99,6,,,
1923,15,3,1,10,12,2,99,9,999,9,3.0,11.0,1985.0,2,2010,-1.0,-1,-1,9,,99,6,,,
1924,19,11,5,10,15,2,99,1,22,1,9.0,1.0,2005.0,4,2010,-1.0,-1,-1,1,,99,6,,,
1925,21,6,1,10,1,1,4,9,999,9,12.0,1.0,1985.0,2,2010,-1.0,-1,-1,9,,99,6,,,
1926,12,4,1,10,20,2,99,1,20,1,1.0,99.0,1980.0,3,2010,-1.0,-1,-1,1,,99,6,,,
1927,21,11,7,10,12,2,99,1,15,1,3.0,99.0,9999.0,2,2010,-1.0,-1,-1,2,,99,6,,,
1928,20,8,5,10,16,2,99,1,16,1,3.0,1.0,1994.0,3,2010,-1.0,-1,-1,2,,99,6,,,
1929,27,5,4,10,16,2,99,1,24,1,5.0,1.0,9999.0,3,2010,-1.0,-1,-1,1,,99,6,,,
1930,28,5,5,10,19,2,99,1,25,1,4.0,99.0,9999.0,4,2010,-1.0,-1,-1,1,,99,6,,,
1931,24,9,5,10,17,2,99,2,50,9,99.0,99.0,2008.0,3,2010,-1.0,-1,-1,1,,99,6,,,
1932,25,9,6,10,12,2,99,1,24,9,9.0,99.0,9999.0,4,2010,-1.0,-1,-1,1,,99,6,,,
1933,24,3,3,10,19,2,99,1,32,1,3.0,5.0,1985.0,3,2010,-1.0,-1,-1,1,,99,6,,,
1934,24,7,6,10,18,2,99,1,30,2,6.0,6.0,1973.0,4,2010,-1.0,-1,-1,1,,99,6,,,
1935,1,12,3,11,5,2,99,1,32,1,5.0,3.0,9999.0,1,2010,-1.0,-1,-1,1,,99,6,,,
1936,1,12,3,11,5,2,99,1,22,1,3.0,5.0,9999.0,1,2010,-1.0,-1,-1,1,,99,6,,,
1937,1,8,7,11,5,1,1,1,35,2,4.0,5.0,2009.0,1,2010,-1.0,-1,-1,1,,99,6,,,
1938,1,8,7,11,5,1,1,1,48,1,2.0,4.0,9999.0,1,2010,-1.0,-1,-1,1,,99,6,,,
1939,2,10,6,11,5,2,99,1,40,9,5.0,2.0,1992.0,1,2010,-1.0,-1,-1,1,,99,6,,,
1940,2,10,6,11,5,2,99,1,50,9,4.0,5.0,2005.0,1,2010,-1.0,-1,-1,1,,99,6,,,
1941,1,11,1,11,11,2,99,1,61,2,12.0,7.0,1990.0,1,2010,-1.0,-1,-1,1,,99,6,,,
1942,1,11,1,11,11,2,99,1,33,2,1.0,11.0,2006.0,1,2010,-1.0,-1,-1,1,,99,6,,,
1943,2,3,2,11,11,2,99,9,999,9,12.0,13.0,9999.0,1,2010,-1.0,-1,-1,9,,99,6,,,
1944,1,11,1,11,12,2,99,1,26,9,1.0,2.0,2002.0,1,2010,-1.0,-1,-1,1,,99,6,,,
1945,1,11,1,11,12,2,99,1,53,9,4.0,3.0,2004.0,1,2010,-1.0,-1,-1,1,,99,6,,,
1946,2,3,2,11,1,1,4,1,30,9,3.0,5.0,9999.0,1,2010,-1.0,-1,-1,1,,99,6,,,
1947,2,3,2,11,1,1,4,1,35,9,12.0,1.0,9999.0,1,2010,-1.0,-1,-1,1,,99,6,,,
1948,2,8,1,11,20,2,99,9,999,9,9.0,99.0,9999.0,1,2010,-1.0,-1,-1,9,,99,6,,,
1949,2,8,1,11,20,2,99,1,20,1,4.0,99.0,9999.0,1,2010,-1.0,-1,-1,1,,99,6,,,
1950,3,3,3,11,1,1,18,9,999,9,5.0,2.0,9999.0,1,2010,-1.0,-1,-1,9,,99,6,,,
1951,3,3,3,11,1,1,18,1,33,9,4.0,9.0,9999.0,1,2010,-1.0,-1,-1,1,,99,6,,,
1952,2,4,5,11,1,1,6,1,999,9,2.0,5.0,1996.0,1,2010,-1.0,-1,-1,9,,99,6,,,
1953,2,4,5,11,1,1,6,1,999,9,3.0,5.0,9999.0,1,2010,-1.0,-1,-1,9,,99,6,,,
1954,2,4,5,11,19,2,99,1,17,9,1.0,3.0,1994.0,1,2010,-1.0,-1,-1,2,,99,6,,,
1955,2,4,5,11,19,2,99,1,28,9,1.0,4.0,2005.0,1,2010,-1.0,-1,-1,1,,99,6,,,
1956,4,12,6,11,19,2,99,1,40,1,5.0,7.0,1992.0,1,2010,-1.0,-1,-1,1,,99,6,,,
1957,4,12,6,11,19,2,99,1,57,1,4.0,1.0,2010.0,1,2010,-1.0,-1,-1,1,,99,6,,,
1958,6,1,3,11,19,2,99,2,26,9,3.0,5.0,9999.0,1,2010,-1.0,-1,-1,1,,99,6,,,
1959,2,5,7,11,5,2,99,1,42,1,9.0,3.0,9999.0,1,2010,-1.0,-1,-1,1,,99,6,,,
1960,9,2,2,11,10,2,99,9,999,9,6.0,8.0,9999.0,1,2010,-1.0,-1,-1,9,,99,6,,,
1961,6,3,6,11,1,1,12,1,27,9,2.0,4.0,2001.0,1,2010,-1.0,-1,-1,1,,99,6,,,
1962,6,3,6,11,1,1,12,1,38,9,12.0,1.0,9999.0,1,2010,-1.0,-1,-1,1,,99,6,,,
1963,5,11,5,11,1,1,7,1,47,9,5.0,2.0,2007.0,1,2010,-1.0,-1,-1,1,,99,6,,,
1964,5,11,5,11,1,1,7,1,26,9,4.0,5.0,9999.0,1,2010,-1.0,-1,-1,1,,99,6,,,
1965,4,5,2,11,1,2,99,2,53,1,1.0,4.0,2003.0,1,2010,-1.0,-1,-1,1,,99,6,,,
1966,4,5,2,11,1,2,99,1,32,1,4.0,5.0,2007.0,1,2010,-1.0,-1,-1,1,,99,6,,,
1967,10,2,3,11,1,1,1,1,32,9,3.0,2.0,9999.0,1,2010,-1.0,-1,-1,1,,99,6,,,
1968,10,2,3,11,1,1,1,1,36,9,4.0,5.0,9999.0,1,2010,-1.0,-1,-1,1,,99,6,,,
1969,5,9,7,11,17,2,99,1,14,1,4.0,99.0,9999.0,1,2010,-1.0,-1,-1,2,,99,6,,,
1970,5,9,7,11,17,2,99,9,999,9,3.0,5.0,9999.0,1,2010,-1.0,-1,-1,9,,99,6,,,
1971,7,12,2,11,1,1,1,1,62,1,2.0,4.0,2002.0,1,2010,-1.0,-1,-1,1,,99,6,,,
1972,7,12,2,11,1,1,1,1,28,1,1.0,3.0,9999.0,1,2010,-1.0,-1,-1,1,,99,6,,,
1973,8,6,2,11,18,2,99,1,31,1,5.0,2.0,9999.0,1,2010,-1.0,-1,-1,1,,99,6,,,
1974,8,6,2,11,18,2,99,1,47,1,3.0,1.0,9999.0,1,2010,-1.0,-1,-1,1,,99,6,,,
1975,10,1,7,11,7,2,99,1,28,9,2.0,1.0,9999.0,1,2010,-1.0,-1,-1,1,,99,6,,,
1976,10,1,7,11,7,2,99,1,66,9,9.0,6.0,9999.0,1,2010,-1.0,-1,-1,1,,99,6,,,
1977,12,2,5,11,5,2,99,1,25,9,5.0,2.0,2008.0,1,2010,-1.0,-1,-1,1,,99,6,,,
1978,12,2,5,11,5,2,99,1,29,9,4.0,1.0,9999.0,1,2010,-1.0,-1,-1,1,,99,6,,,
1979,12,1,2,11,1,1,10,1,79,1,4.0,3.0,1977.0,1,2010,-1.0,-1,-1,1,,99,6,,,
1980,12,1,2,11,1,1,10,2,40,1,9.0,8.0,1998.0,1,2010,-1.0,-1,-1,1,,99,6,,,
1981,12,1,2,11,1,1,10,1,18,1,1.0,5.0,2007.0,1,2010,-1.0,-1,-1,1,,99,6,,,
1982,11,3,4,11,13,2,99,2,29,9,3.0,5.0,1999.0,1,2010,-1.0,-1,-1,1,,99,6,,,
1983,11,3,4,11,13,2,99,2,40,9,8.0,4.0,2007.0,1,2010,-1.0,-1,-1,1,,99,6,,,
1984,11,3,4,11,13,2,99,1,38,9,3.0,14.0,2008.0,1,2010,-1.0,-1,-1,1,,99,6,,,
1985,11,3,4,11,13,2,99,1,33,9,3.0,3.0,9999.0,1,2010,-1.0,-1,-1,1,,99,6,,,
1986,12,3,5,11,22,2,99,1,56,9,9.0,2.0,2007.0,1,2010,-1.0,-1,-1,1,,99,6,,,
1987,12,3,5,11,22,2,99,1,31,9,4.0,1.0,9999.0,1,2010,-1.0,-1,-1,1,,99,6,,,
1988,12,3,5,11,17,2,99,1,22,9,4.0,1.0,2008.0,1,2010,-1.0,-1,-1,1,,99,6,,,
1989,12,3,5,11,17,2,99,1,50,9,3.0,99.0,9999.0,1,2010,-1.0,-1,-1,1,,99,6,,,
1990,14,10,4,11,3,2,99,1,24,1,5.0,2.0,9999.0,1,2010,-1.0,-1,-1,1,,99,6,,,
1991,14,10,4,11,3,2,99,1,28,1,4.0,1.0,9999.0,1,2010,-1.0,-1,-1,1,,99,6,,,
1992,16,2,2,11,17,2,99,1,49,9,3.0,3.0,2005.0,1,2010,-1.0,-1,-1,1,,99,6,,,
1993,12,7,1,11,19,2,99,1,19,1,1.0,6.0,1994.0,1,2010,-1.0,-1,-1,1,,99,6,,,
1994,12,7,1,11,19,2,99,1,24,1,14.0,1.0,2007.0,1,2010,-1.0,-1,-1,1,,99,6,,,
1995,13,3,6,11,1,1,11,1,27,2,1.0,2.0,9999.0,1,2010,-1.0,-1,-1,1,,99,6,,,
1996,13,3,6,11,1,1,11,1,22,9,4.0,99.0,9999.0,1,2010,-1.0,-1,-1,1,,99,6,,,
1997,12,7,1,11,17,2,99,1,72,1,1.0,2.0,1984.0,1,2010,-1.0,-1,-1,1,,99,6,,,
1998,12,7,1,11,17,2,99,2,25,1,4.0,6.0,9999.0,1,2010,-1.0,-1,-1,1,,99,6,,,
1999,12,7,1,11,7,2,99,1,29,1,1.0,2.0,9999.0,1,2010,-1.0,-1,-1,1,,99,6,,,
2000,12,7,1,11,7,2,99,9,999,1,7.0,2.0,9999.0,1,2010,-1.0,-1,-1,9,,99,6,,,
2001,13,7,2,11,9,2,99,1,28,9,1.0,6.0,1984.0,1,2010,-1.0,-1,-1,1,,99,6,,,
2002,13,7,2,11,9,2,99,1,22,9,4.0,5.0,2009.0,1,2010,-1.0,-1,-1,1,,99,6,,,
2003,15,11,1,11,5,2,99,1,37,9,5.0,3.0,9999.0,1,2010,-1.0,-1,-1,1,,99,6,,,
2004,15,11,1,11,5,2,99,1,999,9,3.0,99.0,9999.0,1,2010,-1.0,-1,-1,9,,99,6,,,
2005,13,12,1,11,6,2,99,1,37,1,4.0,99.0,2008.0,1,2010,-1.0,-1,-1,1,,99,6,,,
2006,13,12,1,11,6,2,99,1,32,1,5.0,99.0,9999.0,1,2010,-1.0,-1,-1,1,,99,6,,,
2007,19,6,6,11,21,1,99,9,999,9,3.0,99.0,9999.0,1,2010,-1.0,-1,-1,9,,99,6,,,
2008,15,3,1,11,5,2,99,1,40,9,3.0,6.0,2003.0,1,2010,-1.0,-1,-1,1,,99,6,,,
2009,15,3,1,11,5,2,99,1,45,9,6.0,2.0,9999.0,1,2010,-1.0,-1,-1,1,,99,6,,,
2010,19,10,2,11,1,1,2,1,20,1,1.0,2.0,1990.0,1,2010,-1.0,-1,-1,1,,99,6,,,
2011,19,10,2,11,1,1,2,1,52,2,1.0,3.0,2010.0,1,2010,-1.0,-1,-1,1,,99,6,,,
2012,19,11,5,11,6,2,99,1,22,9,9.0,2.0,9999.0,1,2010,-1.0,-1,-1,1,,99,6,,,
2013,19,11,5,11,6,2,99,1,41,9,3.0,9.0,9999.0,1,2010,-1.0,-1,-1,1,,99,6,,,
2014,10,4,6,11,20,2,99,1,37,1,3.0,6.0,1995.0,1,2010,-1.0,-1,-1,1,,99,6,,,
2015,10,4,6,11,20,2,99,1,58,1,9.0,2.0,2001.0,1,2010,-1.0,-1,-1,1,,99,6,,,
2016,19,10,2,11,11,2,99,1,27,1,1.0,9.0,9999.0,1,2010,-1.0,-1,-1,1,,99,6,,,
2017,19,10,2,11,11,2,99,1,36,2,1.0,5.0,9999.0,1,2010,-1.0,-1,-1,1,,99,6,,,
2018,16,5,7,11,1,1,12,1,30,1,3.0,6.0,1994.0,1,2010,-1.0,-1,-1,1,,99,6,,,
2019,16,5,7,11,1,1,12,1,41,1,2.0,4.0,2009.0,1,2010,-1.0,-1,-1,1,,99,6,,,
2020,17,7,6,11,1,1,1,1,28,1,3.0,99.0,9999.0,1,2010,-1.0,-1,-1,1,,99,6,,,
2021,17,7,6,11,1,1,1,1,20,1,4.0,1.0,9999.0,1,2010,-1.0,-1,-1,1,,99,6,,,
2022,20,11,6,11,16,2,99,1,29,9,1.0,9.0,9999.0,1,2010,-1.0,-1,-1,1,,99,6,,,
2023,20,11,6,11,16,2,99,1,34,9,3.0,99.0,9999.0,1,2010,-1.0,-1,-1,1,,99,6,,,
2024,11,4,7,11,1,1,19,1,36,1,4.0,4.0,9999.0,1,2010,-1.0,-1,-1,1,,99,6,,,
2025,11,4,7,11,1,1,19,1,26,1,12.0,1.0,9999.0,1,2010,-1.0,-1,-1,1,,99,6,,,
2026,17,8,2,11,17,2,99,9,999,9,4.0,99.0,9999.0,1,2010,-1.0,-1,-1,9,,99,6,,,
2027,17,8,2,11,17,2,99,1,35,1,4.0,99.0,9999.0,1,2010,-1.0,-1,-1,1,,99,6,,,
2028,19,8,4,11,5,1,1,1,37,1,3.0,6.0,2008.0,1,2010,-1.0,-1,-1,1,,99,6,,,
2029,19,8,4,11,5,1,1,9,999,9,7.0,99.0,9999.0,1,2010,-1.0,-1,-1,9,,99,6,,,
2030,26,2,5,11,11,2,99,1,59,1,5.0,11.0,9999.0,1,2010,-1.0,-1,-1,1,,99,6,,,
2031,26,2,5,11,11,2,99,9,999,9,5.0,9.0,9999.0,1,2010,-1.0,-1,-1,9,,99,6,,,
2032,25,6,5,11,16,2,99,1,32,1,5.0,2.0,2008.0,1,2010,-1.0,-1,-1,1,,99,6,,,
2033,25,6,5,11,16,2,99,1,38,1,4.0,1.0,2008.0,1,2010,-1.0,-1,-1,1,,99,6,,,
2034,19,5,3,11,4,2,99,1,31,1,4.0,1.0,2008.0,1,2010,-1.0,-1,-1,1,,99,6,,,
2035,19,5,3,11,4,2,99,9,999,9,3.0,1.0,9999.0,1,2010,-1.0,-1,-1,9,,99,6,,,
2036,19,8,4,11,12,2,99,1,27,1,3.0,2.0,2009.0,1,2010,-1.0,-1,-1,1,,99,6,,,
2037,19,8,4,11,12,2,99,1,32,2,3.0,8.0,9999.0,1,2010,-1.0,-1,-1,1,,99,6,,,
2038,27,1,3,11,1,1,4,1,33,9,1.0,99.0,9999.0,1,2010,-1.0,-1,-1,1,,99,6,,,
2039,20,7,2,11,11,1,1,1,25,1,4.0,4.0,2007.0,1,2010,-1.0,-1,-1,1,,99,6,,,
2040,20,7,2,11,11,1,1,2,27,1,4.0,1.0,2007.0,1,2010,-1.0,-1,-1,1,,99,6,,,
2041,20,7,2,11,11,1,1,1,18,2,3.0,5.0,9999.0,1,2010,-1.0,-1,-1,1,,99,6,,,
2042,27,2,6,11,1,1,7,1,20,9,4.0,3.0,2008.0,1,2010,-1.0,-1,-1,1,,99,6,,,
2043,27,2,6,11,1,1,7,1,25,9,3.0,99.0,9999.0,1,2010,-1.0,-1,-1,1,,99,6,,,
2044,26,6,6,11,18,2,99,1,51,9,1.0,11.0,2004.0,1,2010,-1.0,-1,-1,1,,99,6,,,
2045,26,6,6,11,18,2,99,9,999,9,5.0,2.0,9999.0,1,2010,-1.0,-1,-1,9,,99,6,,,
2046,19,12,7,11,9,2,99,1,999,9,1.0,99.0,9999.0,1,2010,-1.0,-1,-1,9,,99,6,,,
2047,19,12,7,11,9,2,99,9,999,9,3.0,99.0,9999.0,1,2010,-1.0,-1,-1,9,,99,6,,,
2048,27,2,6,11,18,2,99,1,23,9,4.0,99.0,9999.0,1,2010,-1.0,-1,-1,1,,99,6,,,
2049,27,2,6,11,18,2,99,9,999,9,3.0,5.0,9999.0,1,2010,-1.0,-1,-1,9,,99,6,,,
2050,30,6,3,11,20,1,6,2,18,1,4.0,7.0,2000.0,1,2010,-1.0,-1,-1,1,,99,6,,,
2051,30,6,3,11,20,1,6,1,26,1,1.0,4.0,2004.0,1,2010,-1.0,-1,-1,1,,99,6,,,
2052,27,11,6,11,5,2,99,1,64,1,6.0,2.0,2000.0,1,2010,-1.0,-1,-1,1,,99,6,,,
2053,30,10,6,11,1,1,2,1,21,1,12.0,1.0,9999.0,1,2010,-1.0,-1,-1,1,,99,6,,,
2054,30,10,6,11,1,1,2,1,22,1,1.0,6.0,9999.0,1,2010,-1.0,-1,-1,1,,99,6,,,
2055,23,9,4,11,2,2,99,1,27,1,2.0,6.0,2001.0,1,2010,-1.0,-1,-1,1,,99,6,,,
2056,23,9,4,11,2,2,99,1,38,1,4.0,2.0,2009.0,1,2010,-1.0,-1,-1,1,,99,6,,,
2057,23,12,4,11,21,2,99,1,28,9,4.0,99.0,9999.0,1,2010,-1.0,-1,-1,1,,99,6,,,
2058,23,12,4,11,21,2,99,9,999,9,3.0,99.0,9999.0,1,2010,-1.0,-1,-1,9,,99,6,,,
2059,31,1,7,11,17,2,99,1,30,9,5.0,3.0,1993.0,1,2010,-1.0,-1,-1,1,,99,6,,,
2060,31,1,7,11,17,2,99,1,29,9,11.0,2.0,9999.0,1,2010,-1.0,-1,-1,1,,99,6,,,
2061,23,3,2,11,17,2,99,2,24,1,4.0,99.0,9999.0,1,2010,-1.0,-1,-1,1,,99,6,,,
2062,23,3,2,11,17,2,99,9,999,9,14.0,99.0,9999.0,1,2010,-1.0,-1,-1,9,,99,6,,,
2063,24,3,3,11,1,1,7,1,55,9,1.0,1.0,1993.0,1,2010,-1.0,-1,-1,1,,99,6,,,
2064,24,3,3,11,1,1,7,1,38,9,4.0,3.0,9999.0,1,2010,-1.0,-1,-1,1,,99,6,,,
2065,24,3,3,11,1,1,8,1,23,9,4.0,1.0,2005.0,1,2010,-1.0,-1,-1,1,,99,6,,,
2066,24,3,3,11,1,1,8,9,999,9,3.0,99.0,9999.0,1,2010,-1.0,-1,-1,9,,99,6,,,
2067,25,7,7,11,18,2,99,1,22,1,4.0,9.0,9999.0,1,2010,-1.0,-1,-1,1,,99,6,,,
2068,25,7,7,11,18,2,99,9,999,9,3.0,6.0,9999.0,1,2010,-1.0,-1,-1,9,,99,6,,,
2069,21,4,3,11,17,2,99,1,37,1,13.0,3.0,9999.0,1,2010,-1.0,-1,-1,1,,99,6,,,
2070,21,4,3,11,17,2,99,2,26,1,4.0,1.0,9999.0,1,2010,-1.0,-1,-1,1,,99,6,,,
2071,30,9,4,11,1,1,1,2,28,1,1.0,5.0,2005.0,1,2010,-1.0,-1,-1,1,,99,6,,,
2072,30,9,4,11,1,1,1,1,25,1,12.0,1.0,9999.0,1,2010,-1.0,-1,-1,1,,99,6,,,
2073,21,4,3,11,17,2,99,1,59,1,3.0,3.0,1994.0,1,2010,-1.0,-1,-1,1,,99,6,,,
2074,21,4,3,11,17,2,99,1,33,1,4.0,3.0,9999.0,1,2010,-1.0,-1,-1,1,,99,6,,,
2075,25,7,7,11,5,2,99,1,999,9,2.0,3.0,9999.0,1,2010,-1.0,-1,-1,9,,99,6,,,
2076,25,7,7,11,5,2,99,1,36,1,1.0,4.0,9999.0,1,2010,-1.0,-1,-1,1,,99,6,,,
2077,31,5,1,11,10,2,99,1,42,1,12.0,7.0,1985.0,1,2010,-1.0,-1,-1,1,,99,6,,,
2078,31,5,1,11,10,2,99,1,53,1,3.0,9.0,2007.0,1,2010,-1.0,-1,-1,1,,99,6,,,
2079,22,4,4,11,4,2,99,1,20,1,3.0,3.0,1978.0,1,2010,-1.0,-1,-1,1,,99,6,,,
2080,22,4,4,11,4,2,99,1,27,1,3.0,10.0,1987.0,1,2010,-1.0,-1,-1,1,,99,6,,,
2081,22,4,4,11,4,2,99,9,999,9,5.0,99.0,9999.0,1,2010,-1.0,-1,-1,9,,99,6,,,
2082,28,7,3,11,1,1,6,1,18,9,1.0,11.0,1989.0,1,2010,-1.0,-1,-1,1,,99,6,,,
2083,28,7,3,11,1,1,6,1,61,9,4.0,2.0,9999.0,1,2010,-1.0,-1,-1,1,,99,6,,,
2084,28,7,3,11,19,2,99,1,60,1,3.0,2.0,2002.0,1,2010,-1.0,-1,-1,1,,99,6,,,
2085,28,7,3,11,19,2,99,1,60,1,7.0,1.0,9999.0,1,2010,-1.0,-1,-1,1,,99,6,,,
2086,30,8,1,11,10,2,99,1,31,1,3.0,9.0,2006.0,1,2010,-1.0,-1,-1,1,,99,6,,,
2087,30,8,1,11,10,2,99,1,23,1,14.0,99.0,9999.0,1,2010,-1.0,-1,-1,1,,99,6,,,
2088,24,4,6,11,20,1,1,1,19,1,6.0,2.0,1991.0,1,2010,-1.0,-1,-1,1,,99,6,,,
2089,24,4,6,11,20,1,1,1,28,1,4.0,5.0,2008.0,1,2010,-1.0,-1,-1,1,,99,6,,,
2090,31,8,2,11,6,2,99,1,40,1,1.0,10.0,1996.0,1,2010,-1.0,-1,-1,1,,99,6,,,
2091,31,8,2,11,6,2,99,1,49,1,14.0,1.0,9999.0,1,2010,-1.0,-1,-1,1,,99,6,,,
2092,31,12,5,11,3,2,99,1,19,9,4.0,99.0,1996.0,1,2010,-1.0,-1,-1,1,,99,6,,,
2093,31,12,5,11,3,2,99,1,47,9,1.0,6.0,9999.0,1,2010,-1.0,-1,-1,1,,99,6,,,
2094,31,12,5,11,1,1,13,1,31,9,1.0,99.0,2000.0,1,2010,-1.0,-1,-1,1,,99,6,,,
2095,31,12,5,11,1,1,13,1,30,9,4.0,5.0,9999.0,1,2010,-1.0,-1,-1,1,,99,6,,,
2096,31,3,3,11,17,1,99,2,17,1,4.0,99.0,9999.0,1,2010,-1.0,-1,-1,2,,99,6,,,
2097,31,3,3,11,17,1,99,9,999,9,3.0,99.0,9999.0,1,2010,-1.0,-1,-1,9,,99,6,,,
2098,1,8,7,11,12,2,99,9,999,9,3.0,4.0,1987.0,4,2010,-1.0,-1,-1,9,,99,6,,,
2099,1,11,1,11,5,2,99,1,22,9,3.0,2.0,9999.0,2,2010,-1.0,-1,-1,1,,99,6,,,
2100,1,5,6,11,1,1,7,1,37,2,1.0,2.0,2003.0,2,2010,-1.0,-1,-1,1,,99,6,,,
2101,5,2,5,11,1,1,1,1,51,2,2.0,2.0,9999.0,2,2010,-1.0,-1,-1,1,,99,6,,,
2102,2,8,1,11,5,2,99,9,999,9,6.0,2.0,9999.0,4,2010,-1.0,-1,-1,9,,99,6,,,
2103,1,11,1,11,5,2,99,1,22,9,3.0,2.0,9999.0,2,2010,-1.0,-1,-1,1,,99,6,,,
2104,3,3,3,11,13,2,99,9,999,9,3.0,99.0,9999.0,4,2010,-1.0,-1,-1,9,,99,6,,,
2105,5,3,5,11,14,2,99,1,34,9,5.0,3.0,1989.0,4,2010,-1.0,-1,-1,1,,99,6,,,
2106,3,4,6,11,1,1,4,1,35,1,3.0,2.0,2002.0,2,2010,-1.0,-1,-1,1,,99,6,,,
2107,3,4,6,11,20,2,99,2,22,1,3.0,2.0,1984.0,2,2010,-1.0,-1,-1,1,,99,6,,,
2108,8,6,2,11,5,2,99,1,33,1,7.0,2.0,9999.0,2,2010,-1.0,-1,-1,1,,99,6,,,
2109,9,11,2,11,22,2,99,1,27,9,4.0,4.0,2010.0,2,2010,-1.0,-1,-1,1,,99,6,,,
2110,12,11,5,11,16,1,99,1,39,1,5.0,2.0,9999.0,2,2010,-1.0,-1,-1,1,,99,6,,,
2111,14,2,7,11,6,2,99,9,999,9,9.0,1.0,1993.0,3,2010,-1.0,-1,-1,9,,99,6,,,
2112,11,5,2,11,21,2,99,9,999,9,3.0,4.0,1994.0,3,2010,-1.0,-1,-1,9,,99,6,,,
2113,15,7,4,11,5,2,99,1,49,2,3.0,11.0,9999.0,1,2010,-1.0,-1,-1,1,,99,6,,,
2114,14,8,6,11,13,2,99,9,999,9,99.0,99.0,9999.0,3,2010,-1.0,-1,-1,9,,99,6,,,
2115,21,2,7,11,19,2,99,1,27,9,3.0,99.0,9999.0,3,2010,-1.0,-1,-1,1,,99,6,,,
2116,27,2,6,11,20,2,99,9,999,9,14.0,1.0,9999.0,4,2010,-1.0,-1,-1,9,,99,6,,,
2117,28,1,4,11,17,2,99,1,55,9,9.0,2.0,9999.0,3,2010,-1.0,-1,-1,1,,99,6,,,
2118,25,5,2,11,9,1,7,9,999,9,2.0,4.0,9999.0,2,2010,-1.0,-1,-1,9,,99,6,,,
2119,24,8,2,11,17,2,99,1,21,1,4.0,99.0,9999.0,2,2010,-1.0,-1,-1,1,,99,6,,,
2120,2,6,3,12,5,1,1,1,68,2,3.0,8.0,9999.0,1,2010,-1.0,-1,-1,1,,99,6,,,
2121,2,6,3,12,5,1,1,1,45,1,5.0,5.0,9999.0,1,2010,-1.0,-1,-1,1,,99,6,,,
2122,3,3,3,12,1,1,1,1,52,9,4.0,1.0,2005.0,1,2010,-1.0,-1,-1,1,,99,6,,,
2123,3,3,3,12,1,1,1,1,47,9,10.0,2.0,2006.0,1,2010,-1.0,-1,-1,1,,99,6,,,
2124,3,3,3,12,1,1,12,1,24,9,3.0,4.0,2008.0,1,2010,-1.0,-1,-1,1,,99,6,,,
2125,3,3,3,12,1,1,12,1,46,9,2.0,5.0,9999.0,1,2010,-1.0,-1,-1,1,,99,6,,,
2126,3,1,7,12,5,2,99,1,47,1,1.0,4.0,2000.0,1,2010,-1.0,-1,-1,1,,99,6,,,
2127,3,1,7,12,5,2,99,1,28,1,4.0,99.0,9999.0,1,2010,-1.0,-1,-1,1,,99,6,,,
2128,4,7,7,12,1,1,1,1,47,1,1.0,1.0,2002.0,1,2010,-1.0,-1,-1,1,,99,6,,,
2129,4,7,7,12,1,1,1,1,20,1,4.0,1.0,9999.0,1,2010,-1.0,-1,-1,1,,99,6,,,
2130,3,1,7,12,18,2,99,1,28,9,6.0,2.0,1999.0,1,2010,-1.0,-1,-1,1,,99,6,,,
2131,3,1,7,12,18,2,99,1,48,9,3.0,1.0,2000.0,1,2010,-1.0,-1,-1,1,,99,6,,,
2132,3,1,7,12,18,2,99,1,31,9,9.0,99.0,2007.0,1,2010,-1.0,-1,-1,1,,99,6,,,
2133,2,11,2,12,1,1,12,1,33,9,1.0,2.0,2008.0,1,2010,-1.0,-1,-1,1,,99,6,,,
2134,2,11,2,12,1,1,12,1,33,9,4.0,1.0,2009.0,1,2010,-1.0,-1,-1,1,,99,6,,,
2135,4,9,6,12,1,1,12,9,999,9,99.0,99.0,9999.0,1,2010,-1.0,-1,-1,9,,99,6,,,
2136,5,10,2,12,1,1,99,1,23,9,9.0,11.0,2008.0,1,2010,-1.0,-1,-1,1,,99,6,,,
2137,5,10,2,12,1,1,99,1,51,9,4.0,99.0,2008.0,1,2010,-1.0,-1,-1,1,,99,6,,,
2138,5,10,2,12,2,2,99,1,25,1,5.0,2.0,2003.0,1,2010,-1.0,-1,-1,1,,99,6,,,
2139,7,2,7,12,11,2,99,1,39,9,3.0,99.0,1994.0,1,2010,-1.0,-1,-1,1,,99,6,,,
2140,7,2,7,12,11,2,99,1,54,9,9.0,2.0,1994.0,1,2010,-1.0,-1,-1,1,,99,6,,,
2141,5,3,5,12,1,1,15,1,39,9,10.0,2.0,2005.0,1,2010,-1.0,-1,-1,1,,99,6,,,
2142,5,3,5,12,1,1,15,1,36,9,4.0,3.0,2009.0,1,2010,-1.0,-1,-1,1,,99,6,,,
2143,4,9,6,12,14,2,99,1,29,1,3.0,2.0,1985.0,1,2010,-1.0,-1,-1,1,,99,6,,,
2144,4,9,6,12,14,2,99,1,19,1,3.0,9.0,9999.0,1,2010,-1.0,-1,-1,1,,99,6,,,
2145,5,7,1,12,18,2,99,9,999,9,4.0,99.0,9999.0,1,2010,-1.0,-1,-1,9,,99,6,,,
2146,5,7,1,12,18,2,99,1,17,1,4.0,99.0,9999.0,1,2010,-1.0,-1,-1,2,,99,6,,,
2147,7,1,4,12,1,1,5,1,27,9,1.0,2.0,9999.0,1,2010,-1.0,-1,-1,1,,99,6,,,
2148,7,1,4,12,1,1,5,1,25,9,1.0,6.0,9999.0,1,2010,-1.0,-1,-1,1,,99,6,,,
2149,7,6,1,12,1,1,11,1,999,1,9.0,4.0,1995.0,1,2010,-1.0,-1,-1,9,,99,6,,,
2150,7,6,1,12,1,1,11,1,60,1,3.0,9.0,9999.0,1,2010,-1.0,-1,-1,1,,99,6,,,
2151,5,8,4,12,15,2,99,1,31,9,4.0,3.0,2007.0,1,2010,-1.0,-1,-1,1,,99,6,,,
2152,5,8,4,12,15,2,99,1,18,9,4.0,5.0,2010.0,1,2010,-1.0,-1,-1,1,,99,6,,,
2153,6,7,2,12,1,2,99,1,24,1,4.0,5.0,2008.0,1,2010,-1.0,-1,-1,1,,99,6,,,
2154,6,7,2,12,1,2,99,9,999,9,99.0,99.0,9999.0,1,2010,-1.0,-1,-1,9,,99,6,,,
2155,7,3,7,12,1,1,9,1,47,9,1.0,5.0,1987.0,1,2010,-1.0,-1,-1,1,,99,6,,,
2156,7,3,7,12,1,1,9,1,21,9,2.0,4.0,2010.0,1,2010,-1.0,-1,-1,1,,99,6,,,
2157,6,7,2,12,10,1,1,1,18,1,3.0,4.0,1987.0,1,2010,-1.0,-1,-1,1,,99,6,,,
2158,6,7,2,12,10,1,1,1,16,1,4.0,2.0,9999.0,1,2010,-1.0,-1,-1,2,,99,6,,,
2159,7,3,7,12,5,2,99,1,27,9,3.0,9.0,1983.0,1,2010,-1.0,-1,-1,1,,99,6,,,
2160,7,3,7,12,5,2,99,9,999,9,3.0,99.0,9999.0,1,2010,-1.0,-1,-1,9,,99,6,,,
2161,11,2,4,12,12,2,99,1,23,9,1.0,9.0,1994.0,1,2010,-1.0,-1,-1,1,,99,6,,,
2162,11,2,4,12,12,2,99,1,50,9,5.0,2.0,1995.0,1,2010,-1.0,-1,-1,1,,99,6,,,
2163,5,5,3,12,20,2,99,1,36,1,1.0,6.0,1977.0,1,2010,-1.0,-1,-1,1,,99,6,,,
2164,5,5,3,12,20,2,99,1,20,1,4.0,3.0,9999.0,1,2010,-1.0,-1,-1,1,,99,6,,,
2165,3,4,6,12,17,2,99,2,26,1,4.0,99.0,2006.0,1,2010,-1.0,-1,-1,1,,99,6,,,
2166,3,4,6,12,17,2,99,1,21,1,4.0,99.0,2008.0,1,2010,-1.0,-1,-1,1,,99,6,,,
2167,12,1,2,12,17,1,99,1,22,9,4.0,3.0,9999.0,1,2010,-1.0,-1,-1,1,,99,6,,,
2168,12,1,2,12,17,1,99,1,32,9,4.0,1.0,9999.0,1,2010,-1.0,-1,-1,1,,99,6,,,
2169,9,10,6,12,6,2,99,1,45,1,7.0,7.0,1997.0,2,2010,-1.0,-1,-1,1,,99,6,,,
2170,9,10,6,12,6,2,99,1,33,1,1.0,4.0,2007.0,2,2010,-1.0,-1,-1,1,,99,6,,,
2171,9,10,6,12,18,2,99,9,999,9,99.0,99.0,9999.0,1,2010,-1.0,-1,-1,9,,99,6,,,
2172,9,10,6,12,18,2,99,1,20,1,4.0,99.0,9999.0,1,2010,-1.0,-1,-1,1,,99,6,,,
2173,7,8,6,12,11,1,4,1,20,2,4.0,7.0,2004.0,1,2010,-1.0,-1,-1,1,,99,6,,,
2174,7,8,6,12,11,1,4,9,999,9,14.0,99.0,9999.0,1,2010,-1.0,-1,-1,9,,99,6,,,
2175,4,4,7,12,17,1,1,1,40,1,5.0,2.0,9999.0,1,2010,-1.0,-1,-1,1,,99,6,,,
2176,4,4,7,12,17,1,1,2,26,1,4.0,1.0,9999.0,1,2010,-1.0,-1,-1,1,,99,6,,,
2177,4,4,7,12,4,2,99,1,25,9,4.0,1.0,9999.0,1,2010,-1.0,-1,-1,1,,99,6,,,
2178,4,4,7,12,4,2,99,1,35,9,5.0,6.0,9999.0,1,2010,-1.0,-1,-1,1,,99,6,,,
2179,6,4,2,12,17,2,99,1,40,1,1.0,4.0,1992.0,1,2010,-1.0,-1,-1,1,,99,6,,,
2180,6,4,2,12,17,2,99,1,30,1,3.0,2.0,9999.0,1,2010,-1.0,-1,-1,1,,99,6,,,
2181,14,3,7,12,10,1,2,1,32,9,9.0,6.0,2004.0,1,2010,-1.0,-1,-1,1,,99,6,,,
2182,14,3,7,12,10,1,2,1,45,2,9.0,6.0,2004.0,1,2010,-1.0,-1,-1,1,,99,6,,,
2183,9,4,5,12,5,2,99,1,999,1,3.0,9.0,9999.0,1,2010,-1.0,-1,-1,9,,99,6,,,
2184,9,4,5,12,5,2,99,1,29,1,6.0,5.0,9999.0,1,2010,-1.0,-1,-1,1,,99,6,,,
2185,14,3,7,12,13,2,99,1,28,2,3.0,2.0,1986.0,1,2010,-1.0,-1,-1,1,,99,6,,,
2186,19,11,5,12,1,1,12,1,999,9,4.0,5.0,2008.0,1,2010,-1.0,-1,-1,9,,99,6,,,
2187,19,11,5,12,1,1,12,1,31,9,4.0,5.0,2008.0,1,2010,-1.0,-1,-1,1,,99,6,,,
2188,20,1,3,12,1,1,18,1,30,1,1.0,11.0,1998.0,1,2010,-1.0,-1,-1,1,,99,6,,,
2189,20,1,3,12,1,1,18,1,21,9,3.0,5.0,2008.0,1,2010,-1.0,-1,-1,1,,99,6,,,
2190,15,9,3,12,13,1,10,9,999,9,1.0,99.0,9999.0,1,2010,-1.0,-1,-1,9,,99,6,,,
2191,15,3,1,12,4,2,99,9,999,9,5.0,2.0,9999.0,1,2010,-1.0,-1,-1,9,,99,6,,,
2192,15,9,3,12,7,2,99,1,30,1,4.0,3.0,9999.0,1,2010,-1.0,-1,-1,1,,99,6,,,
2193,15,9,3,12,7,2,99,1,26,1,3.0,1.0,9999.0,1,2010,-1.0,-1,-1,1,,99,6,,,
2194,18,7,7,12,22,2,99,1,44,1,3.0,3.0,9999.0,1,2010,-1.0,-1,-1,1,,99,6,,,
2195,18,7,7,12,22,1,99,9,999,9,6.0,2.0,9999.0,1,2010,-1.0,-1,-1,9,,99,6,,,
2196,23,1,6,12,7,2,99,1,30,1,3.0,6.0,1974.0,1,2010,-1.0,-1,-1,1,,99,6,,,
2197,23,1,6,12,7,2,99,1,47,1,5.0,2.0,1995.0,1,2010,-1.0,-1,-1,1,,99,6,,,
2198,17,9,5,12,17,2,99,2,15,9,4.0,99.0,9999.0,1,2010,-1.0,-1,-1,2,,99,6,,,
2199,17,9,5,12,17,2,99,9,999,9,3.0,99.0,9999.0,1,2010,-1.0,-1,-1,9,,99,6,,,
2200,18,7,7,12,15,2,99,1,26,1,1.0,9.0,1996.0,1,2010,-1.0,-1,-1,1,,99,6,,,
2201,18,7,7,12,15,2,99,1,26,2,2.0,99.0,1998.0,1,2010,-1.0,-1,-1,1,,99,6,,,
2202,25,2,4,12,17,1,99,1,18,9,4.0,99.0,9999.0,1,2010,-1.0,-1,-1,1,,99,6,,,
2203,25,2,4,12,17,1,99,9,999,9,14.0,99.0,9999.0,1,2010,-1.0,-1,-1,9,,99,6,,,
2204,17,3,3,12,1,1,12,1,20,9,3.0,1.0,1984.0,1,2010,-1.0,-1,-1,1,,99,6,,,
2205,17,3,3,12,1,1,12,9,999,9,1.0,4.0,1993.0,1,2010,-1.0,-1,-1,9,,99,6,,,
2206,17,3,3,12,5,1,1,1,20,1,1.0,4.0,1985.0,1,2010,-1.0,-1,-1,1,,99,6,,,
2207,17,3,3,12,5,1,1,1,999,1,4.0,2.0,2007.0,1,2010,-1.0,-1,-1,9,,99,6,,,
2208,19,7,1,12,5,2,99,1,24,1,2.0,6.0,1998.0,1,2010,-1.0,-1,-1,1,,99,6,,,
2209,19,7,1,12,5,2,99,1,38,1,3.0,99.0,2008.0,1,2010,-1.0,-1,-1,1,,99,6,,,
2210,21,11,7,12,5,1,99,1,23,2,1.0,5.0,9999.0,1,2010,-1.0,-1,-1,1,,99,6,,,
2211,21,11,7,12,5,1,99,1,65,9,4.0,1.0,9999.0,1,2010,-1.0,-1,-1,1,,99,6,,,
2212,18,12,6,12,1,1,7,1,999,1,4.0,1.0,9999.0,1,2010,-1.0,-1,-1,9,,99,6,,,
2213,18,12,6,12,1,1,7,1,67,1,4.0,1.0,9999.0,1,2010,-1.0,-1,-1,1,,99,6,,,
2214,19,7,1,12,11,1,1,1,52,1,3.0,1.0,2010.0,1,2010,-1.0,-1,-1,1,,99,6,,,
2215,19,7,1,12,11,1,1,1,32,1,4.0,1.0,9999.0,1,2010,-1.0,-1,-1,1,,99,6,,,
2216,24,10,7,12,10,1,99,1,38,9,2.0,2.0,1999.0,1,2010,-1.0,-1,-1,1,,99,6,,,
2217,24,10,7,12,10,1,99,1,25,9,14.0,1.0,2004.0,1,2010,-1.0,-1,-1,1,,99,6,,,
2218,20,5,4,12,1,2,99,2,51,1,1.0,2.0,2006.0,1,2010,-1.0,-1,-1,1,,99,6,,,
2219,20,5,4,12,1,2,99,1,39,1,4.0,1.0,2007.0,1,2010,-1.0,-1,-1,1,,99,6,,,
2220,26,6,6,12,5,2,99,1,19,9,4.0,5.0,9999.0,1,2010,-1.0,-1,-1,1,,99,6,,,
2221,26,6,6,12,5,2,99,9,999,9,1.0,1.0,9999.0,1,2010,-1.0,-1,-1,9,,99,6,,,
2222,14,4,3,12,20,1,1,1,999,1,3.0,9.0,1994.0,1,2010,-1.0,-1,-1,9,,99,6,,,
2223,14,4,3,12,20,1,1,1,37,1,1.0,6.0,9999.0,1,2010,-1.0,-1,-1,1,,99,6,,,
2224,20,7,2,12,12,2,99,9,999,9,3.0,2.0,1984.0,1,2010,-1.0,-1,-1,9,,99,6,,,
2225,20,7,2,12,12,2,99,1,38,2,2.0,2.0,9999.0,1,2010,-1.0,-1,-1,1,,99,6,,,
2226,20,7,2,12,12,2,99,9,999,9,2.0,4.0,9999.0,1,2010,-1.0,-1,-1,9,,99,6,,,
2227,20,3,6,12,1,1,12,1,25,1,1.0,99.0,9999.0,1,2010,-1.0,-1,-1,1,,99,6,,,
2228,20,3,6,12,1,1,12,2,29,1,12.0,1.0,9999.0,1,2010,-1.0,-1,-1,1,,99,6,,,
2229,27,6,7,12,1,1,9,1,16,1,4.0,3.0,2004.0,1,2010,-1.0,-1,-1,2,,99,6,,,
2230,27,6,7,12,1,1,9,1,19,1,5.0,99.0,9999.0,1,2010,-1.0,-1,-1,1,,99,6,,,
2231,21,7,3,12,1,1,3,1,42,9,17.0,7.0,1993.0,1,2010,-1.0,-1,-1,1,,99,6,,,
2232,21,7,3,12,1,1,3,1,40,9,4.0,3.0,9999.0,1,2010,-1.0,-1,-1,1,,99,6,,,
2233,21,5,5,12,14,2,99,2,36,1,3.0,99.0,9999.0,1,2010,-1.0,-1,-1,1,,99,6,,,
2234,21,5,5,12,14,2,99,1,54,1,3.0,99.0,9999.0,1,2010,-1.0,-1,-1,1,,99,6,,,
2235,21,3,7,12,17,2,99,1,62,1,1.0,9.0,9999.0,1,2010,-1.0,-1,-1,1,,99,6,,,
2236,22,7,4,12,22,2,99,2,13,1,4.0,5.0,2002.0,1,2010,-1.0,-1,-1,2,,99,6,,,
2237,22,7,4,12,22,2,99,1,23,1,2.0,5.0,9999.0,1,2010,-1.0,-1,-1,1,,99,6,,,
2238,30,1,6,12,1,2,99,1,33,9,1.0,11.0,1993.0,1,2010,-1.0,-1,-1,1,,99,6,,,
2239,30,1,6,12,1,2,99,1,33,9,6.0,7.0,1996.0,1,2010,-1.0,-1,-1,1,,99,6,,,
2240,30,1,6,12,1,2,99,1,36,9,2.0,5.0,9999.0,1,2010,-1.0,-1,-1,1,,99,6,,,
2241,25,5,2,12,9,2,99,1,999,2,1.0,5.0,9999.0,1,2010,-1.0,-1,-1,9,,99,6,,,
2242,25,5,2,12,9,2,99,1,36,1,3.0,6.0,9999.0,1,2010,-1.0,-1,-1,1,,99,6,,,
2243,23,7,5,12,1,1,12,1,24,1,1.0,16.0,9999.0,1,2010,-1.0,-1,-1,1,,99,6,,,
2244,23,7,5,12,1,1,12,1,12,1,4.0,5.0,9999.0,1,2010,-1.0,-1,-1,2,,99,6,,,
2245,25,11,4,12,14,2,99,1,999,9,7.0,99.0,9999.0,1,2010,-1.0,-1,-1,9,,99,6,,,
2246,25,11,4,12,14,2,99,1,999,9,7.0,99.0,9999.0,1,2010,-1.0,-1,-1,9,,99,6,,,
2247,24,7,6,12,1,1,10,1,37,1,5.0,2.0,2008.0,1,2010,-1.0,-1,-1,1,,99,6,,,
2248,24,7,6,12,1,1,10,1,32,1,3.0,5.0,9999.0,1,2010,-1.0,-1,-1,1,,99,6,,,
2249,24,3,3,12,5,2,99,9,999,9,2.0,99.0,9999.0,2,2010,-1.0,-1,-1,9,,99,6,,,
2250,27,9,1,12,5,2,99,1,36,1,6.0,2.0,9999.0,1,2010,-1.0,-1,-1,1,,99,6,,,
2251,25,7,7,12,1,1,1,1,27,1,1.0,3.0,9999.0,1,2010,-1.0,-1,-1,1,,99,6,,,
2252,25,7,7,12,1,1,1,2,28,1,4.0,5.0,9999.0,1,2010,-1.0,-1,-1,1,,99,6,,,
2253,25,3,4,12,16,2,99,9,999,9,99.0,99.0,9999.0,1,2010,-1.0,-1,-1,9,,99,6,,,
2254,25,3,4,12,16,2,99,1,36,9,4.0,99.0,9999.0,1,2010,-1.0,-1,-1,1,,99,6,,,
2255,29,8,7,12,5,2,99,1,35,1,12.0,7.0,1983.0,1,2010,-1.0,-1,-1,1,,99,6,,,
2256,29,8,7,12,5,2,99,1,45,1,4.0,7.0,9999.0,1,2010,-1.0,-1,-1,1,,99,6,,,
2257,29,12,3,12,3,2,99,1,999,1,2.0,5.0,9999.0,1,2010,-1.0,-1,-1,9,,99,6,,,
2258,29,12,3,12,3,2,99,1,999,1,2.0,1.0,9999.0,1,2010,-1.0,-1,-1,9,,99,6,,,
2259,31,8,2,12,4,2,99,1,48,1,7.0,6.0,1998.0,1,2010,-1.0,-1,-1,1,,99,6,,,
2260,31,8,2,12,4,2,99,1,65,1,2.0,4.0,2005.0,1,2010,-1.0,-1,-1,1,,99,6,,,
2261,27,4,2,12,1,2,99,2,30,1,1.0,3.0,2004.0,1,2010,-1.0,-1,-1,1,,99,6,,,
2262,27,4,2,12,1,2,99,1,999,1,4.0,99.0,9999.0,1,2010,-1.0,-1,-1,9,,99,6,,,
2263,1,6,2,12,14,2,99,1,19,2,14.0,1.0,2008.0,3,2010,-1.0,-1,-1,1,,99,6,,,
2264,1,12,3,12,16,2,99,1,21,9,5.0,1.0,9999.0,2,2010,-1.0,-1,-1,1,,99,6,,,
2265,1,1,5,12,11,2,99,1,23,9,4.0,1.0,9999.0,4,2010,-1.0,-1,-1,1,,99,6,,,
2266,1,4,4,12,5,1,15,1,17,1,4.0,99.0,9999.0,2,2010,-1.0,-1,-1,2,,99,6,,,
2267,5,2,5,12,5,2,99,1,38,1,3.0,2.0,9999.0,3,2010,-1.0,-1,-1,1,,99,6,,,
2268,3,3,3,12,10,1,99,9,999,9,1.0,3.0,9999.0,2,2010,-1.0,-1,-1,9,,99,6,,,
2269,8,12,3,12,17,2,99,1,28,9,14.0,1.0,9999.0,3,2010,-1.0,-1,-1,1,,99,6,,,
2270,14,10,4,12,1,2,99,1,46,1,5.0,2.0,1999.0,2,2010,-1.0,-1,-1,1,,99,6,,,
2271,8,8,7,12,7,2,99,1,70,1,2.0,9.0,9999.0,2,2010,-1.0,-1,-1,1,,99,6,,,
2272,15,6,2,12,5,2,99,1,32,1,11.0,2.0,2005.0,2,2010,-1.0,-1,-1,1,,99,6,,,
2273,12,9,7,12,15,2,99,1,50,1,9.0,3.0,2005.0,3,2010,-1.0,-1,-1,1,,99,6,,,
2274,13,12,1,12,10,2,99,1,34,9,4.0,99.0,9999.0,3,2010,-1.0,-1,-1,1,,99,6,,,
2275,14,8,6,12,19,2,99,1,36,1,1.0,99.0,9999.0,2,2010,-1.0,-1,-1,1,,99,6,,,
2276,22,6,2,12,1,1,8,1,18,1,3.0,11.0,1985.0,3,2010,-1.0,-1,-1,1,,99,6,,,
2277,27,2,6,12,12,2,99,9,999,9,5.0,99.0,9999.0,3,2010,-1.0,-1,-1,9,,99,6,,,
2278,20,12,1,12,1,2,99,1,32,1,3.0,3.0,9999.0,4,2010,-1.0,-1,-1,1,,99,6,,,
2279,27,12,1,12,20,2,99,9,999,9,3.0,4.0,9999.0,3,2010,-1.0,-1,-1,9,,99,6,,,
2280,31,5,1,12,16,2,99,9,999,9,3.0,3.0,9999.0,2,2010,-1.0,-1,-1,9,,99,6,,,
2281,23,4,5,12,6,2,99,1,50,1,1.0,3.0,9999.0,2,2010,-1.0,-1,-1,1,,99,6,,,
2282,31,3,3,12,18,2,99,9,999,9,12.0,99.0,9999.0,3,2010,-1.0,-1,-1,9,,99,6,,,
2283,3,2,3,13,17,2,99,2,18,9,4.0,9.0,9999.0,1,2010,-1.0,-1,-1,1,,99,6,,,
2284,3,2,3,13,17,2,99,9,999,9,3.0,4.0,9999.0,1,2010,-1.0,-1,-1,9,,99,6,,,
2285,1,4,4,13,5,1,99,1,38,1,3.0,8.0,1989.0,1,2010,-1.0,-1,-1,1,,99,6,,,
2286,1,11,1,13,13,1,99,1,27,2,1.0,11.0,9999.0,1,2010,-1.0,-1,-1,1,,99,6,,,
2287,1,11,1,13,13,1,99,2,41,9,1.0,99.0,9999.0,1,2010,-1.0,-1,-1,1,,99,6,,,
2288,3,3,3,13,1,2,99,1,22,9,3.0,2.0,1982.0,1,2010,-1.0,-1,-1,1,,99,6,,,
2289,3,3,3,13,1,2,99,1,24,9,4.0,3.0,9999.0,1,2010,-1.0,-1,-1,1,,99,6,,,
2290,1,4,4,13,4,2,99,1,44,1,1.0,9.0,1992.0,1,2010,-1.0,-1,-1,1,,99,6,,,
2291,1,4,4,13,4,2,99,1,40,1,2.0,3.0,1999.0,1,2010,-1.0,-1,-1,1,,99,6,,,
2292,1,4,4,13,4,2,99,1,43,1,4.0,4.0,2003.0,1,2010,-1.0,-1,-1,1,,99,6,,,
2293,1,4,4,13,4,2,99,1,29,2,1.0,9.0,9999.0,1,2010,-1.0,-1,-1,1,,99,6,,,
2294,3,6,4,13,5,2,99,1,74,1,3.0,2.0,9999.0,1,2010,-1.0,-1,-1,1,,99,6,,,
2295,3,6,4,13,5,2,99,1,28,1,4.0,1.0,9999.0,1,2010,-1.0,-1,-1,1,,99,6,,,
2296,4,12,6,13,1,1,99,1,43,2,1.0,8.0,1987.0,1,2010,-1.0,-1,-1,1,,99,6,,,
2297,4,12,6,13,1,1,99,1,30,2,1.0,2.0,1990.0,1,2010,-1.0,-1,-1,1,,99,6,,,
2298,3,8,2,13,17,2,99,9,999,9,3.0,99.0,9999.0,1,2010,-1.0,-1,-1,9,,99,6,,,
2299,3,8,2,13,17,2,99,1,29,1,14.0,1.0,9999.0,1,2010,-1.0,-1,-1,1,,99,6,,,
2300,4,3,4,13,1,1,2,2,45,9,1.0,5.0,1996.0,1,2010,-1.0,-1,-1,1,,99,6,,,
2301,4,3,4,13,1,1,2,9,999,9,3.0,10.0,9999.0,1,2010,-1.0,-1,-1,9,,99,6,,,
2302,7,1,4,13,1,1,8,1,31,1,11.0,2.0,2009.0,1,2010,-1.0,-1,-1,1,,99,6,,,
2303,7,1,4,13,1,1,8,1,26,1,3.0,8.0,9999.0,1,2010,-1.0,-1,-1,1,,99,6,,,
2304,6,10,3,13,2,2,99,1,35,9,2.0,3.0,1980.0,1,2010,-1.0,-1,-1,1,,99,6,,,
2305,6,10,3,13,2,2,99,1,25,9,2.0,8.0,1983.0,1,2010,-1.0,-1,-1,1,,99,6,,,
2306,6,10,3,13,2,2,99,1,999,9,3.0,2.0,1992.0,1,2010,-1.0,-1,-1,9,,99,6,,,
2307,6,10,3,13,2,2,99,1,42,9,6.0,99.0,1992.0,1,2010,-1.0,-1,-1,1,,99,6,,,
2308,6,10,3,13,2,2,99,1,999,9,1.0,11.0,1995.0,1,2010,-1.0,-1,-1,9,,99,6,,,
2309,6,10,3,13,2,2,99,1,23,9,9.0,6.0,2001.0,1,2010,-1.0,-1,-1,1,,99,6,,,
2310,6,10,3,13,2,2,99,1,999,9,9.0,2.0,2007.0,1,2010,-1.0,-1,-1,9,,99,6,,,
2311,5,11,5,13,4,2,99,1,999,9,1.0,99.0,9999.0,1,2010,-1.0,-1,-1,9,,99,6,,,
2312,5,11,5,13,4,2,99,9,999,9,3.0,99.0,9999.0,1,2010,-1.0,-1,-1,9,,99,6,,,
2313,6,3,6,13,1,1,1,1,63,9,3.0,8.0,9999.0,1,2010,-1.0,-1,-1,1,,99,6,,,
2314,6,3,6,13,1,1,1,1,999,9,3.0,5.0,9999.0,1,2010,-1.0,-1,-1,9,,99,6,,,
2315,5,9,7,13,9,2,99,1,25,1,1.0,14.0,2000.0,1,2010,-1.0,-1,-1,1,,99,6,,,
2316,5,9,7,13,9,2,99,1,21,1,3.0,9.0,9999.0,1,2010,-1.0,-1,-1,1,,99,6,,,
2317,7,10,4,13,10,2,99,1,23,9,5.0,2.0,2006.0,1,2010,-1.0,-1,-1,1,,99,6,,,
2318,7,10,4,13,10,2,99,1,17,9,14.0,1.0,2010.0,1,2010,-1.0,-1,-1,2,,99,6,,,
2319,5,8,4,13,11,1,99,1,25,9,3.0,3.0,1985.0,1,2010,-1.0,-1,-1,1,,99,6,,,
2320,5,8,4,13,11,1,99,1,58,9,4.0,1.0,2007.0,1,2010,-1.0,-1,-1,1,,99,6,,,
2321,7,10,4,13,9,1,9,1,49,9,3.0,11.0,2010.0,1,2010,-1.0,-1,-1,1,,99,6,,,
2322,7,10,4,13,9,1,9,1,40,9,3.0,2.0,9999.0,1,2010,-1.0,-1,-1,1,,99,6,,,
2323,7,7,3,13,1,1,99,1,29,1,1.0,9.0,2004.0,1,2010,-1.0,-1,-1,1,,99,6,,,
2324,7,7,3,13,1,1,99,2,29,1,1.0,99.0,9999.0,1,2010,-1.0,-1,-1,1,,99,6,,,
2325,8,10,5,13,6,2,99,1,47,9,4.0,3.0,9999.0,1,2010,-1.0,-1,-1,1,,99,6,,,
2326,8,10,5,13,6,2,99,9,999,9,5.0,99.0,9999.0,1,2010,-1.0,-1,-1,9,,99,6,,,
2327,7,7,3,13,9,2,99,1,20,1,2.0,99.0,1997.0,1,2010,-1.0,-1,-1,1,,99,6,,,
2328,7,7,3,13,9,2,99,1,32,1,9.0,6.0,2004.0,1,2010,-1.0,-1,-1,1,,99,6,,,
2329,3,4,6,13,9,2,99,1,24,1,3.0,6.0,1993.0,1,2010,-1.0,-1,-1,1,,99,6,,,
2330,3,4,6,13,9,2,99,1,30,1,2.0,2.0,2002.0,1,2010,-1.0,-1,-1,1,,99,6,,,
2331,7,7,3,13,2,2,99,9,999,9,6.0,99.0,1998.0,2,2010,-1.0,-1,-1,9,,99,6,,,
2332,7,7,3,13,2,2,99,1,67,1,1.0,4.0,2007.0,2,2010,-1.0,-1,-1,1,,99,6,,,
2333,5,5,3,13,19,2,99,9,999,9,2.0,2.0,9999.0,1,2010,-1.0,-1,-1,9,,99,6,,,
2334,5,5,3,13,19,2,99,1,33,1,4.0,99.0,9999.0,1,2010,-1.0,-1,-1,1,,99,6,,,
2335,7,11,7,13,15,2,99,9,999,9,2.0,2.0,9999.0,1,2010,-1.0,-1,-1,9,,99,6,,,
2336,9,10,6,13,14,2,99,1,33,2,3.0,3.0,1987.0,1,2010,-1.0,-1,-1,1,,99,6,,,
2337,9,10,6,13,14,2,99,1,30,1,2.0,4.0,1987.0,1,2010,-1.0,-1,-1,1,,99,6,,,
2338,9,3,2,13,9,1,1,2,32,9,4.0,1.0,2008.0,1,2010,-1.0,-1,-1,1,,99,6,,,
2339,9,3,2,13,9,1,1,1,33,9,3.0,2.0,9999.0,1,2010,-1.0,-1,-1,1,,99,6,,,
2340,13,1,3,13,18,2,99,1,30,1,6.0,14.0,1997.0,1,2010,-1.0,-1,-1,1,,99,6,,,
2341,13,1,3,13,18,2,99,2,999,9,3.0,2.0,2002.0,1,2010,-1.0,-1,-1,9,,99,6,,,
2342,4,4,7,13,18,2,99,1,54,1,1.0,3.0,9999.0,1,2010,-1.0,-1,-1,1,,99,6,,,
2343,14,1,4,13,1,1,12,1,48,9,4.0,99.0,9999.0,1,2010,-1.0,-1,-1,1,,99,6,,,
2344,14,1,4,13,1,1,12,9,999,9,11.0,99.0,9999.0,1,2010,-1.0,-1,-1,9,,99,6,,,
2345,12,6,6,13,11,1,1,1,59,1,5.0,99.0,9999.0,1,2010,-1.0,-1,-1,1,,99,6,,,
2346,12,6,6,13,11,1,1,2,20,1,4.0,99.0,9999.0,1,2010,-1.0,-1,-1,1,,99,6,,,
2347,13,11,6,13,1,1,4,1,26,2,3.0,2.0,9999.0,1,2010,-1.0,-1,-1,1,,99,6,,,
2348,13,11,6,13,1,1,4,1,21,1,4.0,1.0,9999.0,1,2010,-1.0,-1,-1,1,,99,6,,,
2349,8,8,7,13,17,2,99,9,999,9,5.0,99.0,9999.0,1,2010,-1.0,-1,-1,9,,99,6,,,
2350,8,8,7,13,17,2,99,2,16,1,4.0,1.0,9999.0,1,2010,-1.0,-1,-1,2,,99,6,,,
2351,16,1,6,13,5,2,99,9,999,9,5.0,2.0,9999.0,1,2010,-1.0,-1,-1,9,,99,6,,,
2352,16,2,2,13,1,2,99,2,22,9,1.0,3.0,9999.0,1,2010,-1.0,-1,-1,1,,99,6,,,
2353,16,2,2,13,1,2,99,1,18,9,4.0,1.0,9999.0,1,2010,-1.0,-1,-1,1,,99,6,,,
2354,9,8,1,13,1,1,3,1,33,1,1.0,4.0,2008.0,1,2010,-1.0,-1,-1,1,,99,6,,,
2355,9,8,1,13,1,1,3,1,55,1,4.0,1.0,9999.0,1,2010,-1.0,-1,-1,1,,99,6,,,
2356,14,10,4,13,19,2,99,1,35,9,6.0,3.0,1998.0,1,2010,-1.0,-1,-1,1,,99,6,,,
2357,12,3,5,13,16,1,99,9,999,9,11.0,2.0,1999.0,1,2010,-1.0,-1,-1,9,,99,6,,,
2358,12,3,5,13,16,1,99,1,27,9,4.0,5.0,9999.0,1,2010,-1.0,-1,-1,1,,99,6,,,
2359,13,11,6,13,2,2,99,1,50,9,7.0,1.0,1999.0,1,2010,-1.0,-1,-1,1,,99,6,,,
2360,13,11,6,13,2,2,99,1,51,9,3.0,5.0,2001.0,1,2010,-1.0,-1,-1,1,,99,6,,,
2361,13,11,6,13,2,2,99,1,50,9,1.0,4.0,2003.0,1,2010,-1.0,-1,-1,1,,99,6,,,
2362,13,11,6,13,2,2,99,1,32,9,3.0,11.0,2004.0,1,2010,-1.0,-1,-1,1,,99,6,,,
2363,13,11,6,13,2,2,99,1,30,9,5.0,2.0,2007.0,1,2010,-1.0,-1,-1,1,,99,6,,,
2364,16,6,3,13,10,1,1,1,28,2,11.0,2.0,2005.0,1,2010,-1.0,-1,-1,1,,99,6,,,
2365,16,6,3,13,10,1,1,2,32,1,4.0,2.0,2008.0,1,2010,-1.0,-1,-1,1,,99,6,,,
2366,14,11,7,13,17,2,99,1,29,1,14.0,1.0,2004.0,1,2010,-1.0,-1,-1,1,,99,6,,,
2367,14,11,7,13,17,2,99,1,30,1,3.0,10.0,9999.0,1,2010,-1.0,-1,-1,1,,99,6,,,
2368,18,2,4,13,13,2,99,9,999,9,3.0,99.0,2007.0,1,2010,-1.0,-1,-1,9,,99,6,,,
2369,18,2,4,13,13,2,99,9,999,9,3.0,5.0,2007.0,1,2010,-1.0,-1,-1,9,,99,6,,,
2370,19,6,6,13,1,1,6,1,40,1,1.0,11.0,1987.0,1,2010,-1.0,-1,-1,1,,99,6,,,
2371,19,6,6,13,1,1,6,1,20,1,4.0,1.0,2008.0,1,2010,-1.0,-1,-1,1,,99,6,,,
2372,14,9,2,13,9,2,99,1,19,2,3.0,1.0,1986.0,1,2010,-1.0,-1,-1,1,,99,6,,,
2373,14,9,2,13,9,2,99,1,61,1,1.0,6.0,1993.0,1,2010,-1.0,-1,-1,1,,99,6,,,
2374,20,1,3,13,1,2,99,1,26,1,5.0,2.0,2003.0,1,2010,-1.0,-1,-1,1,,99,6,,,
2375,20,1,3,13,1,2,99,2,73,1,1.0,11.0,2005.0,1,2010,-1.0,-1,-1,1,,99,6,,,
2376,15,5,6,13,1,2,99,1,44,1,1.0,99.0,9999.0,1,2010,-1.0,-1,-1,1,,99,6,,,
2377,15,5,6,13,1,2,99,1,30,1,5.0,99.0,9999.0,1,2010,-1.0,-1,-1,1,,99,6,,,
2378,20,6,7,13,10,2,99,1,32,1,4.0,5.0,2006.0,1,2010,-1.0,-1,-1,1,,99,6,,,
2379,20,6,7,13,10,2,99,1,22,1,9.0,4.0,2007.0,1,2010,-1.0,-1,-1,1,,99,6,,,
2380,16,7,5,13,20,2,99,1,57,1,3.0,9.0,9999.0,1,2010,-1.0,-1,-1,1,,99,6,,,
2381,16,7,5,13,20,2,99,1,56,1,9.0,1.0,9999.0,1,2010,-1.0,-1,-1,1,,99,6,,,
2382,19,10,2,13,5,1,1,1,28,1,3.0,4.0,9999.0,1,2010,-1.0,-1,-1,1,,99,6,,,
2383,19,10,2,13,5,1,1,1,22,1,4.0,1.0,9999.0,1,2010,-1.0,-1,-1,1,,99,6,,,
2384,21,1,4,13,20,2,99,1,27,9,3.0,5.0,1994.0,1,2010,-1.0,-1,-1,1,,99,6,,,
2385,21,1,4,13,20,2,99,1,999,9,14.0,1.0,2009.0,1,2010,-1.0,-1,-1,9,,99,6,,,
2386,16,12,4,13,1,2,99,9,999,9,12.0,1.0,9999.0,1,2010,-1.0,-1,-1,9,,99,6,,,
2387,16,12,4,13,1,2,99,1,17,1,4.0,1.0,9999.0,1,2010,-1.0,-1,-1,2,,99,6,,,
2388,15,9,3,13,1,1,1,1,48,1,1.0,3.0,1992.0,1,2010,-1.0,-1,-1,1,,99,6,,,
2389,15,9,3,13,1,1,1,1,28,1,4.0,3.0,9999.0,1,2010,-1.0,-1,-1,1,,99,6,,,
2390,16,8,1,13,20,2,99,1,61,1,3.0,2.0,1995.0,1,2010,-1.0,-1,-1,1,,99,6,,,
2391,16,8,1,13,20,2,99,1,35,1,3.0,2.0,2009.0,1,2010,-1.0,-1,-1,1,,99,6,,,
2392,11,4,7,13,1,1,18,1,44,2,4.0,99.0,2007.0,1,2010,-1.0,-1,-1,1,,99,6,,,
2393,11,4,7,13,1,1,18,1,26,1,14.0,1.0,9999.0,1,2010,-1.0,-1,-1,1,,99,6,,,
2394,17,5,1,13,18,2,99,1,24,1,3.0,3.0,9999.0,1,2010,-1.0,-1,-1,1,,99,6,,,
2395,17,5,1,13,18,2,99,9,999,9,3.0,2.0,9999.0,1,2010,-1.0,-1,-1,9,,99,6,,,
2396,22,6,2,13,17,2,99,9,999,9,5.0,7.0,9999.0,1,2010,-1.0,-1,-1,9,,99,6,,,
2397,19,7,1,13,1,1,2,1,63,1,1.0,6.0,1997.0,1,2010,-1.0,-1,-1,1,,99,6,,,
2398,19,7,1,13,1,1,2,1,29,1,3.0,5.0,2009.0,1,2010,-1.0,-1,-1,1,,99,6,,,
2399,24,1,7,13,6,2,99,1,37,9,5.0,2.0,9999.0,1,2010,-1.0,-1,-1,1,,99,6,,,
2400,24,1,7,13,6,2,99,1,53,9,3.0,4.0,9999.0,1,2010,-1.0,-1,-1,1,,99,6,,,
2401,24,1,7,13,10,2,99,1,35,9,1.0,10.0,1981.0,1,2010,-1.0,-1,-1,1,,99,6,,,
2402,24,1,7,13,10,2,99,1,55,9,1.0,2.0,2002.0,1,2010,-1.0,-1,-1,1,,99,6,,,
2403,18,8,3,13,2,1,99,9,999,9,99.0,99.0,9999.0,1,2010,-1.0,-1,-1,9,,99,6,,,
2404,18,8,3,13,2,1,99,1,17,1,4.0,1.0,9999.0,1,2010,-1.0,-1,-1,2,,99,6,,,
2405,25,1,1,13,1,1,10,2,20,1,1.0,2.0,2008.0,1,2010,-1.0,-1,-1,1,,99,6,,,
2406,25,1,1,13,1,1,10,1,20,9,4.0,5.0,9999.0,1,2010,-1.0,-1,-1,1,,99,6,,,
2407,20,5,4,13,1,1,1,1,52,1,1.0,9.0,2006.0,1,2010,-1.0,-1,-1,1,,99,6,,,
2408,20,5,4,13,1,1,1,1,30,1,10.0,2.0,2008.0,1,2010,-1.0,-1,-1,1,,99,6,,,
2409,25,6,5,13,3,2,99,1,31,1,14.0,99.0,9999.0,1,2010,-1.0,-1,-1,1,,99,6,,,
2410,25,6,5,13,3,2,99,1,28,1,4.0,5.0,9999.0,1,2010,-1.0,-1,-1,1,,99,6,,,
2411,13,4,2,13,5,2,99,1,70,2,1.0,99.0,9999.0,1,2010,-1.0,-1,-1,1,,99,6,,,
2412,13,4,2,13,5,2,99,1,31,1,4.0,99.0,9999.0,1,2010,-1.0,-1,-1,1,,99,6,,,
2413,25,10,1,13,21,1,2,9,999,9,5.0,3.0,9999.0,1,2010,-1.0,-1,-1,9,,99,6,,,
2414,25,10,1,13,21,1,2,1,23,9,3.0,2.0,9999.0,1,2010,-1.0,-1,-1,1,,99,6,,,
2415,27,2,6,13,5,1,1,1,60,1,3.0,5.0,1998.0,1,2010,-1.0,-1,-1,1,,99,6,,,
2416,27,2,6,13,5,1,1,2,23,1,4.0,4.0,2006.0,1,2010,-1.0,-1,-1,1,,99,6,,,
2417,20,8,5,13,17,2,99,1,38,1,8.0,2.0,1990.0,1,2010,-1.0,-1,-1,1,,99,6,,,
2418,20,8,5,13,17,2,99,1,26,1,3.0,2.0,2008.0,1,2010,-1.0,-1,-1,1,,99,6,,,
2419,26,10,3,13,1,2,99,1,58,9,5.0,3.0,2000.0,1,2010,-1.0,-1,-1,1,,99,6,,,
2420,26,10,3,13,1,2,99,1,48,9,5.0,6.0,9999.0,1,2010,-1.0,-1,-1,1,,99,6,,,
2421,21,5,5,13,16,2,99,1,46,2,5.0,2.0,1993.0,1,2010,-1.0,-1,-1,1,,99,6,,,
2422,21,5,5,13,16,2,99,1,42,1,9.0,2.0,2008.0,1,2010,-1.0,-1,-1,1,,99,6,,,
2423,21,7,3,13,20,2,99,2,18,9,4.0,1.0,2006.0,1,2010,-1.0,-1,-1,1,,99,6,,,
2424,21,7,3,13,20,2,99,1,30,9,1.0,1.0,2009.0,1,2010,-1.0,-1,-1,1,,99,6,,,
2425,29,1,5,13,22,2,99,2,37,1,1.0,9.0,9999.0,1,2010,-1.0,-1,-1,1,,99,6,,,
2426,29,1,5,13,22,2,99,1,20,9,4.0,1.0,9999.0,1,2010,-1.0,-1,-1,1,,99,6,,,
2427,15,4,4,13,17,2,99,1,24,1,2.0,4.0,2000.0,1,2010,-1.0,-1,-1,1,,99,6,,,
2428,15,4,4,13,17,2,99,1,24,1,4.0,1.0,9999.0,1,2010,-1.0,-1,-1,1,,99,6,,,
2429,22,7,4,13,13,2,99,1,31,2,9.0,2.0,2004.0,1,2010,-1.0,-1,-1,1,,99,6,,,
2430,22,7,4,13,13,2,99,1,31,1,7.0,2.0,2006.0,1,2010,-1.0,-1,-1,1,,99,6,,,
2431,16,4,5,13,1,1,7,2,16,9,4.0,5.0,2006.0,1,2010,-1.0,-1,-1,2,,99,6,,,
2432,16,4,5,13,1,1,7,1,27,9,1.0,5.0,9999.0,1,2010,-1.0,-1,-1,1,,99,6,,,
2433,30,1,6,13,19,2,99,1,60,9,9.0,2.0,9999.0,1,2010,-1.0,-1,-1,1,,99,6,,,
2434,23,9,4,13,19,2,99,1,45,1,5.0,2.0,1986.0,1,2010,-1.0,-1,-1,1,,99,6,,,
2435,23,9,4,13,19,2,99,1,33,1,1.0,3.0,9999.0,1,2010,-1.0,-1,-1,1,,99,6,,,
2436,17,4,6,13,1,1,1,1,46,9,4.0,2.0,2007.0,1,2010,-1.0,-1,-1,1,,99,6,,,
2437,17,4,6,13,1,1,1,9,999,9,7.0,99.0,9999.0,1,2010,-1.0,-1,-1,9,,99,6,,,
2438,31,1,7,13,6,2,99,1,26,1,3.0,10.0,1982.0,1,2010,-1.0,-1,-1,1,,99,6,,,
2439,23,12,4,13,1,1,15,2,41,9,1.0,1.0,2004.0,1,2010,-1.0,-1,-1,1,,99,6,,,
2440,23,12,4,13,1,1,15,1,26,9,4.0,5.0,2008.0,1,2010,-1.0,-1,-1,1,,99,6,,,
2441,30,6,3,13,17,2,99,9,999,9,9.0,2.0,9999.0,1,2010,-1.0,-1,-1,9,,99,6,,,
2442,30,6,3,13,17,2,99,1,43,1,5.0,6.0,9999.0,1,2010,-1.0,-1,-1,1,,99,6,,,
2443,24,9,5,13,11,2,99,1,53,1,6.0,14.0,2003.0,1,2010,-1.0,-1,-1,1,,99,6,,,
2444,24,9,5,13,11,2,99,1,21,1,4.0,3.0,9999.0,1,2010,-1.0,-1,-1,1,,99,6,,,
2445,19,4,1,13,19,2,99,1,49,1,12.0,2.0,1992.0,1,2010,-1.0,-1,-1,1,,99,6,,,
2446,19,4,1,13,19,2,99,1,33,1,5.0,2.0,1992.0,1,2010,-1.0,-1,-1,1,,99,6,,,
2447,25,3,4,13,1,1,1,2,19,1,1.0,4.0,2001.0,1,2010,-1.0,-1,-1,1,,99,6,,,
2448,25,3,4,13,1,1,1,1,23,1,12.0,7.0,9999.0,1,2010,-1.0,-1,-1,1,,99,6,,,
2449,25,3,4,13,1,1,1,1,59,1,10.0,99.0,9999.0,1,2010,-1.0,-1,-1,1,,99,6,,,
2450,25,3,4,13,1,1,1,1,24,1,12.0,1.0,9999.0,1,2010,-1.0,-1,-1,1,,99,6,,,
2451,25,7,7,13,9,2,99,1,45,1,4.0,5.0,2006.0,1,2010,-1.0,-1,-1,1,,99,6,,,
2452,25,7,7,13,9,2,99,1,24,1,99.0,99.0,9999.0,1,2010,-1.0,-1,-1,1,,99,6,,,
2453,25,3,4,13,6,2,99,9,999,9,99.0,99.0,9999.0,1,2010,-1.0,-1,-1,9,,99,6,,,
2454,25,3,4,13,6,2,99,1,27,1,4.0,99.0,9999.0,1,2010,-1.0,-1,-1,1,,99,6,,,
2455,23,4,5,13,21,2,99,1,21,1,14.0,1.0,2005.0,1,2010,-1.0,-1,-1,1,,99,6,,,
2456,23,4,5,13,21,2,99,2,18,1,4.0,5.0,2007.0,1,2010,-1.0,-1,-1,1,,99,6,,,
2457,28,7,3,13,1,1,6,1,49,1,4.0,2.0,9999.0,1,2010,-1.0,-1,-1,1,,99,6,,,
2458,26,4,1,13,22,2,99,9,999,9,5.0,99.0,9999.0,1,2010,-1.0,-1,-1,9,,99,6,,,
2459,26,4,1,13,22,2,99,2,26,1,4.0,99.0,9999.0,1,2010,-1.0,-1,-1,1,,99,6,,,
2460,31,3,3,13,5,2,99,1,43,1,3.0,3.0,1989.0,1,2010,-1.0,-1,-1,1,,99,6,,,
2461,31,3,3,13,5,2,99,1,20,1,4.0,7.0,2008.0,1,2010,-1.0,-1,-1,1,,99,6,,,
2462,3,11,3,13,12,2,99,1,37,1,1.0,4.0,9999.0,3,2010,-1.0,-1,-1,1,,99,6,,,
2463,3,5,1,13,13,2,99,9,999,9,5.0,99.0,9999.0,1,2010,-1.0,-1,-1,9,,99,6,,,
2464,5,12,7,13,17,2,99,9,999,9,99.0,99.0,9999.0,3,2010,-1.0,-1,-1,9,,99,6,,,
2465,13,11,6,13,16,2,99,1,999,9,5.0,99.0,9999.0,2,2010,-1.0,-1,-1,9,,99,6,,,
2466,13,9,1,13,17,2,99,9,999,9,3.0,99.0,9999.0,2,2010,-1.0,-1,-1,9,,99,6,,,
2467,18,6,5,13,14,2,99,9,999,9,7.0,2.0,9999.0,2,2010,-1.0,-1,-1,9,,99,6,,,
2468,14,5,5,13,9,1,5,9,999,9,7.0,7.0,1995.0,2,2010,-1.0,-1,-1,9,,99,6,,,
2469,14,12,2,13,13,2,99,1,64,9,4.0,99.0,9999.0,2,2010,-1.0,-1,-1,1,,99,6,,,
2470,21,2,7,13,1,2,99,1,27,9,3.0,9.0,2000.0,2,2010,-1.0,-1,-1,1,,99,6,,,
2471,15,8,7,13,4,2,99,9,999,9,3.0,3.0,9999.0,3,2010,-1.0,-1,-1,9,,99,6,,,
2472,18,8,3,13,1,1,10,1,38,1,1.0,99.0,9999.0,2,2010,-1.0,-1,-1,1,,99,6,,,
2473,24,1,7,13,11,1,99,1,45,9,1.0,6.0,1996.0,2,2010,-1.0,-1,-1,1,,99,6,,,
2474,19,7,1,13,12,2,99,9,999,9,3.0,99.0,9999.0,2,2010,-1.0,-1,-1,9,,99,6,,,
2475,22,11,1,13,20,2,99,9,999,9,3.0,99.0,9999.0,3,2010,-1.0,-1,-1,9,,99,6,,,
2476,21,9,2,13,1,2,99,1,17,9,1.0,2.0,1997.0,2,2010,-1.0,-1,-1,2,,99,6,,,
2477,22,9,3,13,1,2,99,1,34,1,99.0,99.0,9999.0,2,2010,-1.0,-1,-1,1,,99,6,,,
2478,28,6,1,13,14,2,99,1,33,1,3.0,2.0,9999.0,2,2010,-1.0,-1,-1,1,,99,6,,,
2479,22,9,3,13,7,2,99,1,999,2,4.0,1.0,2006.0,3,2010,-1.0,-1,-1,9,,99,6,,,
2480,23,9,4,13,9,2,99,1,999,1,12.0,14.0,1997.0,3,2010,-1.0,-1,-1,9,,99,6,,,
2481,23,9,4,13,1,1,11,9,999,1,3.0,99.0,9999.0,2,2010,-1.0,-1,-1,9,,99,6,,,
2482,23,8,1,13,14,2,99,9,999,9,7.0,3.0,9999.0,1,2010,-1.0,-1,-1,9,,99,6,,,
2483,25,12,6,13,21,2,99,1,40,1,2.0,2.0,9999.0,3,2010,-1.0,-1,-1,1,,99,6,,,
2484,29,5,6,13,1,2,99,1,22,1,1.0,4.0,9999.0,13,2010,-1.0,-1,-1,1,,99,6,,,
2485,18,4,7,13,17,2,99,1,24,9,1.0,3.0,2001.0,2,2010,-1.0,-1,-1,1,,99,6,,,
2486,24,8,2,13,6,2,99,1,17,1,4.0,99.0,9999.0,2,2010,-1.0,-1,-1,2,,99,6,,,
2487,29,5,6,13,10,2,99,1,34,1,3.0,5.0,9999.0,13,2010,-1.0,-1,-1,1,,99,6,,,
2488,24,3,3,13,14,1,99,1,28,1,14.0,7.0,2007.0,3,2010,-1.0,-1,-1,1,,99,6,,,
2489,27,12,1,13,5,2,99,1,31,9,6.0,2.0,9999.0,2,2010,-1.0,-1,-1,1,,99,6,,,
2490,30,11,2,13,1,2,99,1,28,1,1.0,2.0,9999.0,2,2010,-1.0,-1,-1,1,,99,6,,,
2491,27,12,1,13,14,2,99,1,20,9,3.0,4.0,9999.0,4,2010,-1.0,-1,-1,1,,99,6,,,
2492,25,3,4,13,7,2,99,1,29,9,7.0,2.0,1987.0,3,2010,-1.0,-1,-1,1,,99,6,,,
2493,29,7,4,13,17,2,99,1,38,1,3.0,2.0,9999.0,2,2010,-1.0,-1,-1,1,,99,6,,,
2494,26,4,1,13,15,2,99,1,20,2,3.0,6.0,1998.0,2,2010,-1.0,-1,-1,1,,99,6,,,
2495,2,10,6,14,1,2,99,9,999,9,3.0,11.0,9999.0,1,2010,-1.0,-1,-1,9,,99,6,,,
2496,1,7,4,14,2,2,99,1,42,1,9.0,2.0,2008.0,1,2010,-1.0,-1,-1,1,,99,6,,,
2497,1,7,4,14,2,2,99,1,22,1,4.0,5.0,2010.0,1,2010,-1.0,-1,-1,1,,99,6,,,
2498,1,11,1,14,17,1,99,1,25,9,3.0,5.0,1998.0,1,2010,-1.0,-1,-1,1,,99,6,,,
2499,1,11,1,14,17,1,99,1,21,9,4.0,5.0,9999.0,1,2010,-1.0,-1,-1,1,,99,6,,,
2500,1,5,6,14,16,2,99,1,51,1,2.0,10.0,1999.0,1,2010,-1.0,-1,-1,1,,99,6,,,
2501,1,5,6,14,15,2,99,1,40,2,1.0,4.0,9999.0,1,2010,-1.0,-1,-1,1,,99,6,,,
2502,1,5,6,14,15,2,99,1,48,1,13.0,1.0,9999.0,1,2010,-1.0,-1,-1,1,,99,6,,,
2503,6,2,6,14,20,2,99,1,45,9,4.0,99.0,9999.0,1,2010,-1.0,-1,-1,1,,99,6,,,
2504,3,3,3,14,18,1,99,1,22,9,8.0,5.0,1988.0,1,2010,-1.0,-1,-1,1,,99,6,,,
2505,3,3,3,14,18,1,99,1,25,9,1.0,4.0,2005.0,1,2010,-1.0,-1,-1,1,,99,6,,,
2506,4,10,1,14,5,2,99,1,36,1,4.0,5.0,2010.0,1,2010,-1.0,-1,-1,1,,99,6,,,
2507,4,10,1,14,5,2,99,1,26,1,3.0,4.0,9999.0,1,2010,-1.0,-1,-1,1,,99,6,,,
2508,7,2,7,14,20,2,99,9,999,9,1.0,2.0,9999.0,1,2010,-1.0,-1,-1,9,,99,6,,,
2509,5,6,6,14,16,2,99,1,26,1,3.0,2.0,2010.0,1,2010,-1.0,-1,-1,1,,99,6,,,
2510,5,6,6,14,16,2,99,1,26,1,4.0,5.0,9999.0,1,2010,-1.0,-1,-1,1,,99,6,,,
2511,8,2,1,14,14,2,99,9,999,9,5.0,6.0,1998.0,1,2010,-1.0,-1,-1,9,,99,6,,,
2512,8,2,1,14,14,2,99,1,52,9,2.0,2.0,9999.0,1,2010,-1.0,-1,-1,1,,99,6,,,
2513,4,11,4,14,9,2,99,9,999,9,1.0,99.0,9999.0,1,2010,-1.0,-1,-1,9,,99,6,,,
2514,4,11,4,14,9,2,99,1,22,1,4.0,99.0,9999.0,1,2010,-1.0,-1,-1,1,,99,6,,,
2515,5,8,4,14,8,2,99,1,57,9,3.0,9.0,1995.0,1,2010,-1.0,-1,-1,1,,99,6,,,
2516,5,8,4,14,8,2,99,1,19,9,1.0,6.0,9999.0,1,2010,-1.0,-1,-1,1,,99,6,,,
2517,7,10,4,14,9,1,3,1,47,9,3.0,2.0,2008.0,1,2010,-1.0,-1,-1,1,,99,6,,,
2518,6,11,6,14,12,2,99,1,999,9,12.0,99.0,9999.0,1,2010,-1.0,-1,-1,9,,99,6,,,
2519,6,11,6,14,12,2,99,1,999,9,12.0,99.0,9999.0,1,2010,-1.0,-1,-1,9,,99,6,,,
2520,7,12,2,14,19,2,99,1,50,9,4.0,99.0,9999.0,1,2010,-1.0,-1,-1,1,,99,6,,,
2521,7,12,2,14,19,2,99,9,999,9,3.0,99.0,9999.0,1,2010,-1.0,-1,-1,9,,99,6,,,
2522,6,8,5,14,16,2,99,1,999,1,4.0,99.0,9999.0,1,2010,-1.0,-1,-1,9,,99,6,,,
2523,6,8,5,14,16,2,99,1,27,1,14.0,99.0,9999.0,1,2010,-1.0,-1,-1,1,,99,6,,,
2524,7,11,7,14,5,1,1,1,24,9,4.0,1.0,9999.0,1,2010,-1.0,-1,-1,1,,99,6,,,
2525,7,11,7,14,5,1,1,1,29,9,4.0,1.0,9999.0,1,2010,-1.0,-1,-1,1,,99,6,,,
2526,6,8,5,14,4,2,99,1,39,1,5.0,3.0,2006.0,1,2010,-1.0,-1,-1,1,,99,6,,,
2527,6,8,5,14,4,2,99,1,49,1,3.0,2.0,2007.0,1,2010,-1.0,-1,-1,1,,99,6,,,
2528,6,8,5,14,4,2,99,9,999,9,7.0,6.0,9999.0,1,2010,-1.0,-1,-1,9,,99,6,,,
2529,8,11,1,14,17,2,99,9,999,9,99.0,99.0,9999.0,1,2010,-1.0,-1,-1,9,,99,6,,,
2530,8,11,1,14,17,2,99,1,22,9,4.0,99.0,9999.0,1,2010,-1.0,-1,-1,1,,99,6,,,
2531,12,6,6,14,1,1,12,9,999,9,10.0,9.0,1998.0,1,2010,-1.0,-1,-1,9,,99,6,,,
2532,12,6,6,14,1,1,12,1,67,1,1.0,11.0,2010.0,1,2010,-1.0,-1,-1,1,,99,6,,,
2533,13,2,6,14,3,2,99,1,30,9,9.0,2.0,1996.0,1,2010,-1.0,-1,-1,1,,99,6,,,
2534,13,2,6,14,3,2,99,1,27,1,3.0,3.0,2005.0,1,2010,-1.0,-1,-1,1,,99,6,,,
2535,11,10,1,14,14,2,99,1,45,2,6.0,11.0,1994.0,1,2010,-1.0,-1,-1,1,,99,6,,,
2536,11,10,1,14,14,2,99,1,38,1,2.0,11.0,2006.0,1,2010,-1.0,-1,-1,1,,99,6,,,
2537,12,10,2,14,1,1,3,9,999,9,4.0,1.0,2009.0,1,2010,-1.0,-1,-1,9,,99,6,,,
2538,12,10,2,14,1,1,3,1,32,2,3.0,8.0,9999.0,1,2010,-1.0,-1,-1,1,,99,6,,,
2539,8,8,7,14,11,2,99,1,34,1,3.0,4.0,1988.0,1,2010,-1.0,-1,-1,1,,99,6,,,
2540,8,8,7,14,11,2,99,1,28,1,4.0,1.0,9999.0,1,2010,-1.0,-1,-1,1,,99,6,,,
2541,10,12,5,14,5,1,1,1,17,1,4.0,4.0,2000.0,1,2010,-1.0,-1,-1,2,,99,6,,,
2542,10,12,5,14,5,1,1,1,23,1,3.0,4.0,9999.0,1,2010,-1.0,-1,-1,1,,99,6,,,
2543,14,2,7,14,10,2,99,9,999,9,5.0,99.0,9999.0,1,2010,-1.0,-1,-1,9,,99,6,,,
2544,14,2,7,14,10,2,99,1,25,9,4.0,99.0,9999.0,1,2010,-1.0,-1,-1,1,,99,6,,,
2545,16,1,6,14,6,2,99,1,31,1,2.0,4.0,2001.0,1,2010,-1.0,-1,-1,1,,99,6,,,
2546,16,1,6,14,6,2,99,1,27,2,6.0,2.0,9999.0,1,2010,-1.0,-1,-1,1,,99,6,,,
2547,14,11,7,14,1,1,16,1,39,9,1.0,5.0,9999.0,1,2010,-1.0,-1,-1,1,,99,6,,,
2548,14,11,7,14,1,1,16,1,49,1,4.0,1.0,9999.0,1,2010,-1.0,-1,-1,1,,99,6,,,
2549,10,8,2,14,1,2,99,1,44,1,11.0,2.0,2007.0,1,2010,-1.0,-1,-1,1,,99,6,,,
2550,10,8,2,14,1,2,99,1,19,1,4.0,1.0,2010.0,1,2010,-1.0,-1,-1,1,,99,6,,,
2551,10,5,1,14,17,2,99,9,999,9,99.0,99.0,9999.0,1,2010,-1.0,-1,-1,9,,99,6,,,
2552,10,5,1,14,17,2,99,1,20,1,4.0,99.0,9999.0,1,2010,-1.0,-1,-1,1,,99,6,,,
2553,7,4,3,14,16,2,99,1,39,9,5.0,2.0,2004.0,1,2010,-1.0,-1,-1,1,,99,6,,,
2554,15,11,1,14,1,1,99,1,28,1,1.0,5.0,1996.0,1,2010,-1.0,-1,-1,1,,99,6,,,
2555,15,11,1,14,1,1,99,1,37,1,2.0,99.0,2010.0,1,2010,-1.0,-1,-1,1,,99,6,,,
2556,17,6,4,14,10,1,2,1,67,1,12.0,7.0,1983.0,1,2010,-1.0,-1,-1,1,,99,6,,,
2557,17,6,4,14,10,1,2,2,18,1,4.0,9.0,9999.0,1,2010,-1.0,-1,-1,1,,99,6,,,
2558,18,2,4,14,1,2,1,1,41,1,2.0,11.0,1996.0,1,2010,-1.0,-1,-1,1,,99,6,,,
2559,18,2,4,14,1,2,1,2,38,1,2.0,11.0,2006.0,1,2010,-1.0,-1,-1,1,,99,6,,,
2560,14,5,5,14,17,2,99,1,38,1,9.0,6.0,2007.0,1,2010,-1.0,-1,-1,1,,99,6,,,
2561,14,5,5,14,17,2,99,1,52,1,3.0,4.0,9999.0,1,2010,-1.0,-1,-1,1,,99,6,,,
2562,14,5,5,14,3,2,99,1,32,9,4.0,3.0,9999.0,1,2010,-1.0,-1,-1,1,,99,6,,,
2563,14,5,5,14,3,2,99,9,999,9,3.0,99.0,9999.0,1,2010,-1.0,-1,-1,9,,99,6,,,
2564,14,8,6,14,12,2,99,9,999,9,3.0,11.0,9999.0,1,2010,-1.0,-1,-1,9,,99,6,,,
2565,14,8,6,14,12,2,99,1,49,1,3.0,4.0,9999.0,1,2010,-1.0,-1,-1,1,,99,6,,,
2566,20,6,7,14,11,2,99,1,24,1,3.0,1.0,2001.0,1,2010,-1.0,-1,-1,1,,99,6,,,
2567,20,6,7,14,11,2,99,1,22,1,4.0,5.0,2010.0,1,2010,-1.0,-1,-1,1,,99,6,,,
2568,15,8,7,14,1,1,1,1,28,1,1.0,5.0,1990.0,1,2010,-1.0,-1,-1,1,,99,6,,,
2569,15,5,6,14,5,2,99,1,34,1,7.0,7.0,1980.0,1,2010,-1.0,-1,-1,1,,99,6,,,
2570,15,5,6,14,5,2,99,9,999,9,14.0,99.0,9999.0,1,2010,-1.0,-1,-1,9,,99,6,,,
2571,20,10,3,14,1,1,18,1,54,1,10.0,99.0,9999.0,1,2010,-1.0,-1,-1,1,,99,6,,,
2572,20,10,3,14,1,1,18,1,47,2,1.0,1.0,9999.0,1,2010,-1.0,-1,-1,1,,99,6,,,
2573,10,4,6,14,13,2,99,1,37,1,5.0,2.0,1997.0,1,2010,-1.0,-1,-1,1,,99,6,,,
2574,10,4,6,14,13,2,99,1,22,2,3.0,5.0,9999.0,1,2010,-1.0,-1,-1,1,,99,6,,,
2575,16,8,1,14,1,1,18,9,999,9,6.0,99.0,9999.0,1,2010,-1.0,-1,-1,9,,99,6,,,
2576,16,8,1,14,1,1,18,1,999,1,3.0,5.0,9999.0,1,2010,-1.0,-1,-1,9,,99,6,,,
2577,16,12,4,14,13,2,99,9,999,9,5.0,2.0,9999.0,1,2010,-1.0,-1,-1,9,,99,6,,,
2578,16,12,4,14,13,2,99,1,25,1,3.0,5.0,9999.0,1,2010,-1.0,-1,-1,1,,99,6,,,
2579,22,10,5,14,1,1,14,1,32,1,4.0,99.0,2008.0,1,2010,-1.0,-1,-1,1,,99,6,,,
2580,22,10,5,14,1,1,14,1,32,1,1.0,4.0,9999.0,1,2010,-1.0,-1,-1,1,,99,6,,,
2581,22,6,2,14,1,2,99,1,52,1,2.0,6.0,1995.0,1,2010,-1.0,-1,-1,1,,99,6,,,
2582,22,6,2,14,1,2,99,1,21,1,4.0,5.0,9999.0,1,2010,-1.0,-1,-1,1,,99,6,,,
2583,16,5,7,14,4,2,99,9,999,9,5.0,2.0,9999.0,1,2010,-1.0,-1,-1,9,,99,6,,,
2584,16,5,7,14,4,2,99,1,19,1,1.0,1.0,9999.0,1,2010,-1.0,-1,-1,1,,99,6,,,
2585,23,10,6,14,13,2,99,1,50,1,3.0,8.0,1989.0,1,2010,-1.0,-1,-1,1,,99,6,,,
2586,23,10,6,14,13,2,99,1,40,1,5.0,2.0,9999.0,1,2010,-1.0,-1,-1,1,,99,6,,,
2587,25,2,4,14,12,1,2,1,40,9,1.0,9.0,1990.0,1,2010,-1.0,-1,-1,1,,99,6,,,
2588,25,2,4,14,12,1,2,1,42,9,1.0,1.0,1994.0,1,2010,-1.0,-1,-1,1,,99,6,,,
2589,25,2,4,14,12,1,2,1,23,9,4.0,3.0,2009.0,1,2010,-1.0,-1,-1,1,,99,6,,,
2590,20,7,2,14,1,2,99,1,25,1,6.0,2.0,1992.0,1,2010,-1.0,-1,-1,1,,99,6,,,
2591,20,7,2,14,1,2,99,2,26,1,1.0,9.0,2004.0,1,2010,-1.0,-1,-1,1,,99,6,,,
2592,26,2,5,14,16,1,2,1,37,1,2.0,8.0,1997.0,1,2010,-1.0,-1,-1,1,,99,6,,,
2593,26,2,5,14,16,1,2,1,34,1,11.0,2.0,2008.0,1,2010,-1.0,-1,-1,1,,99,6,,,
2594,19,3,5,14,11,1,99,1,21,9,14.0,1.0,2007.0,1,2010,-1.0,-1,-1,1,,99,6,,,
2595,19,3,5,14,11,1,99,1,30,9,3.0,9.0,9999.0,1,2010,-1.0,-1,-1,1,,99,6,,,
2596,25,10,1,14,16,2,99,1,30,1,1.0,5.0,1969.0,1,2010,-1.0,-1,-1,1,,99,6,,,
2597,25,10,1,14,16,2,99,9,999,9,1.0,4.0,9999.0,1,2010,-1.0,-1,-1,9,,99,6,,,
2598,27,6,7,14,1,1,11,1,66,1,4.0,14.0,2006.0,1,2010,-1.0,-1,-1,1,,99,6,,,
2599,27,6,7,14,1,1,11,2,22,1,1.0,3.0,2003.0,1,2010,-1.0,-1,-1,1,,99,6,,,
2600,22,11,1,14,1,1,18,1,28,1,1.0,3.0,1998.0,1,2010,-1.0,-1,-1,1,,99,6,,,
2601,22,11,1,14,1,1,18,1,33,1,1.0,4.0,2001.0,1,2010,-1.0,-1,-1,1,,99,6,,,
2602,19,12,7,14,16,2,99,1,49,1,3.0,2.0,2007.0,1,2010,-1.0,-1,-1,1,,99,6,,,
2603,19,12,7,14,16,2,99,9,999,1,4.0,99.0,9999.0,1,2010,-1.0,-1,-1,9,,99,6,,,
2604,21,7,3,14,15,2,99,1,21,9,4.0,3.0,9999.0,1,2010,-1.0,-1,-1,1,,99,6,,,
2605,21,7,3,14,15,2,99,1,40,9,9.0,2.0,9999.0,1,2010,-1.0,-1,-1,1,,99,6,,,
2606,27,6,7,14,10,2,99,1,30,1,7.0,2.0,1978.0,1,2010,-1.0,-1,-1,1,,99,6,,,
2607,21,8,6,14,10,2,99,1,35,1,6.0,16.0,1997.0,1,2010,-1.0,-1,-1,1,,99,6,,,
2608,21,8,6,14,10,2,99,1,21,1,1.0,1.0,1997.0,1,2010,-1.0,-1,-1,1,,99,6,,,
2609,27,6,7,14,10,2,99,9,999,9,7.0,7.0,1998.0,1,2010,-1.0,-1,-1,9,,99,6,,,
2610,27,6,7,14,9,1,7,1,34,2,3.0,11.0,1985.0,1,2010,-1.0,-1,-1,1,,99,6,,,
2611,27,6,7,14,9,1,7,9,999,9,9.0,3.0,2003.0,1,2010,-1.0,-1,-1,9,,99,6,,,
2612,29,1,5,14,3,2,99,1,26,1,5.0,2.0,1989.0,1,2010,-1.0,-1,-1,1,,99,6,,,
2613,29,1,5,14,3,2,99,2,26,9,4.0,1.0,9999.0,1,2010,-1.0,-1,-1,1,,99,6,,,
2614,22,9,3,14,12,2,99,2,26,1,1.0,4.0,2001.0,1,2010,-1.0,-1,-1,1,,99,6,,,
2615,22,9,3,14,12,2,99,9,999,9,2.0,6.0,2006.0,1,2010,-1.0,-1,-1,9,,99,6,,,
2616,29,6,2,14,9,2,99,1,56,1,3.0,3.0,1987.0,1,2010,-1.0,-1,-1,1,,99,6,,,
2617,29,6,2,14,9,2,99,9,999,9,12.0,6.0,9999.0,1,2010,-1.0,-1,-1,9,,99,6,,,
2618,22,3,1,14,5,2,99,1,27,1,6.0,2.0,9999.0,1,2010,-1.0,-1,-1,1,,99,6,,,
2619,22,3,1,14,5,2,99,1,30,1,3.0,4.0,9999.0,1,2010,-1.0,-1,-1,1,,99,6,,,
2620,31,1,7,14,1,1,19,1,25,9,4.0,1.0,2007.0,1,2010,-1.0,-1,-1,1,,99,6,,,
2621,31,1,7,14,1,1,19,9,999,9,1.0,10.0,9999.0,1,2010,-1.0,-1,-1,9,,99,6,,,
2622,23,7,5,14,9,2,99,1,60,1,3.0,2.0,2009.0,1,2010,-1.0,-1,-1,1,,99,6,,,
2623,23,7,5,14,9,2,99,9,999,9,3.0,1.0,9999.0,1,2010,-1.0,-1,-1,9,,99,6,,,
2624,27,11,6,14,1,1,5,1,32,9,1.0,9.0,1997.0,1,2010,-1.0,-1,-1,1,,99,6,,,
2625,27,11,6,14,1,1,5,9,999,9,1.0,9.0,9999.0,1,2010,-1.0,-1,-1,9,,99,6,,,
2626,27,11,6,14,6,2,99,1,17,9,4.0,3.0,9999.0,1,2010,-1.0,-1,-1,2,,99,6,,,
2627,27,11,6,14,6,2,99,1,46,2,3.0,1.0,9999.0,1,2010,-1.0,-1,-1,1,,99,6,,,
2628,22,8,7,14,17,2,99,2,19,9,1.0,3.0,1997.0,1,2010,-1.0,-1,-1,1,,99,6,,,
2629,22,8,7,14,17,2,99,1,48,9,4.0,3.0,2006.0,1,2010,-1.0,-1,-1,1,,99,6,,,
2630,27,11,6,14,17,2,99,1,81,1,1.0,2.0,1990.0,1,2010,-1.0,-1,-1,1,,99,6,,,
2631,27,11,6,14,17,2,99,1,26,1,4.0,3.0,2000.0,1,2010,-1.0,-1,-1,1,,99,6,,,
2632,23,8,1,14,10,2,99,1,56,1,6.0,3.0,2006.0,1,2010,-1.0,-1,-1,1,,99,6,,,
2633,23,8,1,14,10,2,99,1,49,1,5.0,2.0,2006.0,1,2010,-1.0,-1,-1,1,,99,6,,,
2634,26,9,7,14,18,2,99,1,17,1,4.0,7.0,9999.0,1,2010,-1.0,-1,-1,2,,99,6,,,
2635,26,9,7,14,18,2,99,1,46,1,4.0,5.0,9999.0,1,2010,-1.0,-1,-1,1,,99,6,,,
2636,18,4,7,14,3,2,99,1,28,1,5.0,99.0,9999.0,1,2010,-1.0,-1,-1,1,,99,6,,,
2637,18,4,7,14,3,2,99,1,999,1,4.0,1.0,9999.0,1,2010,-1.0,-1,-1,9,,99,6,,,
2638,25,7,7,14,1,1,11,1,31,1,4.0,6.0,2009.0,1,2010,-1.0,-1,-1,1,,99,6,,,
2639,25,7,7,14,1,1,11,9,999,9,2.0,11.0,9999.0,1,2010,-1.0,-1,-1,9,,99,6,,,
2640,30,11,2,14,1,1,11,1,20,1,1.0,5.0,2001.0,1,2010,-1.0,-1,-1,1,,99,6,,,
2641,30,11,2,14,1,1,11,2,29,1,4.0,3.0,2007.0,1,2010,-1.0,-1,-1,1,,99,6,,,
2642,25,7,7,14,1,1,12,1,34,1,3.0,2.0,1995.0,1,2010,-1.0,-1,-1,1,,99,6,,,
2643,25,7,7,14,1,1,12,1,23,1,4.0,5.0,2000.0,1,2010,-1.0,-1,-1,1,,99,6,,,
2644,26,8,4,14,18,2,99,1,43,1,6.0,2.0,1994.0,1,2010,-1.0,-1,-1,1,,99,6,,,
2645,27,8,5,14,19,2,99,1,26,1,1.0,1.0,2004.0,1,2010,-1.0,-1,-1,1,,99,6,,,
2646,27,8,5,14,19,2,99,1,28,1,1.0,7.0,2008.0,1,2010,-1.0,-1,-1,1,,99,6,,,
2647,22,4,4,14,12,1,3,9,999,9,3.0,4.0,1985.0,1,2010,-1.0,-1,-1,9,,99,6,,,
2648,22,4,4,14,12,1,3,1,28,2,2.0,16.0,9999.0,1,2010,-1.0,-1,-1,1,,99,6,,,
2649,27,7,2,14,1,1,12,1,24,9,1.0,99.0,9999.0,1,2010,-1.0,-1,-1,1,,99,6,,,
2650,27,7,2,14,1,1,12,1,32,9,3.0,99.0,9999.0,1,2010,-1.0,-1,-1,1,,99,6,,,
2651,27,7,2,14,1,1,12,1,20,9,4.0,5.0,9999.0,1,2010,-1.0,-1,-1,1,,99,6,,,
2652,28,7,3,14,18,2,99,9,999,9,3.0,2.0,1985.0,1,2010,-1.0,-1,-1,9,,99,6,,,
2653,28,7,3,14,18,2,99,1,19,9,4.0,99.0,9999.0,1,2010,-1.0,-1,-1,1,,99,6,,,
2654,30,12,4,14,12,2,99,9,999,9,3.0,9.0,9999.0,3,2010,-1.0,-1,-1,9,,99,6,,,
2655,31,12,5,14,21,1,1,1,29,1,4.0,5.0,2008.0,1,2010,-1.0,-1,-1,1,,99,6,,,
2656,31,12,5,14,21,1,1,1,21,1,9.0,2.0,2008.0,1,2010,-1.0,-1,-1,1,,99,6,,,
2657,27,4,2,14,22,2,99,9,999,9,7.0,6.0,1999.0,1,2010,-1.0,-1,-1,9,,99,6,,,
2658,27,4,2,14,22,2,99,9,999,9,9.0,2.0,2009.0,1,2010,-1.0,-1,-1,9,,99,6,,,
2659,30,7,5,14,1,1,8,1,36,9,1.0,1.0,9999.0,1,2010,-1.0,-1,-1,1,,99,6,,,
2660,30,7,5,14,1,1,8,1,63,9,17.0,1.0,9999.0,1,2010,-1.0,-1,-1,1,,99,6,,,
2661,31,3,3,14,22,2,99,1,22,2,1.0,7.0,9999.0,1,2010,-1.0,-1,-1,1,,99,6,,,
2662,31,3,3,14,22,2,99,1,42,1,3.0,9.0,9999.0,1,2010,-1.0,-1,-1,1,,99,6,,,
2663,31,3,3,14,13,2,99,1,20,1,3.0,1.0,1980.0,1,2010,-1.0,-1,-1,1,,99,6,,,
2664,31,3,3,14,13,2,99,1,16,1,4.0,4.0,2001.0,1,2010,-1.0,-1,-1,2,,99,6,,,
2665,30,4,5,14,11,1,4,1,28,2,12.0,3.0,1986.0,1,2010,-1.0,-1,-1,1,,99,6,,,
2666,30,4,5,14,11,1,4,1,37,1,9.0,8.0,1991.0,1,2010,-1.0,-1,-1,1,,99,6,,,
2667,2,10,6,14,22,2,99,1,31,9,5.0,3.0,1993.0,3,2010,-1.0,-1,-1,1,,99,6,,,
2668,2,9,4,14,5,2,99,1,21,1,9.0,2.0,2008.0,2,2010,-1.0,-1,-1,1,,99,6,,,
2669,1,4,4,14,6,2,99,1,999,9,3.0,99.0,9999.0,3,2010,-1.0,-1,-1,9,,99,6,,,
2670,5,2,5,14,22,2,99,1,62,2,1.0,6.0,1998.0,2,2010,-1.0,-1,-1,1,,99,6,,,
2671,5,1,2,14,12,2,99,1,39,1,14.0,1.0,9999.0,2,2010,-1.0,-1,-1,1,,99,6,,,
2672,4,8,3,14,1,1,16,1,999,1,3.0,5.0,2008.0,2,2010,-1.0,-1,-1,9,,99,6,,,
2673,7,10,4,14,10,1,2,1,20,9,14.0,1.0,2010.0,1,2010,-1.0,-1,-1,1,,99,6,,,
2674,9,1,6,14,3,2,99,1,18,1,3.0,3.0,9999.0,1,2010,-1.0,-1,-1,1,,99,6,,,
2675,9,1,6,14,3,2,99,1,29,9,3.0,3.0,9999.0,1,2010,-1.0,-1,-1,1,,99,6,,,
2676,10,7,5,14,1,1,18,1,31,1,6.0,2.0,9999.0,4,2010,-1.0,-1,-1,1,,99,6,,,
2677,12,11,5,14,8,1,99,9,999,9,7.0,6.0,9999.0,3,2010,-1.0,-1,-1,9,,99,6,,,
2678,13,6,7,14,22,2,99,1,36,1,3.0,3.0,2001.0,2,2010,-1.0,-1,-1,1,,99,6,,,
2679,16,2,2,14,7,2,99,9,999,9,7.0,6.0,9999.0,3,2010,-1.0,-1,-1,9,,99,6,,,
2680,12,8,4,14,17,2,99,1,16,1,4.0,99.0,9999.0,4,2010,-1.0,-1,-1,2,,99,6,,,
2681,13,7,2,14,16,2,99,1,27,9,3.0,9.0,1989.0,2,2010,-1.0,-1,-1,1,,99,6,,,
2682,14,3,7,14,6,2,99,1,28,9,4.0,5.0,2008.0,2,2010,-1.0,-1,-1,1,,99,6,,,
2683,13,12,1,14,5,2,99,1,48,9,3.0,11.0,9999.0,2,2010,-1.0,-1,-1,1,,99,6,,,
2684,17,10,7,14,13,2,99,1,35,9,3.0,3.0,1988.0,4,2010,-1.0,-1,-1,1,,99,6,,,
2685,19,1,2,14,14,2,99,1,23,9,3.0,99.0,9999.0,3,2010,-1.0,-1,-1,1,,99,6,,,
2686,15,9,3,14,17,2,99,1,32,9,4.0,99.0,9999.0,3,2010,-1.0,-1,-1,1,,99,6,,,
2687,22,2,1,14,5,2,99,1,24,1,3.0,2.0,1994.0,2,2010,-1.0,-1,-1,1,,99,6,,,
2688,19,11,5,14,21,2,99,1,29,1,5.0,2.0,1983.0,2,2010,-1.0,-1,-1,1,,99,6,,,
2689,17,7,6,14,5,2,99,2,38,1,1.0,5.0,2004.0,2,2010,-1.0,-1,-1,1,,99,6,,,
2690,16,12,4,14,7,2,99,1,31,2,1.0,3.0,2000.0,2,2010,-1.0,-1,-1,1,,99,6,,,
2691,17,9,5,14,13,2,99,1,999,9,3.0,4.0,9999.0,3,2010,-1.0,-1,-1,9,,99,6,,,
2692,11,4,7,14,20,2,99,1,39,1,3.0,2.0,1986.0,3,2010,-1.0,-1,-1,1,,99,6,,,
2693,11,4,7,14,20,2,99,1,22,1,1.0,1.0,1990.0,3,2010,-1.0,-1,-1,1,,99,6,,,
2694,19,8,4,14,19,1,99,1,65,1,3.0,1.0,9999.0,2,2010,-1.0,-1,-1,1,,99,6,,,
2695,19,8,4,14,17,1,99,2,25,1,4.0,99.0,9999.0,2,2010,-1.0,-1,-1,1,,99,6,,,
2696,19,3,5,14,16,1,99,1,15,9,5.0,2.0,9999.0,1,2010,-1.0,-1,-1,2,,99,6,,,
2697,21,7,3,14,1,1,17,1,28,9,1.0,7.0,9999.0,2,2010,-1.0,-1,-1,1,,99,6,,,
2698,21,9,2,14,1,1,17,9,999,9,5.0,2.0,9999.0,3,2010,-1.0,-1,-1,9,,99,6,,,
2699,23,9,4,14,22,2,99,2,21,1,3.0,3.0,1986.0,3,2010,-1.0,-1,-1,1,,99,6,,,
2700,24,9,5,14,22,2,99,1,15,1,3.0,99.0,9999.0,2,2010,-1.0,-1,-1,2,,99,6,,,
2701,24,12,5,14,17,2,99,9,999,9,3.0,3.0,1998.0,3,2010,-1.0,-1,-1,9,,99,6,,,
2702,28,11,7,14,16,2,99,1,29,2,4.0,99.0,9999.0,2,2010,-1.0,-1,-1,1,,99,6,,,
2703,31,10,7,14,21,2,99,1,17,9,4.0,99.0,9999.0,2,2010,-1.0,-1,-1,2,,99,6,,,
2704,27,9,1,14,9,1,18,1,33,9,12.0,7.0,1987.0,4,2010,-1.0,-1,-1,1,,99,6,,,
2705,26,12,7,14,9,1,99,1,40,2,3.0,6.0,1992.0,2,2010,-1.0,-1,-1,1,,99,6,,,
2706,26,8,4,14,1,1,8,1,32,1,4.0,1.0,9999.0,2,2010,-1.0,-1,-1,1,,99,6,,,
2707,26,8,4,14,21,2,99,9,999,9,9.0,2.0,9999.0,2,2010,-1.0,-1,-1,9,,99,6,,,
2708,21,4,3,14,5,2,99,1,32,1,4.0,1.0,9999.0,2,2010,-1.0,-1,-1,1,,99,6,,,
2709,26,8,4,14,2,2,99,1,21,1,14.0,1.0,9999.0,3,2010,-1.0,-1,-1,1,,99,6,,,
2710,30,4,5,14,1,1,15,2,35,1,1.0,8.0,2005.0,2,2010,-1.0,-1,-1,1,,99,6,,,
2711,1,1,5,15,5,2,99,1,31,1,3.0,1.0,1988.0,1,2010,-1.0,-1,-1,1,,99,6,,,
2712,1,1,5,15,5,2,99,1,25,1,4.0,1.0,9999.0,1,2010,-1.0,-1,-1,1,,99,6,,,
2713,2,9,4,15,1,2,99,1,36,1,1.0,14.0,1995.0,1,2010,-1.0,-1,-1,1,,99,6,,,
2714,2,9,4,15,1,2,99,2,43,1,1.0,4.0,2002.0,1,2010,-1.0,-1,-1,1,,99,6,,,
2715,2,12,4,15,21,2,99,9,999,9,1.0,2.0,2007.0,1,2010,-1.0,-1,-1,9,,99,6,,,
2716,2,12,4,15,21,2,99,1,35,2,2.0,2.0,2007.0,1,2010,-1.0,-1,-1,1,,99,6,,,
2717,4,2,4,15,5,2,99,1,25,9,6.0,9.0,9999.0,3,2010,-1.0,-1,-1,1,,99,6,,,
2718,3,3,3,15,13,1,99,1,26,9,1.0,2.0,1999.0,1,2010,-1.0,-1,-1,1,,99,6,,,
2719,3,3,3,15,13,1,99,1,41,9,5.0,8.0,9999.0,1,2010,-1.0,-1,-1,1,,99,6,,,
2720,3,3,3,15,2,2,99,1,25,9,6.0,4.0,1994.0,1,2010,-1.0,-1,-1,1,,99,6,,,
2721,3,3,3,15,2,2,99,1,46,9,6.0,6.0,2000.0,1,2010,-1.0,-1,-1,1,,99,6,,,
2722,3,3,3,15,2,2,99,1,33,9,3.0,2.0,2003.0,1,2010,-1.0,-1,-1,1,,99,6,,,
2723,3,3,3,15,2,2,99,1,20,9,3.0,6.0,2006.0,1,2010,-1.0,-1,-1,1,,99,6,,,
2724,4,1,1,15,5,2,99,1,73,9,5.0,2.0,1980.0,1,2010,-1.0,-1,-1,1,,99,6,,,
2725,4,1,1,15,5,2,99,2,30,9,1.0,6.0,9999.0,1,2010,-1.0,-1,-1,1,,99,6,,,
2726,4,3,4,15,1,2,99,1,51,9,6.0,99.0,2010.0,1,2010,-1.0,-1,-1,1,,99,6,,,
2727,4,3,4,15,1,2,99,1,21,9,4.0,3.0,9999.0,1,2010,-1.0,-1,-1,1,,99,6,,,
2728,4,11,4,15,6,2,99,9,999,9,3.0,1.0,1989.0,1,2010,-1.0,-1,-1,9,,99,6,,,
2729,4,11,4,15,6,2,99,1,30,2,3.0,9.0,1994.0,1,2010,-1.0,-1,-1,1,,99,6,,,
2730,2,5,7,15,5,2,99,1,20,1,4.0,7.0,9999.0,1,2010,-1.0,-1,-1,1,,99,6,,,
2731,2,5,7,15,5,2,99,9,999,9,3.0,5.0,9999.0,1,2010,-1.0,-1,-1,9,,99,6,,,
2732,6,7,2,15,1,1,3,1,39,1,3.0,5.0,1998.0,1,2010,-1.0,-1,-1,1,,99,6,,,
2733,6,7,2,15,1,1,3,1,21,1,1.0,2.0,2001.0,1,2010,-1.0,-1,-1,1,,99,6,,,
2734,5,12,7,15,19,2,99,1,40,1,6.0,2.0,1987.0,1,2010,-1.0,-1,-1,1,,99,6,,,
2735,5,12,7,15,19,2,99,1,32,1,3.0,2.0,1988.0,1,2010,-1.0,-1,-1,1,,99,6,,,
2736,4,5,2,15,1,2,99,1,30,1,3.0,2.0,1989.0,1,2010,-1.0,-1,-1,1,,99,6,,,
2737,4,5,2,15,1,2,99,1,45,1,1.0,99.0,1999.0,1,2010,-1.0,-1,-1,1,,99,6,,,
2738,8,10,5,15,5,1,1,1,34,2,1.0,1.0,1990.0,1,2010,-1.0,-1,-1,1,,99,6,,,
2739,8,10,5,15,5,1,1,2,38,1,3.0,3.0,2007.0,1,2010,-1.0,-1,-1,1,,99,6,,,
2740,12,2,5,15,1,1,5,1,39,9,5.0,2.0,1987.0,1,2010,-1.0,-1,-1,1,,99,6,,,
2741,12,2,5,15,1,1,5,1,24,9,9.0,99.0,9999.0,1,2010,-1.0,-1,-1,1,,99,6,,,
2742,12,2,5,15,20,2,99,1,22,1,1.0,4.0,2000.0,1,2010,-1.0,-1,-1,1,,99,6,,,
2743,12,2,5,15,20,2,99,2,73,1,1.0,9.0,9999.0,1,2010,-1.0,-1,-1,1,,99,6,,,
2744,6,9,1,15,13,2,99,1,25,1,3.0,99.0,9999.0,1,2010,-1.0,-1,-1,1,,99,6,,,
2745,6,9,1,15,13,2,99,1,30,1,3.0,99.0,9999.0,1,2010,-1.0,-1,-1,1,,99,6,,,
2746,8,11,1,15,1,1,18,1,33,1,6.0,5.0,9999.0,1,2010,-1.0,-1,-1,1,,99,6,,,
2747,8,11,1,15,1,1,18,1,28,1,3.0,5.0,9999.0,1,2010,-1.0,-1,-1,1,,99,6,,,
2748,11,6,5,15,12,2,99,1,33,2,3.0,1.0,1989.0,1,2010,-1.0,-1,-1,1,,99,6,,,
2749,11,6,5,15,12,2,99,1,27,1,4.0,1.0,9999.0,1,2010,-1.0,-1,-1,1,,99,6,,,
2750,7,8,6,15,11,2,99,1,60,2,1.0,3.0,1988.0,1,2010,-1.0,-1,-1,1,,99,6,,,
2751,7,8,6,15,11,2,99,1,27,1,3.0,4.0,1996.0,1,2010,-1.0,-1,-1,1,,99,6,,,
2752,9,9,4,15,6,2,99,1,19,1,14.0,1.0,2008.0,1,2010,-1.0,-1,-1,1,,99,6,,,
2753,9,9,4,15,6,2,99,9,999,9,7.0,6.0,9999.0,1,2010,-1.0,-1,-1,9,,99,6,,,
2754,6,5,4,15,10,1,2,1,40,2,5.0,2.0,2003.0,1,2010,-1.0,-1,-1,1,,99,6,,,
2755,6,5,4,15,10,1,2,1,35,1,1.0,99.0,9999.0,1,2010,-1.0,-1,-1,1,,99,6,,,
2756,10,11,3,15,1,1,8,2,18,9,1.0,9.0,9999.0,1,2010,-1.0,-1,-1,1,,99,6,,,
2757,10,11,3,15,1,1,8,1,31,9,4.0,1.0,9999.0,1,2010,-1.0,-1,-1,1,,99,6,,,
2758,13,1,3,15,11,2,99,1,21,2,3.0,6.0,1994.0,1,2010,-1.0,-1,-1,1,,99,6,,,
2759,13,1,3,15,11,2,99,1,999,1,9.0,6.0,2009.0,1,2010,-1.0,-1,-1,9,,99,6,,,
2760,5,4,1,15,1,1,99,1,33,1,1.0,1.0,1988.0,1,2010,-1.0,-1,-1,1,,99,6,,,
2761,5,4,1,15,1,1,99,1,999,1,3.0,5.0,9999.0,1,2010,-1.0,-1,-1,9,,99,6,,,
2762,14,2,7,15,19,2,99,9,999,9,4.0,99.0,9999.0,1,2010,-1.0,-1,-1,9,,99,6,,,
2763,14,2,7,15,19,2,99,1,9,9,4.0,99.0,9999.0,1,2010,-1.0,-1,-1,2,,99,6,,,
2764,10,7,5,15,15,2,99,1,32,1,3.0,2.0,1990.0,1,2010,-1.0,-1,-1,1,,99,6,,,
2765,10,7,5,15,15,2,99,1,64,2,1.0,2.0,1992.0,1,2010,-1.0,-1,-1,1,,99,6,,,
2766,12,10,2,15,12,2,99,1,47,1,2.0,11.0,9999.0,1,2010,-1.0,-1,-1,1,,99,6,,,
2767,10,7,5,15,14,2,99,1,27,1,99.0,8.0,1993.0,1,2010,-1.0,-1,-1,1,,99,6,,,
2768,10,7,5,15,14,2,99,1,37,2,2.0,9.0,1999.0,1,2010,-1.0,-1,-1,1,,99,6,,,
2769,12,11,5,15,4,1,99,1,43,1,4.0,9.0,2005.0,1,2010,-1.0,-1,-1,1,,99,6,,,
2770,12,11,5,15,4,1,99,1,22,1,3.0,3.0,9999.0,1,2010,-1.0,-1,-1,1,,99,6,,,
2771,8,8,7,15,12,2,99,1,25,1,2.0,16.0,9999.0,1,2010,-1.0,-1,-1,1,,99,6,,,
2772,8,8,7,15,12,2,99,1,999,1,3.0,5.0,9999.0,1,2010,-1.0,-1,-1,9,,99,6,,,
2773,11,12,6,15,22,2,99,1,57,1,2.0,11.0,1993.0,1,2010,-1.0,-1,-1,1,,99,6,,,
2774,11,12,6,15,22,2,99,1,20,1,4.0,1.0,2009.0,1,2010,-1.0,-1,-1,1,,99,6,,,
2775,16,2,2,15,5,2,99,1,18,9,5.0,2.0,1992.0,1,2010,-1.0,-1,-1,1,,99,6,,,
2776,16,2,2,15,5,2,99,2,23,9,4.0,1.0,2007.0,1,2010,-1.0,-1,-1,1,,99,6,,,
2777,9,8,1,15,11,2,99,1,26,1,1.0,5.0,9999.0,1,2010,-1.0,-1,-1,1,,99,6,,,
2778,9,8,1,15,11,2,99,1,60,1,2.0,5.0,9999.0,1,2010,-1.0,-1,-1,1,,99,6,,,
2779,14,10,4,15,2,2,99,1,35,1,3.0,2.0,2007.0,1,2010,-1.0,-1,-1,1,,99,6,,,
2780,14,10,4,15,2,2,99,1,38,1,3.0,2.0,2009.0,1,2010,-1.0,-1,-1,1,,99,6,,,
2781,7,4,3,15,21,2,99,2,27,1,2.0,2.0,2002.0,1,2010,-1.0,-1,-1,1,,99,6,,,
2782,7,4,3,15,21,2,99,1,20,1,4.0,1.0,9999.0,1,2010,-1.0,-1,-1,1,,99,6,,,
2783,7,4,3,15,5,2,99,1,61,1,5.0,99.0,9999.0,1,2010,-1.0,-1,-1,1,,99,6,,,
2784,10,5,1,15,2,2,99,1,36,1,5.0,2.0,1994.0,1,2010,-1.0,-1,-1,1,,99,6,,,
2785,10,5,1,15,2,2,99,1,17,1,4.0,1.0,9999.0,1,2010,-1.0,-1,-1,2,,99,6,,,
2786,17,1,7,15,6,2,99,1,66,2,3.0,6.0,1994.0,1,2010,-1.0,-1,-1,1,,99,6,,,
2787,17,1,7,15,6,2,99,1,27,1,1.0,5.0,2006.0,1,2010,-1.0,-1,-1,1,,99,6,,,
2788,13,3,6,15,1,1,1,9,999,9,3.0,9.0,9999.0,1,2010,-1.0,-1,-1,9,,99,6,,,
2789,13,3,6,15,22,1,99,9,999,9,9.0,2.0,9999.0,1,2010,-1.0,-1,-1,9,,99,6,,,
2790,13,7,2,15,1,1,1,1,21,1,4.0,5.0,9999.0,1,2010,-1.0,-1,-1,1,,99,6,,,
2791,13,7,2,15,1,1,1,1,21,2,1.0,6.0,9999.0,1,2010,-1.0,-1,-1,1,,99,6,,,
2792,8,4,4,15,1,1,15,1,69,1,1.0,2.0,2007.0,1,2010,-1.0,-1,-1,1,,99,6,,,
2793,8,4,4,15,1,1,15,1,37,1,1.0,2.0,9999.0,1,2010,-1.0,-1,-1,1,,99,6,,,
2794,15,11,1,15,5,2,99,1,19,9,4.0,1.0,2007.0,1,2010,-1.0,-1,-1,1,,99,6,,,
2795,15,11,1,15,5,2,99,1,19,9,2.0,16.0,1998.0,2,2010,-1.0,-1,-1,1,,99,6,,,
2796,13,8,5,15,6,2,99,9,999,9,3.0,2.0,9999.0,1,2010,-1.0,-1,-1,9,,99,6,,,
2797,13,8,5,15,6,2,99,1,57,1,9.0,1.0,9999.0,1,2010,-1.0,-1,-1,1,,99,6,,,
2798,14,3,7,15,10,2,99,1,48,9,7.0,12.0,1996.0,1,2010,-1.0,-1,-1,1,,99,6,,,
2799,14,3,7,15,10,2,99,1,60,9,5.0,2.0,2001.0,1,2010,-1.0,-1,-1,1,,99,6,,,
2800,14,3,7,15,10,2,99,1,40,9,1.0,2.0,2009.0,1,2010,-1.0,-1,-1,1,,99,6,,,
2801,19,1,2,15,1,1,16,1,999,9,3.0,3.0,2008.0,1,2010,-1.0,-1,-1,9,,99,6,,,
2802,19,1,2,15,1,1,16,1,22,9,4.0,6.0,9999.0,1,2010,-1.0,-1,-1,1,,99,6,,,
2803,9,4,5,15,22,2,99,1,29,2,8.0,3.0,1998.0,1,2010,-1.0,-1,-1,1,,99,6,,,
2804,9,4,5,15,22,2,99,1,31,1,3.0,2.0,2010.0,1,2010,-1.0,-1,-1,1,,99,6,,,
2805,9,4,5,15,20,2,99,2,48,1,3.0,11.0,1986.0,1,2010,-1.0,-1,-1,1,,99,6,,,
2806,9,4,5,15,20,2,99,1,25,1,3.0,2.0,2005.0,1,2010,-1.0,-1,-1,1,,99,6,,,
2807,14,3,7,15,12,2,99,1,62,9,7.0,3.0,9999.0,1,2010,-1.0,-1,-1,1,,99,6,,,
2808,14,3,7,15,12,2,99,1,20,9,3.0,5.0,9999.0,1,2010,-1.0,-1,-1,1,,99,6,,,
2809,14,8,6,15,1,1,1,2,20,9,1.0,6.0,1994.0,1,2010,-1.0,-1,-1,1,,99,6,,,
2810,14,8,6,15,1,1,1,1,27,9,4.0,3.0,2005.0,1,2010,-1.0,-1,-1,1,,99,6,,,
2811,14,5,5,15,17,2,99,1,25,2,3.0,2.0,1998.0,1,2010,-1.0,-1,-1,1,,99,6,,,
2812,14,5,5,15,17,2,99,1,36,1,3.0,99.0,9999.0,1,2010,-1.0,-1,-1,1,,99,6,,,
2813,18,10,1,15,17,1,99,9,999,9,99.0,99.0,9999.0,1,2010,-1.0,-1,-1,9,,99,6,,,
2814,15,7,4,15,18,2,99,1,28,1,3.0,1.0,2004.0,1,2010,-1.0,-1,-1,1,,99,6,,,
2815,15,7,4,15,18,2,99,1,48,1,9.0,11.0,2009.0,1,2010,-1.0,-1,-1,1,,99,6,,,
2816,15,5,6,15,1,2,99,2,24,1,1.0,2.0,1999.0,1,2010,-1.0,-1,-1,1,,99,6,,,
2817,15,5,6,15,1,2,99,1,26,1,1.0,2.0,2004.0,1,2010,-1.0,-1,-1,1,,99,6,,,
2818,16,7,5,15,1,1,6,1,43,2,1.0,9.0,1992.0,1,2010,-1.0,-1,-1,1,,99,6,,,
2819,16,7,5,15,1,1,6,1,36,1,1.0,4.0,9999.0,1,2010,-1.0,-1,-1,1,,99,6,,,
2820,21,6,1,15,1,1,3,2,25,1,2.0,4.0,1999.0,1,2010,-1.0,-1,-1,1,,99,6,,,
2821,21,6,1,15,1,1,3,1,25,2,3.0,2.0,9999.0,1,2010,-1.0,-1,-1,1,,99,6,,,
2822,15,12,3,15,11,2,99,2,36,1,3.0,5.0,2010.0,1,2010,-1.0,-1,-1,1,,99,6,,,
2823,15,12,3,15,11,2,99,1,32,2,4.0,1.0,9999.0,1,2010,-1.0,-1,-1,1,,99,6,,,
2824,20,10,3,15,5,2,99,1,48,1,1.0,5.0,9999.0,1,2010,-1.0,-1,-1,1,,99,6,,,
2825,16,8,1,15,1,1,7,1,27,1,4.0,1.0,2005.0,1,2010,-1.0,-1,-1,1,,99,6,,,
2826,16,8,1,15,1,1,7,9,999,9,1.0,11.0,9999.0,1,2010,-1.0,-1,-1,9,,99,6,,,
2827,16,9,4,15,19,2,99,1,16,1,4.0,1.0,2009.0,1,2010,-1.0,-1,-1,2,,99,6,,,
2828,16,9,4,15,19,2,99,2,17,1,3.0,5.0,9999.0,1,2010,-1.0,-1,-1,2,,99,6,,,
2829,21,10,4,15,18,2,99,9,999,9,5.0,99.0,9999.0,1,2010,-1.0,-1,-1,9,,99,6,,,
2830,21,10,4,15,18,2,99,1,37,9,3.0,6.0,9999.0,1,2010,-1.0,-1,-1,1,,99,6,,,
2831,22,10,5,15,1,1,99,1,25,9,2.0,7.0,9999.0,1,2010,-1.0,-1,-1,1,,99,6,,,
2832,22,10,5,15,1,1,99,1,40,9,4.0,99.0,9999.0,1,2010,-1.0,-1,-1,1,,99,6,,,
2833,18,5,2,15,17,2,99,9,999,9,2.0,6.0,9999.0,1,2010,-1.0,-1,-1,9,,99,6,,,
2834,18,7,7,15,15,2,99,1,39,1,7.0,2.0,1998.0,1,2010,-1.0,-1,-1,1,,99,6,,,
2835,17,9,5,15,4,2,99,2,40,1,1.0,2.0,1995.0,1,2010,-1.0,-1,-1,1,,99,6,,,
2836,17,9,5,15,4,2,99,2,41,9,1.0,2.0,1995.0,1,2010,-1.0,-1,-1,1,,99,6,,,
2837,18,9,6,15,1,1,1,2,27,1,1.0,2.0,2005.0,1,2010,-1.0,-1,-1,1,,99,6,,,
2838,18,9,6,15,1,1,1,1,43,1,4.0,5.0,9999.0,1,2010,-1.0,-1,-1,1,,99,6,,,
2839,23,10,6,15,18,2,99,9,999,1,9.0,2.0,2000.0,1,2010,-1.0,-1,-1,9,,99,6,,,
2840,23,10,6,15,18,2,99,1,35,1,4.0,2.0,9999.0,1,2010,-1.0,-1,-1,1,,99,6,,,
2841,23,10,6,15,1,1,16,1,999,1,2.0,11.0,2005.0,1,2010,-1.0,-1,-1,9,,99,6,,,
2842,23,10,6,15,1,1,16,1,22,1,4.0,9.0,2009.0,1,2010,-1.0,-1,-1,1,,99,6,,,
2843,11,4,7,15,4,2,99,9,999,9,7.0,99.0,9999.0,1,2010,-1.0,-1,-1,9,,99,6,,,
2844,18,9,6,15,1,2,1,1,38,1,3.0,5.0,9999.0,1,2010,-1.0,-1,-1,1,,99,6,,,
2845,18,9,6,15,1,1,1,1,32,1,2.0,6.0,9999.0,1,2010,-1.0,-1,-1,1,,99,6,,,
2846,23,10,6,15,1,1,7,1,46,1,1.0,4.0,1995.0,1,2010,-1.0,-1,-1,1,,99,6,,,
2847,23,10,6,15,1,1,7,2,35,1,2.0,4.0,2007.0,1,2010,-1.0,-1,-1,1,,99,6,,,
2848,23,10,6,15,1,1,7,2,35,1,2.0,4.0,2007.0,1,2010,-1.0,-1,-1,1,,99,6,,,
2849,23,10,6,15,1,1,7,1,33,1,11.0,4.0,2007.0,1,2010,-1.0,-1,-1,1,,99,6,,,
2850,25,6,5,15,12,2,99,1,999,1,1.0,5.0,1999.0,1,2010,-1.0,-1,-1,9,,99,6,,,
2851,25,6,5,15,12,2,99,1,999,1,9.0,4.0,2000.0,1,2010,-1.0,-1,-1,9,,99,6,,,
2852,25,6,5,15,12,2,99,1,999,1,2.0,11.0,2006.0,1,2010,-1.0,-1,-1,9,,99,6,,,
2853,25,6,5,15,12,2,99,1,999,1,2.0,2.0,9999.0,1,2010,-1.0,-1,-1,9,,99,6,,,
2854,25,6,5,15,12,2,99,1,26,2,3.0,2.0,9999.0,1,2010,-1.0,-1,-1,1,,99,6,,,
2855,25,6,5,15,12,2,99,1,999,1,2.0,99.0,9999.0,1,2010,-1.0,-1,-1,9,,99,6,,,
2856,18,9,6,15,7,2,99,1,25,9,3.0,4.0,9999.0,1,2010,-1.0,-1,-1,1,,99,6,,,
2857,18,9,6,15,7,2,99,1,53,9,5.0,99.0,9999.0,1,2010,-1.0,-1,-1,1,,99,6,,,
2858,20,5,4,15,19,2,99,1,37,1,4.0,99.0,9999.0,1,2010,-1.0,-1,-1,1,,99,6,,,
2859,20,5,4,15,19,2,99,9,999,9,3.0,1.0,9999.0,1,2010,-1.0,-1,-1,9,,99,6,,,
2860,27,1,3,15,6,2,99,1,43,9,9.0,2.0,1987.0,1,2010,-1.0,-1,-1,1,,99,6,,,
2861,27,1,3,15,6,2,99,1,999,9,1.0,11.0,9999.0,1,2010,-1.0,-1,-1,9,,99,6,,,
2862,20,5,4,15,5,2,99,1,60,1,4.0,99.0,9999.0,1,2010,-1.0,-1,-1,1,,99,6,,,
2863,20,5,4,15,5,2,99,1,999,9,14.0,99.0,9999.0,1,2010,-1.0,-1,-1,9,,99,6,,,
2864,20,8,5,15,1,1,18,1,16,1,3.0,1.0,1987.0,1,2010,-1.0,-1,-1,2,,99,6,,,
2865,20,8,5,15,1,1,18,1,35,1,4.0,7.0,9999.0,1,2010,-1.0,-1,-1,1,,99,6,,,
2866,27,1,3,15,13,2,99,9,999,9,99.0,99.0,9999.0,1,2010,-1.0,-1,-1,9,,99,6,,,
2867,27,1,3,15,13,2,99,1,36,9,3.0,99.0,9999.0,1,2010,-1.0,-1,-1,1,,99,6,,,
2868,19,12,7,15,5,2,99,1,999,9,6.0,1.0,9999.0,1,2010,-1.0,-1,-1,9,,99,6,,,
2869,19,12,7,15,6,2,99,1,39,9,3.0,2.0,1990.0,1,2010,-1.0,-1,-1,1,,99,6,,,
2870,19,12,7,15,6,2,99,1,28,1,3.0,1.0,1993.0,1,2010,-1.0,-1,-1,1,,99,6,,,
2871,20,8,5,15,18,1,99,2,43,1,4.0,99.0,9999.0,1,2010,-1.0,-1,-1,1,,99,6,,,
2872,20,8,5,15,18,1,99,9,999,9,3.0,99.0,9999.0,1,2010,-1.0,-1,-1,9,,99,6,,,
2873,19,12,7,15,17,1,99,1,25,9,3.0,6.0,9999.0,1,2010,-1.0,-1,-1,1,,99,6,,,
2874,20,3,6,15,14,2,99,1,43,1,4.0,1.0,2002.0,1,2010,-1.0,-1,-1,1,,99,6,,,
2875,20,3,6,15,14,2,99,1,16,1,4.0,1.0,2008.0,1,2010,-1.0,-1,-1,2,,99,6,,,
2876,20,9,1,15,13,2,99,1,45,1,3.0,10.0,1990.0,1,2010,-1.0,-1,-1,1,,99,6,,,
2877,20,9,1,15,13,2,99,1,45,1,7.0,2.0,9999.0,1,2010,-1.0,-1,-1,1,,99,6,,,
2878,20,12,1,15,1,1,6,1,37,1,3.0,5.0,9999.0,1,2010,-1.0,-1,-1,1,,99,6,,,
2879,20,12,1,15,1,1,6,1,22,1,6.0,1.0,9999.0,1,2010,-1.0,-1,-1,1,,99,6,,,
2880,21,3,7,15,13,2,99,1,48,1,4.0,1.0,2004.0,1,2010,-1.0,-1,-1,1,,99,6,,,
2881,21,3,7,15,13,2,99,1,21,2,1.0,1.0,9999.0,1,2010,-1.0,-1,-1,1,,99,6,,,
2882,20,12,1,15,22,2,99,9,999,9,3.0,4.0,9999.0,1,2010,-1.0,-1,-1,9,,99,6,,,
2883,20,12,1,15,22,2,99,1,19,1,4.0,1.0,9999.0,1,2010,-1.0,-1,-1,1,,99,6,,,
2884,29,1,5,15,14,1,1,1,34,1,5.0,2.0,1985.0,1,2010,-1.0,-1,-1,1,,99,6,,,
2885,29,1,5,15,14,1,1,1,17,9,4.0,1.0,2007.0,1,2010,-1.0,-1,-1,2,,99,6,,,
2886,21,3,7,15,20,2,99,1,70,1,6.0,2.0,1998.0,1,2010,-1.0,-1,-1,1,,99,6,,,
2887,21,3,7,15,20,2,99,1,51,1,4.0,1.0,9999.0,1,2010,-1.0,-1,-1,1,,99,6,,,
2888,30,1,6,15,7,2,99,1,17,9,14.0,1.0,2007.0,1,2010,-1.0,-1,-1,2,,99,6,,,
2889,30,1,6,15,7,2,99,1,24,9,4.0,3.0,2008.0,1,2010,-1.0,-1,-1,1,,99,6,,,
2890,29,10,5,15,1,1,9,1,27,1,3.0,2.0,9999.0,1,2010,-1.0,-1,-1,1,,99,6,,,
2891,29,10,5,15,1,1,9,1,23,2,1.0,1.0,9999.0,1,2010,-1.0,-1,-1,1,,99,6,,,
2892,24,8,2,15,9,1,7,1,31,1,1.0,5.0,2001.0,1,2010,-1.0,-1,-1,1,,99,6,,,
2893,24,8,2,15,9,1,7,1,38,2,3.0,4.0,9999.0,1,2010,-1.0,-1,-1,1,,99,6,,,
2894,31,10,7,15,9,1,1,1,36,2,1.0,9.0,9999.0,1,2010,-1.0,-1,-1,1,,99,6,,,
2895,31,10,7,15,9,1,1,9,999,9,3.0,6.0,9999.0,1,2010,-1.0,-1,-1,9,,99,6,,,
2896,27,8,5,15,10,2,99,1,26,1,1.0,2.0,1993.0,1,2010,-1.0,-1,-1,1,,99,6,,,
2897,27,8,5,15,10,2,99,1,18,1,1.0,2.0,1994.0,1,2010,-1.0,-1,-1,1,,99,6,,,
2898,28,8,6,15,1,2,99,9,999,9,6.0,1.0,9999.0,1,2010,-1.0,-1,-1,9,,99,6,,,
2899,27,7,2,15,9,1,1,1,48,9,4.0,2.0,2006.0,1,2010,-1.0,-1,-1,1,,99,6,,,
2900,27,7,2,15,9,1,1,1,26,9,4.0,5.0,2008.0,1,2010,-1.0,-1,-1,1,,99,6,,,
2901,23,4,5,15,1,1,16,2,37,1,1.0,4.0,2006.0,1,2010,-1.0,-1,-1,1,,99,6,,,
2902,23,4,5,15,1,1,16,1,29,1,1.0,3.0,9999.0,1,2010,-1.0,-1,-1,1,,99,6,,,
2903,23,4,5,15,1,1,16,2,19,1,1.0,4.0,9999.0,1,2010,-1.0,-1,-1,1,,99,6,,,
2904,24,4,6,15,6,2,99,1,29,1,9.0,6.0,2005.0,1,2010,-1.0,-1,-1,1,,99,6,,,
2905,24,4,6,15,6,2,99,1,23,1,9.0,2.0,2008.0,1,2010,-1.0,-1,-1,1,,99,6,,,
2906,25,4,7,15,10,2,99,1,42,1,4.0,99.0,9999.0,1,2010,-1.0,-1,-1,1,,99,6,,,
2907,28,3,7,15,11,2,99,1,23,1,4.0,1.0,9999.0,1,2010,-1.0,-1,-1,1,,99,6,,,
2908,28,3,7,15,11,2,99,1,20,1,14.0,1.0,9999.0,1,2010,-1.0,-1,-1,1,,99,6,,,
2909,26,4,1,15,5,2,99,1,34,1,12.0,1.0,1992.0,1,2010,-1.0,-1,-1,1,,99,6,,,
2910,29,7,4,15,14,2,99,2,19,1,1.0,6.0,1995.0,1,2010,-1.0,-1,-1,1,,99,6,,,
2911,29,7,4,15,14,2,99,1,17,1,4.0,1.0,9999.0,1,2010,-1.0,-1,-1,2,,99,6,,,
2912,30,3,2,15,1,1,1,1,26,1,4.0,3.0,1992.0,1,2010,-1.0,-1,-1,1,,99,6,,,
2913,30,3,2,15,1,1,1,1,33,1,99.0,4.0,1996.0,1,2010,-1.0,-1,-1,1,,99,6,,,
2914,31,3,3,15,1,1,1,2,55,1,2.0,3.0,2006.0,1,2010,-1.0,-1,-1,1,,99,6,,,
2915,31,3,3,15,1,1,1,1,999,1,3.0,5.0,9999.0,1,2010,-1.0,-1,-1,9,,99,6,,,
2916,27,4,2,15,13,2,99,1,31,1,3.0,9.0,1995.0,1,2010,-1.0,-1,-1,1,,99,6,,,
2917,27,4,2,15,13,2,99,9,999,9,9.0,2.0,9999.0,1,2010,-1.0,-1,-1,9,,99,6,,,
2918,31,7,6,15,10,1,2,1,35,2,1.0,1.0,1983.0,1,2010,-1.0,-1,-1,1,,99,6,,,
2919,31,7,6,15,10,1,2,1,28,1,1.0,3.0,1995.0,1,2010,-1.0,-1,-1,1,,99,6,,,
2920,1,4,4,15,1,1,12,1,25,2,2.0,3.0,2003.0,2,2010,-1.0,-1,-1,1,,99,6,,,
2921,2,9,4,15,14,2,99,1,34,1,14.0,99.0,2008.0,2,2010,-1.0,-1,-1,1,,99,6,,,
2922,3,7,6,15,5,2,99,1,27,1,12.0,99.0,9999.0,3,2010,-1.0,-1,-1,1,,99,6,,,
2923,4,10,1,15,20,2,99,9,999,9,99.0,99.0,9999.0,1,2010,-1.0,-1,-1,9,,99,6,,,
2924,3,11,3,15,5,2,99,9,999,9,1.0,4.0,9999.0,4,2010,-1.0,-1,-1,9,,99,6,,,
2925,5,1,2,15,10,1,3,1,27,2,4.0,3.0,9999.0,4,2010,-1.0,-1,-1,1,,99,6,,,
2926,2,5,7,15,5,2,99,1,58,1,2.0,2.0,9999.0,2,2010,-1.0,-1,-1,1,,99,6,,,
2927,4,12,6,15,17,2,99,1,38,9,4.0,1.0,9999.0,3,2010,-1.0,-1,-1,1,,99,6,,,
2928,3,5,1,15,16,2,99,1,31,1,3.0,3.0,9999.0,3,2010,-1.0,-1,-1,1,,99,6,,,
2929,9,10,6,15,1,1,99,1,25,1,7.0,7.0,9999.0,3,2010,-1.0,-1,-1,1,,99,6,,,
2930,12,2,5,15,18,2,99,1,31,9,1.0,99.0,9999.0,3,2010,-1.0,-1,-1,1,,99,6,,,
2931,11,3,4,15,3,2,99,1,24,9,1.0,1.0,9999.0,2,2010,-1.0,-1,-1,1,,99,6,,,
2932,12,3,5,15,1,2,99,1,33,9,5.0,6.0,9999.0,3,2010,-1.0,-1,-1,1,,99,6,,,
2933,13,6,7,15,17,2,99,9,999,9,4.0,1.0,9999.0,4,2010,-1.0,-1,-1,9,,99,6,,,
2934,17,2,3,15,17,2,99,1,29,9,3.0,99.0,9999.0,1,2010,-1.0,-1,-1,1,,99,6,,,
2935,16,10,6,15,4,2,99,1,53,1,3.0,9.0,1991.0,2,2010,-1.0,-1,-1,1,,99,6,,,
2936,19,1,2,15,9,2,99,9,999,9,3.0,1.0,9999.0,3,2010,-1.0,-1,-1,9,,99,6,,,
2937,19,1,2,15,4,2,99,1,39,9,7.0,99.0,1991.0,3,2010,-1.0,-1,-1,1,,99,6,,,
2938,20,2,6,15,1,2,99,1,32,9,2.0,9.0,9999.0,3,2010,-1.0,-1,-1,1,,99,6,,,
2939,15,12,3,15,16,2,99,1,27,1,3.0,4.0,9999.0,1,2010,-1.0,-1,-1,1,,99,6,,,
2940,19,11,5,15,18,2,99,1,33,1,5.0,2.0,9999.0,3,2010,-1.0,-1,-1,1,,99,6,,,
2941,16,5,7,15,22,2,99,1,27,1,1.0,6.0,1995.0,2,2010,-1.0,-1,-1,1,,99,6,,,
2942,16,5,7,15,18,2,99,1,28,1,99.0,99.0,9999.0,4,2010,-1.0,-1,-1,1,,99,6,,,
2943,18,5,2,15,19,2,99,1,28,1,4.0,99.0,9999.0,1,2010,-1.0,-1,-1,1,,99,6,,,
2944,18,7,7,15,13,2,99,1,53,1,3.0,11.0,9999.0,3,2010,-1.0,-1,-1,1,,99,6,,,
2945,11,4,7,15,18,2,99,1,37,1,2.0,9.0,2001.0,3,2010,-1.0,-1,-1,1,,99,6,,,
2946,18,9,6,15,11,2,99,9,999,9,1.0,2.0,1991.0,2,2010,-1.0,-1,-1,9,,99,6,,,
2947,20,3,6,15,1,2,99,1,34,1,12.0,99.0,9999.0,3,2010,-1.0,-1,-1,1,,99,6,,,
2948,20,3,6,15,2,2,99,1,40,1,2.0,2.0,9999.0,4,2010,-1.0,-1,-1,1,,99,6,,,
2949,28,2,7,15,6,2,99,9,999,9,1.0,99.0,9999.0,3,2010,-1.0,-1,-1,9,,99,6,,,
2950,17,4,6,15,22,2,99,1,18,9,2.0,6.0,1998.0,3,2010,-1.0,-1,-1,1,,99,6,,,
2951,18,4,7,15,1,2,99,9,999,9,1.0,4.0,9999.0,2,2010,-1.0,-1,-1,9,,99,6,,,
2952,30,10,6,15,15,2,99,1,22,1,3.0,9.0,1984.0,3,2010,-1.0,-1,-1,1,,99,6,,,
2953,28,11,7,15,6,2,99,1,22,1,4.0,3.0,9999.0,2,2010,-1.0,-1,-1,1,,99,6,,,
2954,29,5,6,15,1,1,7,2,60,1,2.0,1.0,2005.0,13,2010,-1.0,-1,-1,1,,99,6,,,
2955,31,10,7,15,10,1,1,1,33,9,4.0,1.0,9999.0,2,2010,-1.0,-1,-1,1,,99,6,,,
2956,20,4,2,15,2,2,99,1,44,1,1.0,9.0,2000.0,3,2010,-1.0,-1,-1,1,,99,6,,,
2957,30,5,7,15,1,1,13,2,54,1,1.0,5.0,9999.0,13,2010,-1.0,-1,-1,1,,99,6,,,
2958,26,7,1,15,17,2,99,1,999,9,1.0,2.0,9999.0,3,2010,-1.0,-1,-1,9,,99,6,,,
2959,1,9,3,16,7,2,99,1,35,1,2.0,2.0,1990.0,1,2010,-1.0,-1,-1,1,,99,6,,,
2960,1,9,3,16,7,2,99,1,27,1,1.0,16.0,1990.0,1,2010,-1.0,-1,-1,1,,99,6,,,
2961,2,8,1,16,5,2,99,1,28,1,6.0,2.0,9999.0,1,2010,-1.0,-1,-1,1,,99,6,,,
2962,2,1,6,16,9,1,1,1,32,1,1.0,9.0,1987.0,1,2010,-1.0,-1,-1,1,,99,6,,,
2963,2,1,6,16,9,1,1,9,999,9,9.0,6.0,9999.0,1,2010,-1.0,-1,-1,9,,99,6,,,
2964,2,8,1,16,13,1,1,9,999,9,99.0,99.0,9999.0,1,2010,-1.0,-1,-1,9,,99,6,,,
2965,2,8,1,16,13,1,1,1,18,1,4.0,99.0,9999.0,1,2010,-1.0,-1,-1,1,,99,6,,,
2966,2,6,3,16,3,2,99,2,66,1,1.0,4.0,1991.0,1,2010,-1.0,-1,-1,1,,99,6,,,
2967,2,6,3,16,3,2,99,1,50,1,2.0,6.0,2007.0,1,2010,-1.0,-1,-1,1,,99,6,,,
2968,5,2,5,16,10,2,99,2,20,1,1.0,5.0,1997.0,1,2010,-1.0,-1,-1,1,,99,6,,,
2969,5,2,5,16,10,2,99,1,24,1,4.0,99.0,2009.0,1,2010,-1.0,-1,-1,1,,99,6,,,
2970,3,6,4,16,1,1,3,1,52,1,6.0,14.0,1992.0,1,2010,-1.0,-1,-1,1,,99,6,,,
2971,3,6,4,16,1,1,3,1,32,1,4.0,5.0,9999.0,1,2010,-1.0,-1,-1,1,,99,6,,,
2972,4,9,6,16,1,1,1,1,21,2,1.0,11.0,1992.0,1,2010,-1.0,-1,-1,1,,99,6,,,
2973,2,11,2,16,3,2,99,1,32,9,3.0,9.0,1996.0,1,2010,-1.0,-1,-1,1,,99,6,,,
2974,2,11,2,16,3,2,99,1,26,2,4.0,4.0,9999.0,1,2010,-1.0,-1,-1,1,,99,6,,,
2975,3,6,4,16,9,2,99,9,999,9,6.0,2.0,9999.0,1,2010,-1.0,-1,-1,9,,99,6,,,
2976,3,6,4,16,9,2,99,1,59,1,4.0,5.0,9999.0,1,2010,-1.0,-1,-1,1,,99,6,,,
2977,2,11,2,16,18,1,99,9,999,9,1.0,99.0,9999.0,1,2010,-1.0,-1,-1,9,,99,6,,,
2978,2,11,2,16,18,1,99,1,24,9,4.0,99.0,9999.0,1,2010,-1.0,-1,-1,1,,99,6,,,
2979,2,4,5,16,22,2,99,1,22,1,1.0,11.0,2000.0,1,2010,-1.0,-1,-1,1,,99,6,,,
2980,2,4,5,16,22,2,99,1,33,2,3.0,4.0,9999.0,1,2010,-1.0,-1,-1,1,,99,6,,,
2981,2,4,5,16,22,2,99,1,40,2,4.0,3.0,9999.0,2,2010,-1.0,-1,-1,1,,99,6,,,
2982,2,4,5,16,22,2,99,9,999,9,3.0,5.0,9999.0,2,2010,-1.0,-1,-1,9,,99,6,,,
2983,4,9,6,16,1,1,6,1,40,1,1.0,4.0,9999.0,1,2010,-1.0,-1,-1,1,,99,6,,,
2984,4,9,6,16,1,1,6,1,29,1,4.0,1.0,9999.0,1,2010,-1.0,-1,-1,1,,99,6,,,
2985,3,8,2,16,14,2,99,1,48,2,3.0,2.0,1984.0,1,2010,-1.0,-1,-1,1,,99,6,,,
2986,3,8,2,16,14,2,99,9,999,9,3.0,1.0,1990.0,1,2010,-1.0,-1,-1,9,,99,6,,,
2987,5,7,1,16,22,2,99,1,999,1,5.0,2.0,1996.0,1,2010,-1.0,-1,-1,9,,99,6,,,
2988,5,7,1,16,22,2,99,1,27,1,1.0,1.0,1997.0,1,2010,-1.0,-1,-1,1,,99,6,,,
2989,5,1,2,16,9,2,99,1,30,1,12.0,3.0,1991.0,1,2010,-1.0,-1,-1,1,,99,6,,,
2990,2,4,5,16,6,2,99,1,32,1,1.0,5.0,1993.0,1,2010,-1.0,-1,-1,1,,99,6,,,
2991,2,4,5,16,6,2,99,1,24,1,1.0,2.0,9999.0,1,2010,-1.0,-1,-1,1,,99,6,,,
2992,5,7,1,16,21,2,99,1,36,1,3.0,1.0,2004.0,1,2010,-1.0,-1,-1,1,,99,6,,,
2993,6,1,3,16,6,2,99,1,26,2,3.0,5.0,1989.0,1,2010,-1.0,-1,-1,1,,99,6,,,
2994,6,1,3,16,6,2,99,9,999,9,3.0,4.0,9999.0,1,2010,-1.0,-1,-1,9,,99,6,,,
2995,4,8,3,16,9,1,2,1,21,1,3.0,3.0,1990.0,1,2010,-1.0,-1,-1,1,,99,6,,,
2996,4,8,3,16,9,1,2,9,999,1,4.0,9.0,9999.0,1,2010,-1.0,-1,-1,9,,99,6,,,
2997,5,7,1,16,10,2,99,1,27,1,6.0,1.0,1988.0,1,2010,-1.0,-1,-1,1,,99,6,,,
2998,5,7,1,16,10,2,99,1,55,1,4.0,5.0,2009.0,1,2010,-1.0,-1,-1,1,,99,6,,,
2999,4,8,3,16,2,2,99,1,28,1,5.0,2.0,9999.0,1,2010,-1.0,-1,-1,1,,99,6,,,
3000,4,8,3,16,2,2,99,1,37,1,11.0,2.0,9999.0,1,2010,-1.0,-1,-1,1,,99,6,,,
3001,5,8,4,16,5,1,1,2,999,9,8.0,9.0,9999.0,1,2010,-1.0,-1,-1,9,,99,6,,,
3002,5,8,4,16,5,1,1,1,22,2,3.0,99.0,9999.0,1,2010,-1.0,-1,-1,1,,99,6,,,
3003,3,4,6,16,1,2,99,1,24,9,1.0,3.0,1999.0,1,2010,-1.0,-1,-1,1,,99,6,,,
3004,3,4,6,16,1,2,99,1,31,9,4.0,1.0,9999.0,1,2010,-1.0,-1,-1,1,,99,6,,,
3005,5,11,5,16,16,2,99,1,50,9,3.0,99.0,1995.0,1,2010,-1.0,-1,-1,1,,99,6,,,
3006,5,11,5,16,16,2,99,1,57,9,6.0,2.0,9999.0,1,2010,-1.0,-1,-1,1,,99,6,,,
3007,3,4,6,16,1,2,99,1,22,9,3.0,6.0,1993.0,1,2010,-1.0,-1,-1,1,,99,6,,,
3008,3,4,6,16,1,2,99,1,28,9,1.0,6.0,1997.0,1,2010,-1.0,-1,-1,1,,99,6,,,
3009,5,12,7,16,16,2,99,9,999,9,3.0,7.0,9999.0,1,2010,-1.0,-1,-1,9,,99,6,,,
3010,5,12,7,16,16,2,99,1,27,9,4.0,99.0,9999.0,1,2010,-1.0,-1,-1,1,,99,6,,,
3011,7,7,3,16,1,1,6,1,28,1,4.0,99.0,9999.0,1,2010,-1.0,-1,-1,1,,99,6,,,
3012,7,7,3,16,1,1,6,1,42,1,1.0,6.0,9999.0,1,2010,-1.0,-1,-1,1,,99,6,,,
3013,8,6,2,16,15,2,99,2,33,1,4.0,3.0,9999.0,1,2010,-1.0,-1,-1,1,,99,6,,,
3014,8,6,2,16,15,2,99,1,23,2,3.0,3.0,9999.0,1,2010,-1.0,-1,-1,1,,99,6,,,
3015,6,8,5,16,12,2,99,1,45,1,1.0,5.0,1994.0,1,2010,-1.0,-1,-1,1,,99,6,,,
3016,6,8,5,16,12,2,99,9,999,9,7.0,8.0,9999.0,1,2010,-1.0,-1,-1,9,,99,6,,,
3017,7,9,2,16,11,2,99,1,46,1,3.0,2.0,9999.0,1,2010,-1.0,-1,-1,1,,99,6,,,
3018,7,9,2,16,11,2,99,1,22,1,4.0,5.0,9999.0,1,2010,-1.0,-1,-1,1,,99,6,,,
3019,5,5,3,16,9,2,99,1,22,1,4.0,5.0,9999.0,1,2010,-1.0,-1,-1,1,,99,6,,,
3020,5,5,3,16,9,2,99,1,50,2,3.0,6.0,9999.0,1,2010,-1.0,-1,-1,1,,99,6,,,
3021,8,7,4,16,17,2,99,1,33,1,3.0,2.0,1982.0,1,2010,-1.0,-1,-1,1,,99,6,,,
3022,8,7,4,16,17,2,99,1,23,1,4.0,99.0,9999.0,1,2010,-1.0,-1,-1,1,,99,6,,,
3023,5,5,3,16,16,1,4,2,31,1,1.0,3.0,2008.0,1,2010,-1.0,-1,-1,1,,99,6,,,
3024,5,5,3,16,16,1,4,1,23,1,4.0,1.0,2009.0,1,2010,-1.0,-1,-1,1,,99,6,,,
3025,12,2,5,16,12,2,99,9,999,9,3.0,99.0,9999.0,1,2010,-1.0,-1,-1,9,,99,6,,,
3026,12,2,5,16,12,2,99,1,19,9,4.0,1.0,9999.0,1,2010,-1.0,-1,-1,1,,99,6,,,
3027,8,9,3,16,6,2,99,1,999,9,3.0,4.0,1986.0,1,2010,-1.0,-1,-1,9,,99,6,,,
3028,9,12,4,16,1,1,6,1,31,9,12.0,1.0,1991.0,1,2010,-1.0,-1,-1,1,,99,6,,,
3029,9,12,4,16,1,1,6,1,27,9,4.0,1.0,9999.0,1,2010,-1.0,-1,-1,1,,99,6,,,
3030,4,4,7,16,18,2,99,1,28,9,1.0,99.0,9999.0,1,2010,-1.0,-1,-1,1,,99,6,,,
3031,4,4,7,16,18,2,99,9,999,9,3.0,99.0,9999.0,1,2010,-1.0,-1,-1,9,,99,6,,,
3032,13,2,6,16,1,1,1,1,30,1,1.0,2.0,2006.0,1,2010,-1.0,-1,-1,1,,99,6,,,
3033,13,2,6,16,1,1,1,1,19,9,4.0,1.0,2007.0,1,2010,-1.0,-1,-1,1,,99,6,,,
3034,13,2,6,16,1,1,18,1,17,1,1.0,2.0,1989.0,1,2010,-1.0,-1,-1,2,,99,6,,,
3035,13,2,6,16,1,1,18,1,39,1,10.0,2.0,9999.0,1,2010,-1.0,-1,-1,1,,99,6,,,
3036,4,4,7,16,4,2,99,1,19,9,3.0,10.0,1986.0,1,2010,-1.0,-1,-1,1,,99,6,,,
3037,4,4,7,16,4,2,99,9,999,9,1.0,4.0,2002.0,1,2010,-1.0,-1,-1,9,,99,6,,,
3038,5,4,1,16,1,1,8,1,999,1,4.0,99.0,9999.0,1,2010,-1.0,-1,-1,9,,99,6,,,
3039,5,4,1,16,1,1,8,1,28,1,2.0,6.0,9999.0,1,2010,-1.0,-1,-1,1,,99,6,,,
3040,8,8,7,16,16,2,99,9,999,9,1.0,99.0,9999.0,1,2010,-1.0,-1,-1,9,,99,6,,,
3041,8,8,7,16,16,2,99,2,16,9,4.0,99.0,9999.0,1,2010,-1.0,-1,-1,2,,99,6,,,
3042,13,11,6,16,6,2,99,1,22,1,1.0,2.0,1993.0,1,2010,-1.0,-1,-1,1,,99,6,,,
3043,13,11,6,16,6,2,99,1,33,2,3.0,2.0,9999.0,1,2010,-1.0,-1,-1,1,,99,6,,,
3044,14,10,4,16,1,1,3,9,999,9,3.0,99.0,1986.0,1,2010,-1.0,-1,-1,9,,99,6,,,
3045,14,10,4,16,1,1,3,1,30,2,1.0,1.0,1992.0,1,2010,-1.0,-1,-1,1,,99,6,,,
3046,10,5,1,16,6,2,99,1,39,1,3.0,9.0,1991.0,1,2010,-1.0,-1,-1,1,,99,6,,,
3047,10,5,1,16,6,2,99,1,36,1,3.0,16.0,9999.0,1,2010,-1.0,-1,-1,1,,99,6,,,
3048,7,4,3,16,10,2,99,1,32,1,3.0,6.0,1994.0,1,2010,-1.0,-1,-1,1,,99,6,,,
3049,7,4,3,16,10,2,99,1,54,1,4.0,1.0,2007.0,1,2010,-1.0,-1,-1,1,,99,6,,,
3050,12,7,1,16,12,2,99,9,999,1,1.0,5.0,1997.0,1,2010,-1.0,-1,-1,9,,99,6,,,
3051,12,7,1,16,12,2,99,9,999,1,1.0,2.0,9999.0,1,2010,-1.0,-1,-1,9,,99,6,,,
3052,11,5,2,16,1,1,12,9,999,9,1.0,11.0,1981.0,1,2010,-1.0,-1,-1,9,,99,6,,,
3053,11,5,2,16,1,1,12,9,999,9,3.0,11.0,1983.0,1,2010,-1.0,-1,-1,9,,99,6,,,
3054,11,5,2,16,1,1,12,1,36,2,10.0,2.0,9999.0,1,2010,-1.0,-1,-1,1,,99,6,,,
3055,12,7,1,16,2,2,99,1,34,1,3.0,1.0,1998.0,1,2010,-1.0,-1,-1,1,,99,6,,,
3056,12,7,1,16,2,2,99,1,39,1,3.0,5.0,9999.0,1,2010,-1.0,-1,-1,1,,99,6,,,
3057,19,2,5,16,5,2,99,1,23,1,5.0,10.0,9999.0,1,2010,-1.0,-1,-1,1,,99,6,,,
3058,19,2,5,16,5,2,99,1,46,9,4.0,99.0,9999.0,1,2010,-1.0,-1,-1,1,,99,6,,,
3059,9,4,5,16,1,1,17,1,25,1,4.0,3.0,9999.0,1,2010,-1.0,-1,-1,1,,99,6,,,
3060,9,4,5,16,1,1,17,2,38,1,1.0,2.0,9999.0,1,2010,-1.0,-1,-1,1,,99,6,,,
3061,18,6,5,16,15,2,99,1,27,1,3.0,9.0,1991.0,1,2010,-1.0,-1,-1,1,,99,6,,,
3062,14,7,3,16,1,1,1,1,50,1,3.0,2.0,2007.0,1,2010,-1.0,-1,-1,1,,99,6,,,
3063,14,7,3,16,1,1,1,2,32,1,4.0,1.0,9999.0,1,2010,-1.0,-1,-1,1,,99,6,,,
3064,14,5,5,16,13,1,5,1,39,1,2.0,1.0,1986.0,1,2010,-1.0,-1,-1,1,,99,6,,,
3065,14,5,5,16,13,1,5,1,33,1,4.0,9.0,2003.0,1,2010,-1.0,-1,-1,1,,99,6,,,
3066,14,7,3,16,10,2,99,1,28,1,5.0,1.0,1987.0,1,2010,-1.0,-1,-1,1,,99,6,,,
3067,20,2,6,16,1,1,99,2,20,9,1.0,1.0,1999.0,1,2010,-1.0,-1,-1,1,,99,6,,,
3068,20,2,6,16,1,1,99,1,20,9,4.0,99.0,2009.0,1,2010,-1.0,-1,-1,1,,99,6,,,
3069,20,6,7,16,1,1,18,1,34,1,1.0,2.0,1997.0,1,2010,-1.0,-1,-1,1,,99,6,,,
3070,20,6,7,16,1,1,18,1,23,1,12.0,1.0,9999.0,1,2010,-1.0,-1,-1,1,,99,6,,,
3071,20,6,7,16,1,1,18,1,25,1,12.0,1.0,9999.0,1,2010,-1.0,-1,-1,1,,99,6,,,
3072,15,7,4,16,5,2,99,1,18,1,4.0,5.0,9999.0,1,2010,-1.0,-1,-1,1,,99,6,,,
3073,15,7,4,16,5,2,99,1,25,1,4.0,5.0,9999.0,1,2010,-1.0,-1,-1,1,,99,6,,,
3074,20,1,3,16,20,2,99,1,25,1,14.0,1.0,2006.0,1,2010,-1.0,-1,-1,1,,99,6,,,
3075,20,1,3,16,20,2,99,9,999,9,3.0,99.0,9999.0,1,2010,-1.0,-1,-1,9,,99,6,,,
3076,15,9,3,16,22,1,99,1,29,1,5.0,2.0,9999.0,1,2010,-1.0,-1,-1,1,,99,6,,,
3077,20,1,3,16,11,2,99,1,31,1,3.0,2.0,2001.0,1,2010,-1.0,-1,-1,1,,99,6,,,
3078,20,1,3,16,11,2,99,1,58,9,4.0,1.0,9999.0,1,2010,-1.0,-1,-1,1,,99,6,,,
3079,20,6,7,16,18,2,99,1,43,1,1.0,11.0,9999.0,1,2010,-1.0,-1,-1,1,,99,6,,,
3080,20,6,7,16,18,2,99,1,43,1,4.0,5.0,9999.0,1,2010,-1.0,-1,-1,1,,99,6,,,
3081,16,5,7,16,1,1,7,1,27,1,1.0,2.0,9999.0,1,2010,-1.0,-1,-1,1,,99,6,,,
3082,16,12,4,16,20,2,99,1,50,2,6.0,2.0,1992.0,1,2010,-1.0,-1,-1,1,,99,6,,,
3083,16,12,4,16,20,2,99,1,35,1,2.0,2.0,1993.0,1,2010,-1.0,-1,-1,1,,99,6,,,
3084,16,12,4,16,20,2,99,1,25,1,1.0,6.0,2000.0,1,2010,-1.0,-1,-1,1,,99,6,,,
3085,16,12,4,16,20,2,99,1,36,1,1.0,3.0,9999.0,1,2010,-1.0,-1,-1,1,,99,6,,,
3086,23,1,6,16,5,2,99,1,999,9,99.0,5.0,9999.0,1,2010,-1.0,-1,-1,9,,99,6,,,
3087,23,1,6,16,5,2,99,1,40,9,3.0,5.0,9999.0,1,2010,-1.0,-1,-1,1,,99,6,,,
3088,21,6,1,16,18,2,99,1,34,2,1.0,6.0,1997.0,1,2010,-1.0,-1,-1,1,,99,6,,,
3089,21,6,1,16,18,2,99,1,26,1,4.0,1.0,2009.0,1,2010,-1.0,-1,-1,1,,99,6,,,
3090,17,12,5,16,1,1,6,1,56,9,3.0,2.0,1999.0,1,2010,-1.0,-1,-1,1,,99,6,,,
3091,17,12,5,16,1,1,6,1,19,9,14.0,1.0,2004.0,1,2010,-1.0,-1,-1,1,,99,6,,,
3092,23,10,6,16,19,2,99,9,999,9,1.0,99.0,9999.0,1,2010,-1.0,-1,-1,9,,99,6,,,
3093,23,10,6,16,19,2,99,1,24,9,4.0,99.0,9999.0,1,2010,-1.0,-1,-1,1,,99,6,,,
3094,11,4,7,16,20,2,99,1,47,2,1.0,2.0,1982.0,1,2010,-1.0,-1,-1,1,,99,6,,,
3095,11,4,7,16,20,2,99,9,999,9,14.0,1.0,9999.0,1,2010,-1.0,-1,-1,9,,99,6,,,
3096,22,6,2,16,16,2,99,1,42,2,5.0,2.0,9999.0,1,2010,-1.0,-1,-1,1,,99,6,,,
3097,22,6,2,16,16,2,99,1,32,1,14.0,2.0,9999.0,1,2010,-1.0,-1,-1,1,,99,6,,,
3098,17,9,5,16,17,2,99,9,999,9,99.0,99.0,9999.0,1,2010,-1.0,-1,-1,9,,99,6,,,
3099,17,9,5,16,17,2,99,1,20,1,4.0,5.0,9999.0,1,2010,-1.0,-1,-1,1,,99,6,,,
3100,18,8,3,16,1,1,3,1,37,1,1.0,3.0,1997.0,1,2010,-1.0,-1,-1,1,,99,6,,,
3101,18,8,3,16,1,1,3,2,66,2,9.0,1.0,2006.0,1,2010,-1.0,-1,-1,1,,99,6,,,
3102,23,6,3,16,18,2,99,1,39,1,4.0,1.0,2007.0,1,2010,-1.0,-1,-1,1,,99,6,,,
3103,23,6,3,16,18,2,99,1,22,1,4.0,99.0,2008.0,1,2010,-1.0,-1,-1,1,,99,6,,,
3104,21,11,7,16,5,2,99,1,30,2,2.0,9.0,1995.0,1,2010,-1.0,-1,-1,1,,99,6,,,
3105,21,11,7,16,5,2,99,1,999,2,7.0,99.0,9999.0,1,2010,-1.0,-1,-1,9,,99,6,,,
3106,26,2,5,16,1,1,6,1,25,1,1.0,9.0,9999.0,1,2010,-1.0,-1,-1,1,,99,6,,,
3107,26,2,5,16,1,1,6,1,43,1,12.0,1.0,9999.0,1,2010,-1.0,-1,-1,1,,99,6,,,
3108,20,7,2,16,1,2,99,9,999,9,1.0,1.0,9999.0,1,2010,-1.0,-1,-1,9,,99,6,,,
3109,19,8,4,16,15,2,99,1,44,1,5.0,2.0,1985.0,1,2010,-1.0,-1,-1,1,,99,6,,,
3110,19,8,4,16,15,2,99,1,29,1,9.0,4.0,9999.0,1,2010,-1.0,-1,-1,1,,99,6,,,
3111,24,10,7,16,9,2,99,1,44,9,3.0,3.0,9999.0,1,2010,-1.0,-1,-1,1,,99,6,,,
3112,13,4,2,16,5,2,99,2,16,2,1.0,2.0,9999.0,1,2010,-1.0,-1,-1,2,,99,6,,,
3113,13,4,2,16,5,2,99,1,42,1,6.0,99.0,9999.0,1,2010,-1.0,-1,-1,1,,99,6,,,
3114,19,12,7,16,5,2,99,9,999,9,3.0,99.0,9999.0,1,2010,-1.0,-1,-1,9,,99,6,,,
3115,19,12,7,16,5,2,99,1,50,9,4.0,1.0,9999.0,1,2010,-1.0,-1,-1,1,,99,6,,,
3116,27,2,6,16,1,1,3,9,999,9,1.0,3.0,1986.0,1,2010,-1.0,-1,-1,9,,99,6,,,
3117,27,2,6,16,1,1,3,1,30,9,1.0,1.0,1988.0,1,2010,-1.0,-1,-1,1,,99,6,,,
3118,27,2,6,16,1,1,3,1,57,9,1.0,6.0,1996.0,1,2010,-1.0,-1,-1,1,,99,6,,,
3119,27,2,6,16,1,1,3,1,25,9,7.0,7.0,9999.0,1,2010,-1.0,-1,-1,1,,99,6,,,
3120,19,9,7,16,12,2,99,1,999,1,12.0,1.0,1986.0,1,2010,-1.0,-1,-1,9,,99,6,,,
3121,19,9,7,16,12,2,99,1,999,1,99.0,99.0,2006.0,1,2010,-1.0,-1,-1,9,,99,6,,,
3122,20,5,4,16,12,2,99,1,36,1,9.0,1.0,9999.0,1,2010,-1.0,-1,-1,1,,99,6,,,
3123,20,5,4,16,12,2,99,1,17,1,1.0,6.0,9999.0,1,2010,-1.0,-1,-1,2,,99,6,,,
3124,27,2,6,16,6,2,99,1,67,1,3.0,11.0,1986.0,1,2010,-1.0,-1,-1,1,,99,6,,,
3125,27,2,6,16,6,2,99,1,38,9,4.0,1.0,9999.0,1,2010,-1.0,-1,-1,1,,99,6,,,
3126,15,4,4,16,5,2,99,1,999,1,2.0,99.0,9999.0,1,2010,-1.0,-1,-1,9,,99,6,,,
3127,26,10,2,16,17,2,99,1,63,9,5.0,2.0,9999.0,1,2010,-1.0,-1,-1,1,,99,6,,,
3128,28,2,7,16,1,2,99,1,38,2,1.0,7.0,1984.0,1,2010,-1.0,-1,-1,1,,99,6,,,
3129,28,2,7,16,1,2,99,1,49,1,3.0,4.0,2001.0,1,2010,-1.0,-1,-1,1,,99,6,,,
3130,29,1,5,16,12,2,99,1,999,9,1.0,6.0,9999.0,1,2010,-1.0,-1,-1,9,,99,6,,,
3131,27,10,3,16,13,2,99,1,48,9,3.0,3.0,9999.0,1,2010,-1.0,-1,-1,1,,99,6,,,
3132,27,10,3,16,13,2,99,1,32,9,4.0,99.0,9999.0,1,2010,-1.0,-1,-1,1,,99,6,,,
3133,20,12,1,16,10,2,99,1,37,1,3.0,3.0,1994.0,1,2010,-1.0,-1,-1,1,,99,6,,,
3134,20,12,1,16,10,2,99,1,42,1,5.0,2.0,2008.0,1,2010,-1.0,-1,-1,1,,99,6,,,
3135,22,7,4,16,18,1,99,1,33,1,4.0,1.0,2001.0,1,2010,-1.0,-1,-1,1,,99,6,,,
3136,22,7,4,16,18,1,99,1,47,1,4.0,5.0,2007.0,1,2010,-1.0,-1,-1,1,,99,6,,,
3137,28,2,7,16,11,2,99,1,40,2,2.0,14.0,9999.0,1,2010,-1.0,-1,-1,1,,99,6,,,
3138,28,2,7,16,11,2,99,1,39,9,4.0,1.0,9999.0,1,2010,-1.0,-1,-1,1,,99,6,,,
3139,16,4,5,16,11,2,99,1,22,9,4.0,5.0,2009.0,1,2010,-1.0,-1,-1,1,,99,6,,,
3140,16,4,5,16,11,2,99,1,20,9,4.0,99.0,9999.0,1,2010,-1.0,-1,-1,1,,99,6,,,
3141,30,6,3,16,1,1,2,9,999,1,1.0,2.0,2000.0,1,2010,-1.0,-1,-1,9,,99,6,,,
3142,30,6,3,16,1,1,2,1,20,1,3.0,3.0,2006.0,1,2010,-1.0,-1,-1,1,,99,6,,,
3143,23,7,5,16,22,2,99,1,26,1,4.0,5.0,9999.0,1,2010,-1.0,-1,-1,1,,99,6,,,
3144,23,7,5,16,22,2,99,1,26,1,14.0,1.0,9999.0,1,2010,-1.0,-1,-1,1,,99,6,,,
3145,25,5,2,16,4,2,99,1,999,1,3.0,2.0,9999.0,1,2010,-1.0,-1,-1,9,,99,6,,,
3146,25,5,2,16,4,2,99,1,999,1,3.0,4.0,9999.0,1,2010,-1.0,-1,-1,9,,99,6,,,
3147,26,11,5,16,15,2,99,1,18,2,4.0,1.0,9999.0,1,2010,-1.0,-1,-1,1,,99,6,,,
3148,22,3,1,16,12,1,1,1,17,9,4.0,2.0,9999.0,1,2010,-1.0,-1,-1,2,,99,6,,,
3149,22,3,1,16,12,1,1,1,28,9,3.0,5.0,9999.0,1,2010,-1.0,-1,-1,1,,99,6,,,
3150,23,9,4,16,16,2,99,9,999,9,99.0,99.0,9999.0,1,2010,-1.0,-1,-1,9,,99,6,,,
3151,23,9,4,16,16,2,99,1,39,9,4.0,1.0,9999.0,1,2010,-1.0,-1,-1,1,,99,6,,,
3152,22,8,7,16,13,2,99,9,999,9,3.0,3.0,1984.0,1,2010,-1.0,-1,-1,9,,99,6,,,
3153,22,8,7,16,13,2,99,1,14,9,4.0,1.0,9999.0,1,2010,-1.0,-1,-1,2,,99,6,,,
3154,27,5,4,16,14,2,99,1,32,1,3.0,2.0,2006.0,1,2010,-1.0,-1,-1,1,,99,6,,,
3155,27,5,4,16,14,2,99,1,23,1,3.0,5.0,2010.0,1,2010,-1.0,-1,-1,1,,99,6,,,
3156,24,7,6,16,1,2,99,1,18,1,3.0,4.0,2004.0,1,2010,-1.0,-1,-1,1,,99,6,,,
3157,24,7,6,16,1,2,99,1,19,1,4.0,9.0,9999.0,1,2010,-1.0,-1,-1,1,,99,6,,,
3158,23,3,2,16,10,1,1,1,31,1,2.0,1.0,1989.0,1,2010,-1.0,-1,-1,1,,99,6,,,
3159,23,3,2,16,10,1,1,2,17,1,4.0,1.0,1989.0,1,2010,-1.0,-1,-1,2,,99,6,,,
3160,27,9,1,16,1,1,18,1,45,9,2.0,99.0,1993.0,1,2010,-1.0,-1,-1,1,,99,6,,,
3161,27,9,1,16,1,1,18,1,23,9,4.0,1.0,9999.0,1,2010,-1.0,-1,-1,1,,99,6,,,
3162,25,12,6,16,12,1,1,1,46,2,3.0,3.0,9999.0,1,2010,-1.0,-1,-1,1,,99,6,,,
3163,25,12,6,16,12,1,1,1,22,1,14.0,1.0,9999.0,1,2010,-1.0,-1,-1,1,,99,6,,,
3164,31,10,7,16,5,2,99,2,33,9,3.0,4.0,1993.0,1,2010,-1.0,-1,-1,1,,99,6,,,
3165,31,10,7,16,5,2,99,1,40,9,2.0,99.0,9999.0,1,2010,-1.0,-1,-1,1,,99,6,,,
3166,27,9,1,16,7,2,99,9,999,9,3.0,99.0,9999.0,1,2010,-1.0,-1,-1,9,,99,6,,,
3167,27,9,1,16,7,2,99,1,35,2,3.0,5.0,9999.0,1,2010,-1.0,-1,-1,1,,99,6,,,
3168,31,10,7,16,9,2,99,2,37,1,1.0,4.0,1995.0,1,2010,-1.0,-1,-1,1,,99,6,,,
3169,31,10,7,16,9,2,99,1,28,2,1.0,3.0,1996.0,1,2010,-1.0,-1,-1,1,,99,6,,,
3170,31,10,7,16,9,2,99,1,20,1,1.0,4.0,1998.0,1,2010,-1.0,-1,-1,1,,99,6,,,
3171,21,4,3,16,20,2,99,1,71,1,1.0,4.0,2001.0,1,2010,-1.0,-1,-1,1,,99,6,,,
3172,21,4,3,16,20,2,99,1,38,1,12.0,2.0,9999.0,1,2010,-1.0,-1,-1,1,,99,6,,,
3173,25,7,7,16,17,2,99,1,20,1,4.0,3.0,9999.0,1,2010,-1.0,-1,-1,1,,99,6,,,
3174,25,7,7,16,17,2,99,9,999,9,12.0,2.0,9999.0,1,2010,-1.0,-1,-1,9,,99,6,,,
3175,25,3,4,16,20,2,99,9,999,9,3.0,99.0,9999.0,1,2010,-1.0,-1,-1,9,,99,6,,,
3176,28,12,2,16,5,2,99,1,23,1,5.0,2.0,9999.0,1,2010,-1.0,-1,-1,1,,99,6,,,
3177,28,12,2,16,5,2,99,9,999,9,4.0,1.0,9999.0,1,2010,-1.0,-1,-1,9,,99,6,,,
3178,28,12,2,16,9,2,99,1,42,9,2.0,4.0,1985.0,1,2010,-1.0,-1,-1,1,,99,6,,,
3179,28,12,2,16,9,2,99,1,34,9,4.0,1.0,9999.0,1,2010,-1.0,-1,-1,1,,99,6,,,
3180,28,8,6,16,22,2,99,1,30,1,3.0,3.0,1990.0,1,2010,-1.0,-1,-1,1,,99,6,,,
3181,28,8,6,16,22,2,99,1,38,1,1.0,5.0,9999.0,1,2010,-1.0,-1,-1,1,,99,6,,,
3182,30,8,1,16,1,1,8,1,35,1,5.0,2.0,9999.0,1,2010,-1.0,-1,-1,1,,99,6,,,
3183,28,7,3,16,12,2,99,1,23,1,4.0,99.0,9999.0,1,2010,-1.0,-1,-1,1,,99,6,,,
3184,28,7,3,16,12,2,99,1,32,2,3.0,99.0,9999.0,1,2010,-1.0,-1,-1,1,,99,6,,,
3185,24,4,6,16,2,2,99,1,27,1,4.0,99.0,2006.0,1,2010,-1.0,-1,-1,1,,99,6,,,
3186,26,4,1,16,1,1,13,1,30,1,4.0,3.0,1988.0,1,2010,-1.0,-1,-1,1,,99,6,,,
3187,26,4,1,16,1,1,13,2,46,1,1.0,2.0,2009.0,1,2010,-1.0,-1,-1,1,,99,6,,,
3188,26,4,1,16,1,1,13,1,21,1,4.0,1.0,2005.0,1,2010,-1.0,-1,-1,1,,99,6,,,
3189,26,4,1,16,1,1,13,9,999,9,99.0,99.0,9999.0,1,2010,-1.0,-1,-1,9,,99,6,,,
3190,31,12,5,16,5,1,99,1,32,1,7.0,2.0,2009.0,1,2010,-1.0,-1,-1,1,,99,6,,,
3191,31,12,5,16,5,1,99,1,24,1,4.0,1.0,2009.0,1,2010,-1.0,-1,-1,1,,99,6,,,
3192,31,3,3,16,17,2,99,9,999,9,99.0,99.0,9999.0,1,2010,-1.0,-1,-1,9,,99,6,,,
3193,31,3,3,16,17,2,99,1,19,1,4.0,99.0,9999.0,1,2010,-1.0,-1,-1,1,,99,6,,,
3194,30,4,5,16,11,1,4,1,19,2,14.0,1.0,2005.0,1,2010,-1.0,-1,-1,1,,99,6,,,
3195,30,4,5,16,11,1,4,1,34,1,3.0,8.0,9999.0,1,2010,-1.0,-1,-1,1,,99,6,,,
3196,1,5,6,16,22,2,99,1,27,2,1.0,2.0,1989.0,2,2010,-1.0,-1,-1,1,,99,6,,,
3197,1,4,4,16,10,2,99,9,999,9,3.0,7.0,9999.0,4,2010,-1.0,-1,-1,9,,99,6,,,
3198,3,7,6,16,1,2,99,9,999,9,12.0,99.0,9999.0,3,2010,-1.0,-1,-1,9,,99,6,,,
3199,2,4,5,16,22,2,99,1,24,9,4.0,99.0,9999.0,2,2010,-1.0,-1,-1,1,,99,6,,,
3200,5,6,6,16,14,2,99,9,999,9,3.0,2.0,9999.0,3,2010,-1.0,-1,-1,9,,99,6,,,
3201,12,2,5,16,19,2,99,1,36,1,3.0,99.0,1991.0,2,2010,-1.0,-1,-1,1,,99,6,,,
3202,5,5,3,16,9,2,99,1,40,1,5.0,2.0,1987.0,3,2010,-1.0,-1,-1,1,,99,6,,,
3203,3,4,6,16,14,2,99,1,48,1,3.0,6.0,9999.0,3,2010,-1.0,-1,-1,1,,99,6,,,
3204,7,8,6,16,5,2,99,1,33,1,7.0,2.0,1993.0,3,2010,-1.0,-1,-1,1,,99,6,,,
3205,10,7,5,16,1,1,4,1,28,2,4.0,5.0,9999.0,4,2010,-1.0,-1,-1,1,,99,6,,,
3206,10,3,3,16,16,2,99,1,999,9,5.0,2.0,9999.0,3,2010,-1.0,-1,-1,9,,99,6,,,
3207,8,8,7,16,1,2,99,9,999,9,7.0,99.0,9999.0,2,2010,-1.0,-1,-1,9,,99,6,,,
3208,8,5,6,16,12,2,99,9,999,9,3.0,99.0,9999.0,3,2010,-1.0,-1,-1,9,,99,6,,,
3209,8,8,7,16,12,2,99,1,21,9,4.0,1.0,9999.0,2,2010,-1.0,-1,-1,1,,99,6,,,
3210,11,12,6,16,16,1,4,1,29,2,1.0,10.0,1986.0,4,2010,-1.0,-1,-1,1,,99,6,,,
3211,18,1,1,16,16,1,2,1,31,2,1.0,9.0,1990.0,2,2010,-1.0,-1,-1,1,,99,6,,,
3212,14,5,5,16,16,2,99,1,22,2,4.0,1.0,9999.0,2,2010,-1.0,-1,-1,1,,99,6,,,
3213,18,10,1,16,9,1,99,1,27,2,3.0,5.0,9999.0,2,2010,-1.0,-1,-1,1,,99,6,,,
3214,17,11,3,16,5,1,1,1,40,2,1.0,1.0,9999.0,2,2010,-1.0,-1,-1,1,,99,6,,,
3215,13,12,1,16,12,2,99,1,34,9,3.0,99.0,9999.0,2,2010,-1.0,-1,-1,1,,99,6,,,
3216,18,11,4,16,6,2,99,1,33,2,3.0,3.0,9999.0,2,2010,-1.0,-1,-1,1,,99,6,,,
3217,21,6,1,16,11,2,99,1,54,1,3.0,2.0,9999.0,3,2010,-1.0,-1,-1,1,,99,6,,,
3218,16,3,2,16,20,2,99,2,25,9,3.0,99.0,9999.0,3,2010,-1.0,-1,-1,1,,99,6,,,
3219,17,8,2,16,17,2,99,1,17,1,4.0,99.0,9999.0,4,2010,-1.0,-1,-1,2,,99,6,,,
3220,11,4,7,16,2,2,99,1,32,1,1.0,6.0,9999.0,4,2010,-1.0,-1,-1,1,,99,6,,,
3221,19,5,3,16,5,2,99,1,54,1,7.0,99.0,1984.0,3,2010,-1.0,-1,-1,1,,99,6,,,
3222,28,1,4,16,22,2,99,9,999,9,3.0,5.0,9999.0,3,2010,-1.0,-1,-1,9,,99,6,,,
3223,14,4,3,16,18,2,99,1,21,1,4.0,3.0,1992.0,2,2010,-1.0,-1,-1,1,,99,6,,,
3224,28,2,7,16,22,2,99,9,999,9,3.0,1.0,9999.0,1,2010,-1.0,-1,-1,9,,99,6,,,
3225,21,8,6,16,16,2,99,1,27,9,4.0,99.0,9999.0,4,2010,-1.0,-1,-1,1,,99,6,,,
3226,25,11,4,16,18,2,99,1,25,1,3.0,99.0,9999.0,3,2010,-1.0,-1,-1,1,,99,6,,,
3227,25,12,6,16,9,2,99,9,999,9,3.0,1.0,1998.0,4,2010,-1.0,-1,-1,9,,99,6,,,
3228,31,10,7,16,10,1,2,1,38,9,3.0,2.0,9999.0,2,2010,-1.0,-1,-1,1,,99,6,,,
3229,30,9,4,16,1,1,18,1,28,9,4.0,3.0,2003.0,2,2010,-1.0,-1,-1,1,,99,6,,,
3230,26,7,1,16,15,1,99,1,41,9,3.0,3.0,1988.0,2,2010,-1.0,-1,-1,1,,99,6,,,
3231,22,4,4,16,19,2,99,1,22,1,3.0,6.0,1974.0,2,2010,-1.0,-1,-1,1,,99,6,,,
3232,30,7,5,16,10,2,99,1,40,2,6.0,2.0,1998.0,2,2010,-1.0,-1,-1,1,,99,6,,,
3233,30,3,2,16,13,2,99,9,999,9,3.0,8.0,9999.0,3,2010,-1.0,-1,-1,9,,99,6,,,
3234,1,4,4,17,1,1,17,9,999,9,3.0,99.0,9999.0,1,2010,-1.0,-1,-1,9,,99,6,,,
3235,1,4,4,17,1,1,17,1,999,9,4.0,1.0,9999.0,1,2010,-1.0,-1,-1,9,,99,6,,,
3236,1,2,1,17,13,2,99,1,24,9,3.0,7.0,1982.0,1,2010,-1.0,-1,-1,1,,99,6,,,
3237,1,2,1,17,13,2,99,1,25,9,3.0,2.0,2006.0,1,2010,-1.0,-1,-1,1,,99,6,,,
3238,2,2,2,17,1,2,99,1,29,9,1.0,4.0,2005.0,1,2010,-1.0,-1,-1,1,,99,6,,,
3239,2,2,2,17,1,2,99,1,27,9,4.0,99.0,2005.0,1,2010,-1.0,-1,-1,1,,99,6,,,
3240,2,10,6,17,17,2,99,1,50,9,1.0,1.0,1993.0,1,2010,-1.0,-1,-1,1,,99,6,,,
3241,2,10,6,17,17,2,99,1,53,9,14.0,1.0,9999.0,1,2010,-1.0,-1,-1,1,,99,6,,,
3242,4,2,4,17,20,2,99,1,22,9,3.0,99.0,9999.0,1,2010,-1.0,-1,-1,1,,99,6,,,
3243,2,6,3,17,20,2,99,1,38,1,3.0,6.0,1994.0,1,2010,-1.0,-1,-1,1,,99,6,,,
3244,2,6,3,17,20,2,99,1,30,1,3.0,5.0,2009.0,1,2010,-1.0,-1,-1,1,,99,6,,,
3245,3,12,5,17,1,2,99,2,40,9,3.0,5.0,2007.0,1,2010,-1.0,-1,-1,1,,99,6,,,
3246,3,3,3,17,1,1,7,9,50,9,99.0,99.0,9999.0,1,2010,-1.0,-1,-1,1,,99,6,,,
3247,3,3,3,17,1,1,7,1,50,9,4.0,5.0,9999.0,1,2010,-1.0,-1,-1,1,,99,6,,,
3248,2,4,5,17,1,1,12,1,40,1,1.0,2.0,1994.0,1,2010,-1.0,-1,-1,1,,99,6,,,
3249,2,4,5,17,1,1,12,1,30,2,1.0,6.0,9999.0,1,2010,-1.0,-1,-1,1,,99,6,,,
3250,3,6,4,17,17,2,99,1,37,1,4.0,99.0,9999.0,1,2010,-1.0,-1,-1,1,,99,6,,,
3251,3,6,4,17,17,2,99,9,999,9,3.0,99.0,9999.0,1,2010,-1.0,-1,-1,9,,99,6,,,
3252,7,2,7,17,20,2,99,9,999,9,4.0,99.0,9999.0,1,2010,-1.0,-1,-1,9,,99,6,,,
3253,4,3,4,17,19,2,99,1,32,9,3.0,2.0,9999.0,1,2010,-1.0,-1,-1,1,,99,6,,,
3254,4,3,4,17,19,2,99,1,58,9,4.0,5.0,9999.0,1,2010,-1.0,-1,-1,1,,99,6,,,
3255,3,8,2,17,4,2,99,1,45,1,1.0,1.0,2002.0,1,2010,-1.0,-1,-1,1,,99,6,,,
3256,3,8,2,17,4,2,99,2,47,1,2.0,4.0,2007.0,1,2010,-1.0,-1,-1,1,,99,6,,,
3257,2,4,5,17,18,2,99,1,50,1,1.0,2.0,2002.0,1,2010,-1.0,-1,-1,1,,99,6,,,
3258,2,4,5,17,18,2,99,1,70,1,99.0,4.0,2007.0,1,2010,-1.0,-1,-1,1,,99,6,,,
3259,4,8,3,17,9,2,99,1,43,1,3.0,4.0,1990.0,1,2010,-1.0,-1,-1,1,,99,6,,,
3260,4,8,3,17,9,2,99,1,30,2,3.0,3.0,9999.0,1,2010,-1.0,-1,-1,1,,99,6,,,
3261,6,10,3,17,13,2,99,1,46,9,5.0,2.0,1995.0,1,2010,-1.0,-1,-1,1,,99,6,,,
3262,5,7,1,17,17,2,99,9,999,9,5.0,2.0,9999.0,1,2010,-1.0,-1,-1,9,,99,6,,,
3263,5,7,1,17,17,2,99,1,38,1,14.0,2.0,9999.0,1,2010,-1.0,-1,-1,1,,99,6,,,
3264,6,3,6,17,19,2,99,1,45,9,6.0,2.0,9999.0,1,2010,-1.0,-1,-1,1,,99,6,,,
3265,6,3,6,17,19,2,99,1,50,9,4.0,99.0,9999.0,1,2010,-1.0,-1,-1,1,,99,6,,,
3266,5,11,5,17,1,1,1,1,999,9,3.0,5.0,9999.0,1,2010,-1.0,-1,-1,9,,99,6,,,
3267,5,11,5,17,1,1,1,1,999,9,12.0,1.0,9999.0,1,2010,-1.0,-1,-1,9,,99,6,,,
3268,8,1,5,17,1,1,10,1,63,1,1.0,3.0,1983.0,1,2010,-1.0,-1,-1,1,,99,6,,,
3269,8,1,5,17,1,1,10,1,22,1,4.0,1.0,9999.0,1,2010,-1.0,-1,-1,1,,99,6,,,
3270,3,4,6,17,22,2,99,1,32,9,4.0,2.0,9999.0,1,2010,-1.0,-1,-1,1,,99,6,,,
3271,3,4,6,17,22,2,99,9,999,9,3.0,99.0,9999.0,1,2010,-1.0,-1,-1,9,,99,6,,,
3272,5,9,7,17,17,2,99,9,999,9,9.0,3.0,9999.0,1,2010,-1.0,-1,-1,9,,99,6,,,
3273,9,1,6,17,1,1,12,9,999,9,6.0,2.0,9999.0,1,2010,-1.0,-1,-1,9,,99,6,,,
3274,8,6,2,17,19,2,99,1,19,1,4.0,99.0,9999.0,1,2010,-1.0,-1,-1,1,,99,6,,,
3275,8,6,2,17,19,2,99,9,999,9,14.0,99.0,9999.0,1,2010,-1.0,-1,-1,9,,99,6,,,
3276,6,11,6,17,4,2,99,1,28,9,5.0,2.0,2003.0,1,2010,-1.0,-1,-1,1,,99,6,,,
3277,6,11,6,17,4,2,99,9,999,9,1.0,6.0,9999.0,1,2010,-1.0,-1,-1,9,,99,6,,,
3278,7,7,3,17,1,2,99,1,33,1,3.0,9.0,1998.0,1,2010,-1.0,-1,-1,1,,99,6,,,
3279,7,7,3,17,1,2,99,1,28,1,2.0,3.0,2002.0,1,2010,-1.0,-1,-1,1,,99,6,,,
3280,7,7,3,17,1,2,99,2,35,1,1.0,3.0,2006.0,1,2010,-1.0,-1,-1,1,,99,6,,,
3281,7,7,3,17,1,2,99,1,30,1,5.0,2.0,2006.0,1,2010,-1.0,-1,-1,1,,99,6,,,
3282,6,8,5,17,6,2,99,1,32,1,4.0,4.0,9999.0,1,2010,-1.0,-1,-1,1,,99,6,,,
3283,6,8,5,17,6,2,99,9,999,9,99.0,99.0,9999.0,1,2010,-1.0,-1,-1,9,,99,6,,,
3284,6,8,5,17,6,2,99,1,61,1,2.0,9.0,9999.0,1,2010,-1.0,-1,-1,1,,99,6,,,
3285,6,8,5,17,6,2,99,1,42,1,4.0,6.0,9999.0,1,2010,-1.0,-1,-1,1,,99,6,,,
3286,3,4,6,17,15,2,99,1,47,1,1.0,6.0,1996.0,1,2010,-1.0,-1,-1,1,,99,6,,,
3287,3,4,6,17,15,2,99,1,24,1,4.0,3.0,9999.0,1,2010,-1.0,-1,-1,1,,99,6,,,
3288,7,11,7,17,1,1,7,1,29,2,1.0,2.0,2005.0,1,2010,-1.0,-1,-1,1,,99,6,,,
3289,7,11,7,17,1,1,7,9,999,9,3.0,5.0,9999.0,1,2010,-1.0,-1,-1,9,,99,6,,,
3290,7,11,7,17,1,1,7,9,999,9,12.0,1.0,9999.0,1,2010,-1.0,-1,-1,9,,99,6,,,
3291,7,11,7,17,1,1,7,9,999,9,2.0,6.0,9999.0,1,2010,-1.0,-1,-1,9,,99,6,,,
3292,8,10,5,17,14,1,4,9,999,9,3.0,9.0,1986.0,1,2010,-1.0,-1,-1,9,,99,6,,,
3293,8,10,5,17,14,1,4,1,18,2,1.0,11.0,9999.0,1,2010,-1.0,-1,-1,1,,99,6,,,
3294,11,1,1,17,16,1,3,1,29,1,3.0,3.0,1992.0,1,2010,-1.0,-1,-1,1,,99,6,,,
3295,11,1,1,17,16,1,3,9,999,9,3.0,2.0,1996.0,1,2010,-1.0,-1,-1,9,,99,6,,,
3296,8,3,1,17,17,1,99,1,17,2,3.0,3.0,1983.0,1,2010,-1.0,-1,-1,2,,99,6,,,
3297,8,3,1,17,17,1,99,9,999,9,3.0,9.0,9999.0,1,2010,-1.0,-1,-1,9,,99,6,,,
3298,8,3,1,17,17,1,99,9,999,9,1.0,2.0,9999.0,1,2010,-1.0,-1,-1,9,,99,6,,,
3299,10,6,4,17,1,2,99,1,28,1,2.0,4.0,1998.0,1,2010,-1.0,-1,-1,1,,99,6,,,
3300,10,6,4,17,1,2,99,2,45,1,2.0,14.0,2007.0,1,2010,-1.0,-1,-1,1,,99,6,,,
3301,8,12,3,17,1,1,5,1,41,9,1.0,2.0,2005.0,1,2010,-1.0,-1,-1,1,,99,6,,,
3302,8,12,3,17,1,1,5,1,20,9,4.0,99.0,9999.0,1,2010,-1.0,-1,-1,1,,99,6,,,
3303,11,6,5,17,2,2,99,1,52,1,3.0,5.0,1995.0,1,2010,-1.0,-1,-1,1,,99,6,,,
3304,11,6,5,17,2,2,99,1,63,1,3.0,1.0,9999.0,1,2010,-1.0,-1,-1,1,,99,6,,,
3305,9,7,5,17,17,2,99,1,64,1,4.0,99.0,9999.0,1,2010,-1.0,-1,-1,1,,99,6,,,
3306,9,7,5,17,17,2,99,1,23,1,3.0,99.0,9999.0,1,2010,-1.0,-1,-1,1,,99,6,,,
3307,11,6,5,17,17,2,99,1,19,1,4.0,99.0,9999.0,1,2010,-1.0,-1,-1,1,,99,6,,,
3308,11,6,5,17,17,2,99,9,999,9,3.0,99.0,9999.0,1,2010,-1.0,-1,-1,9,,99,6,,,
3309,13,2,6,17,9,1,99,1,28,2,3.0,1.0,1986.0,1,2010,-1.0,-1,-1,1,,99,6,,,
3310,13,2,6,17,9,1,99,1,27,9,9.0,6.0,2005.0,1,2010,-1.0,-1,-1,1,,99,6,,,
3311,11,6,5,17,14,2,99,1,33,1,3.0,2.0,1986.0,1,2010,-1.0,-1,-1,1,,99,6,,,
3312,11,6,5,17,14,2,99,1,31,1,9.0,2.0,2009.0,1,2010,-1.0,-1,-1,1,,99,6,,,
3313,7,8,6,17,9,2,99,1,47,1,7.0,3.0,1980.0,1,2010,-1.0,-1,-1,1,,99,6,,,
3314,7,8,6,17,9,2,99,1,61,1,1.0,1.0,1999.0,1,2010,-1.0,-1,-1,1,,99,6,,,
3315,9,12,4,17,12,2,99,1,29,2,3.0,1.0,1992.0,1,2010,-1.0,-1,-1,1,,99,6,,,
3316,9,12,4,17,12,2,99,1,999,1,2.0,99.0,9999.0,1,2010,-1.0,-1,-1,9,,99,6,,,
3317,9,9,4,17,16,2,99,9,999,9,9.0,99.0,9999.0,1,2010,-1.0,-1,-1,9,,99,6,,,
3318,9,9,4,17,16,2,99,9,999,9,4.0,99.0,9999.0,1,2010,-1.0,-1,-1,9,,99,6,,,
3319,7,8,6,17,3,2,99,1,36,1,2.0,4.0,1999.0,1,2010,-1.0,-1,-1,1,,99,6,,,
3320,9,9,4,17,1,1,6,1,34,9,4.0,5.0,1978.0,1,2010,-1.0,-1,-1,1,,99,6,,,
3321,9,9,4,17,1,1,6,1,48,1,3.0,2.0,1980.0,1,2010,-1.0,-1,-1,1,,99,6,,,
3322,10,3,3,17,22,2,99,1,30,9,99.0,99.0,9999.0,1,2010,-1.0,-1,-1,1,,99,6,,,
3323,10,3,3,17,22,2,99,1,42,9,4.0,99.0,9999.0,1,2010,-1.0,-1,-1,1,,99,6,,,
3324,13,2,6,17,1,1,4,1,50,1,1.0,9.0,9999.0,1,2010,-1.0,-1,-1,1,,99,6,,,
3325,13,2,6,17,1,1,4,1,21,2,12.0,1.0,9999.0,1,2010,-1.0,-1,-1,1,,99,6,,,
3326,12,6,6,17,4,2,99,1,19,1,1.0,2.0,1997.0,1,2010,-1.0,-1,-1,1,,99,6,,,
3327,12,6,6,17,4,2,99,1,30,1,2.0,4.0,2002.0,1,2010,-1.0,-1,-1,1,,99,6,,,
3328,7,5,5,17,1,1,3,1,36,1,1.0,2.0,1995.0,1,2010,-1.0,-1,-1,1,,99,6,,,
3329,7,5,5,17,1,1,3,1,41,1,4.0,5.0,9999.0,1,2010,-1.0,-1,-1,1,,99,6,,,
3330,11,11,4,17,1,1,1,1,37,9,4.0,9.0,9999.0,1,2010,-1.0,-1,-1,1,,99,6,,,
3331,11,11,4,17,1,1,1,9,999,9,1.0,99.0,9999.0,1,2010,-1.0,-1,-1,9,,99,6,,,
3332,7,5,5,17,22,2,99,1,62,1,4.0,2.0,9999.0,1,2010,-1.0,-1,-1,1,,99,6,,,
3333,10,7,5,17,12,2,99,1,22,2,3.0,1.0,9999.0,1,2010,-1.0,-1,-1,1,,99,6,,,
3334,10,7,5,17,12,2,99,1,19,1,14.0,1.0,9999.0,1,2010,-1.0,-1,-1,1,,99,6,,,
3335,8,8,7,17,10,2,99,1,36,1,3.0,3.0,1994.0,1,2010,-1.0,-1,-1,1,,99,6,,,
3336,8,8,7,17,10,2,99,1,36,2,1.0,4.0,1994.0,1,2010,-1.0,-1,-1,1,,99,6,,,
3337,15,1,5,17,10,2,99,1,24,1,14.0,6.0,2007.0,1,2010,-1.0,-1,-1,1,,99,6,,,
3338,15,1,5,17,10,2,99,1,18,1,1.0,11.0,9999.0,1,2010,-1.0,-1,-1,1,,99,6,,,
3339,12,10,2,17,13,2,99,1,21,2,3.0,3.0,2003.0,1,2010,-1.0,-1,-1,1,,99,6,,,
3340,12,10,2,17,13,2,99,1,28,1,3.0,2.0,2003.0,1,2010,-1.0,-1,-1,1,,99,6,,,
3341,15,1,5,17,5,2,99,1,25,9,4.0,5.0,9999.0,1,2010,-1.0,-1,-1,1,,99,6,,,
3342,15,1,5,17,5,2,99,1,18,9,4.0,1.0,9999.0,1,2010,-1.0,-1,-1,1,,99,6,,,
3343,5,4,1,17,13,2,99,1,21,1,3.0,2.0,1987.0,1,2010,-1.0,-1,-1,1,,99,6,,,
3344,5,4,1,17,13,2,99,1,24,1,1.0,99.0,2000.0,1,2010,-1.0,-1,-1,1,,99,6,,,
3345,8,8,7,17,16,2,99,1,30,1,5.0,2.0,9999.0,1,2010,-1.0,-1,-1,1,,99,6,,,
3346,16,1,6,17,1,1,99,1,28,2,3.0,99.0,1990.0,1,2010,-1.0,-1,-1,1,,99,6,,,
3347,16,1,6,17,1,1,99,1,25,9,3.0,11.0,2004.0,1,2010,-1.0,-1,-1,1,,99,6,,,
3348,6,4,2,17,5,2,99,1,28,9,3.0,5.0,1987.0,1,2010,-1.0,-1,-1,1,,99,6,,,
3349,6,4,2,17,5,2,99,1,30,9,2.0,2.0,9999.0,1,2010,-1.0,-1,-1,1,,99,6,,,
3350,14,6,1,17,1,1,1,1,29,1,1.0,2.0,1989.0,1,2010,-1.0,-1,-1,1,,99,6,,,
3351,14,6,1,17,1,1,1,1,25,1,4.0,5.0,9999.0,1,2010,-1.0,-1,-1,1,,99,6,,,
3352,16,6,3,17,1,1,11,9,999,9,2.0,99.0,9999.0,1,2010,-1.0,-1,-1,9,,99,6,,,
3353,16,6,3,17,1,1,11,1,30,1,4.0,99.0,9999.0,1,2010,-1.0,-1,-1,1,,99,6,,,
3354,11,12,6,17,16,2,99,9,999,9,99.0,99.0,9999.0,1,2010,-1.0,-1,-1,9,,99,6,,,
3355,11,12,6,17,16,2,99,1,27,1,4.0,99.0,9999.0,1,2010,-1.0,-1,-1,1,,99,6,,,
3356,10,5,1,17,6,2,99,1,52,2,3.0,3.0,1987.0,1,2010,-1.0,-1,-1,1,,99,6,,,
3357,10,5,1,17,6,2,99,1,25,1,4.0,1.0,2006.0,1,2010,-1.0,-1,-1,1,,99,6,,,
3358,11,12,6,17,7,2,99,1,31,2,1.0,1.0,2004.0,1,2010,-1.0,-1,-1,1,,99,6,,,
3359,11,12,6,17,7,2,99,9,999,9,3.0,99.0,9999.0,1,2010,-1.0,-1,-1,9,,99,6,,,
3360,11,12,6,17,7,2,99,9,999,9,3.0,99.0,9999.0,1,2010,-1.0,-1,-1,9,,99,6,,,
3361,7,4,3,17,10,1,2,1,38,2,1.0,11.0,9999.0,1,2010,-1.0,-1,-1,1,,99,6,,,
3362,7,4,3,17,10,1,2,2,41,1,2.0,1.0,9999.0,1,2010,-1.0,-1,-1,1,,99,6,,,
3363,12,7,1,17,1,1,18,1,41,1,3.0,2.0,1986.0,1,2010,-1.0,-1,-1,1,,99,6,,,
3364,12,7,1,17,1,1,18,1,26,1,1.0,14.0,1997.0,1,2010,-1.0,-1,-1,1,,99,6,,,
3365,12,12,7,17,1,1,7,1,39,1,5.0,1.0,1994.0,1,2010,-1.0,-1,-1,1,,99,6,,,
3366,12,12,7,17,1,1,7,1,25,1,4.0,1.0,9999.0,1,2010,-1.0,-1,-1,1,,99,6,,,
3367,14,3,7,17,1,1,99,1,40,2,1.0,1.0,1994.0,1,2010,-1.0,-1,-1,1,,99,6,,,
3368,14,3,7,17,1,1,99,1,26,9,1.0,1.0,2000.0,1,2010,-1.0,-1,-1,1,,99,6,,,
3369,13,7,2,17,11,2,99,1,33,1,3.0,9.0,1994.0,1,2010,-1.0,-1,-1,1,,99,6,,,
3370,13,7,2,17,11,2,99,1,16,1,4.0,1.0,9999.0,1,2010,-1.0,-1,-1,2,,99,6,,,
3371,8,4,4,17,13,2,99,1,45,1,3.0,99.0,2001.0,1,2010,-1.0,-1,-1,1,,99,6,,,
3372,8,4,4,17,13,2,99,1,17,1,14.0,99.0,9999.0,1,2010,-1.0,-1,-1,2,,99,6,,,
3373,13,12,1,17,1,1,7,1,48,1,4.0,3.0,9999.0,1,2010,-1.0,-1,-1,1,,99,6,,,
3374,13,12,1,17,1,1,7,9,999,1,10.0,2.0,9999.0,1,2010,-1.0,-1,-1,9,,99,6,,,
3375,17,6,4,17,12,1,2,1,30,2,1.0,99.0,9999.0,1,2010,-1.0,-1,-1,1,,99,6,,,
3376,17,6,4,17,12,1,2,1,33,1,1.0,99.0,9999.0,1,2010,-1.0,-1,-1,1,,99,6,,,
3377,17,10,7,17,10,1,1,1,23,9,3.0,14.0,2002.0,1,2010,-1.0,-1,-1,1,,99,6,,,
3378,17,10,7,17,10,1,1,1,22,9,4.0,5.0,2009.0,1,2010,-1.0,-1,-1,1,,99,6,,,
3379,14,5,5,17,20,2,99,9,999,9,3.0,11.0,9999.0,1,2010,-1.0,-1,-1,9,,99,6,,,
3380,14,5,5,17,20,2,99,1,37,1,4.0,1.0,9999.0,1,2010,-1.0,-1,-1,1,,99,6,,,
3381,20,2,6,17,3,2,99,1,41,9,9.0,2.0,2002.0,1,2010,-1.0,-1,-1,1,,99,6,,,
3382,20,2,6,17,3,2,99,1,54,9,5.0,2.0,2003.0,1,2010,-1.0,-1,-1,1,,99,6,,,
3383,15,3,1,17,1,1,12,1,27,9,4.0,3.0,9999.0,1,2010,-1.0,-1,-1,1,,99,6,,,
3384,15,3,1,17,1,1,12,1,28,9,12.0,6.0,9999.0,1,2010,-1.0,-1,-1,1,,99,6,,,
3385,15,9,3,17,9,2,99,1,40,9,5.0,5.0,9999.0,2,2010,-1.0,-1,-1,1,,99,6,,,
3386,20,1,3,17,12,2,99,1,41,1,3.0,99.0,2002.0,1,2010,-1.0,-1,-1,1,,99,6,,,
3387,20,1,3,17,12,2,99,1,23,9,4.0,5.0,9999.0,1,2010,-1.0,-1,-1,1,,99,6,,,
3388,20,10,3,17,22,2,99,1,30,1,3.0,5.0,9999.0,1,2010,-1.0,-1,-1,1,,99,6,,,
3389,16,3,2,17,1,2,99,1,26,9,5.0,2.0,2007.0,1,2010,-1.0,-1,-1,1,,99,6,,,
3390,16,3,2,17,1,2,99,1,37,9,6.0,2.0,9999.0,1,2010,-1.0,-1,-1,1,,99,6,,,
3391,21,10,4,17,13,2,99,2,20,1,4.0,1.0,2004.0,1,2010,-1.0,-1,-1,1,,99,6,,,
3392,21,10,4,17,13,2,99,1,26,2,4.0,6.0,2008.0,1,2010,-1.0,-1,-1,1,,99,6,,,
3393,23,1,6,17,1,1,15,1,24,9,2.0,6.0,2006.0,1,2010,-1.0,-1,-1,1,,99,6,,,
3394,16,3,2,17,1,1,11,1,31,9,4.0,3.0,2009.0,1,2010,-1.0,-1,-1,1,,99,6,,,
3395,16,3,2,17,1,1,11,1,999,9,3.0,5.0,9999.0,1,2010,-1.0,-1,-1,9,,99,6,,,
3396,22,2,1,17,14,1,99,1,38,1,7.0,2.0,1999.0,1,2010,-1.0,-1,-1,1,,99,6,,,
3397,22,2,1,17,14,1,99,1,19,9,4.0,5.0,9999.0,1,2010,-1.0,-1,-1,1,,99,6,,,
3398,22,2,1,17,3,2,99,1,48,9,2.0,2.0,2006.0,1,2010,-1.0,-1,-1,1,,99,6,,,
3399,22,2,1,17,3,2,99,1,21,9,4.0,1.0,9999.0,1,2010,-1.0,-1,-1,1,,99,6,,,
3400,22,10,5,17,22,2,99,1,39,2,1.0,9.0,1995.0,1,2010,-1.0,-1,-1,1,,99,6,,,
3401,22,10,5,17,22,2,99,1,22,1,4.0,1.0,9999.0,1,2010,-1.0,-1,-1,1,,99,6,,,
3402,16,3,2,17,10,2,99,1,32,9,2.0,4.0,2002.0,1,2010,-1.0,-1,-1,1,,99,6,,,
3403,16,3,2,17,10,2,99,9,999,9,7.0,5.0,9999.0,1,2010,-1.0,-1,-1,9,,99,6,,,
3404,17,9,5,17,5,1,99,1,38,1,3.0,11.0,2006.0,1,2010,-1.0,-1,-1,1,,99,6,,,
3405,22,6,2,17,1,1,12,1,47,1,7.0,8.0,9999.0,1,2010,-1.0,-1,-1,1,,99,6,,,
3406,22,6,2,17,1,1,12,1,27,1,3.0,5.0,9999.0,1,2010,-1.0,-1,-1,1,,99,6,,,
3407,17,8,2,17,1,2,99,1,999,1,1.0,6.0,1999.0,1,2010,-1.0,-1,-1,9,,99,6,,,
3408,17,8,2,17,1,2,99,9,999,1,3.0,3.0,9999.0,1,2010,-1.0,-1,-1,9,,99,6,,,
3409,16,3,2,17,9,1,99,9,999,9,3.0,2.0,9999.0,1,2010,-1.0,-1,-1,9,,99,6,,,
3410,18,7,7,17,22,2,99,1,63,1,12.0,2.0,9999.0,1,2010,-1.0,-1,-1,1,,99,6,,,
3411,18,7,7,17,22,2,99,1,20,1,3.0,2.0,9999.0,1,2010,-1.0,-1,-1,1,,99,6,,,
3412,16,3,2,17,18,2,99,1,43,9,99.0,99.0,9999.0,1,2010,-1.0,-1,-1,1,,99,6,,,
3413,16,3,2,17,18,2,99,9,999,9,3.0,1.0,9999.0,1,2010,-1.0,-1,-1,9,,99,6,,,
3414,18,7,7,17,18,2,99,9,999,9,6.0,99.0,9999.0,1,2010,-1.0,-1,-1,9,,99,6,,,
3415,18,7,7,17,18,2,99,9,999,9,2.0,99.0,9999.0,1,2010,-1.0,-1,-1,9,,99,6,,,
3416,25,2,4,17,5,2,99,1,34,9,6.0,8.0,2003.0,1,2010,-1.0,-1,-1,1,,99,6,,,
3417,25,2,4,17,5,2,99,9,999,9,1.0,10.0,9999.0,1,2010,-1.0,-1,-1,9,,99,6,,,
3418,18,3,4,17,1,1,99,1,55,9,5.0,2.0,9999.0,1,2010,-1.0,-1,-1,1,,99,6,,,
3419,18,3,4,17,1,1,99,1,54,9,1.0,99.0,9999.0,1,2010,-1.0,-1,-1,1,,99,6,,,
3420,25,1,1,17,1,2,99,1,40,9,1.0,2.0,1992.0,4,2010,-1.0,-1,-1,1,,99,6,,,
3421,25,1,1,17,1,2,99,2,23,9,2.0,1.0,9999.0,1,2010,-1.0,-1,-1,1,,99,6,,,
3422,26,6,6,17,1,1,12,1,24,9,5.0,2.0,2004.0,1,2010,-1.0,-1,-1,1,,99,6,,,
3423,26,6,6,17,1,1,12,1,21,9,4.0,5.0,9999.0,1,2010,-1.0,-1,-1,1,,99,6,,,
3424,20,7,2,17,20,2,99,1,26,1,6.0,3.0,9999.0,1,2010,-1.0,-1,-1,1,,99,6,,,
3425,20,7,2,17,20,2,99,1,26,1,9.0,2.0,9999.0,1,2010,-1.0,-1,-1,1,,99,6,,,
3426,20,7,2,17,11,1,4,1,42,2,1.0,14.0,1984.0,1,2010,-1.0,-1,-1,1,,99,6,,,
3427,20,7,2,17,11,1,4,2,40,1,1.0,2.0,2009.0,1,2010,-1.0,-1,-1,1,,99,6,,,
3428,25,10,1,17,19,2,99,9,999,9,99.0,99.0,9999.0,1,2010,-1.0,-1,-1,9,,99,6,,,
3429,25,10,1,17,19,2,99,1,28,1,4.0,1.0,9999.0,1,2010,-1.0,-1,-1,1,,99,6,,,
3430,19,9,7,17,14,2,99,1,24,1,1.0,2.0,1994.0,1,2010,-1.0,-1,-1,1,,99,6,,,
3431,19,9,7,17,14,2,99,1,19,2,4.0,4.0,9999.0,1,2010,-1.0,-1,-1,1,,99,6,,,
3432,21,7,3,17,1,1,12,1,20,9,2.0,11.0,2002.0,1,2010,-1.0,-1,-1,1,,99,6,,,
3433,21,7,3,17,1,1,12,1,20,9,1.0,1.0,2002.0,1,2010,-1.0,-1,-1,1,,99,6,,,
3434,27,2,6,17,13,2,99,1,22,2,3.0,4.0,1994.0,1,2010,-1.0,-1,-1,1,,99,6,,,
3435,27,2,6,17,13,2,99,1,30,9,3.0,99.0,2006.0,1,2010,-1.0,-1,-1,1,,99,6,,,
3436,27,6,7,17,19,2,99,9,999,9,6.0,99.0,9999.0,1,2010,-1.0,-1,-1,9,,99,6,,,
3437,20,3,6,17,15,2,99,1,26,1,4.0,3.0,2005.0,1,2010,-1.0,-1,-1,1,,99,6,,,
3438,20,3,6,17,15,2,99,1,24,1,4.0,3.0,2007.0,1,2010,-1.0,-1,-1,1,,99,6,,,
3439,28,2,7,17,1,1,11,1,43,9,1.0,99.0,9999.0,1,2010,-1.0,-1,-1,1,,99,6,,,
3440,28,2,7,17,1,1,11,1,25,9,4.0,99.0,9999.0,1,2010,-1.0,-1,-1,1,,99,6,,,
3441,21,8,6,17,1,1,2,9,999,9,12.0,1.0,9999.0,1,2010,-1.0,-1,-1,9,,99,6,,,
3442,24,11,3,17,10,2,99,1,40,1,6.0,2.0,1997.0,1,2010,-1.0,-1,-1,1,,99,6,,,
3443,22,7,4,17,17,1,99,1,47,1,14.0,1.0,2007.0,1,2010,-1.0,-1,-1,1,,99,6,,,
3444,22,7,4,17,17,1,99,1,999,1,4.0,3.0,2008.0,1,2010,-1.0,-1,-1,9,,99,6,,,
3445,22,8,7,17,1,1,4,1,25,1,1.0,2.0,2000.0,1,2010,-1.0,-1,-1,1,,99,6,,,
3446,22,8,7,17,1,1,4,1,41,2,1.0,5.0,2003.0,1,2010,-1.0,-1,-1,1,,99,6,,,
3447,21,12,2,17,5,2,99,1,58,1,5.0,1.0,1995.0,1,2010,-1.0,-1,-1,1,,99,6,,,
3448,21,12,2,17,5,2,99,1,28,1,4.0,1.0,9999.0,1,2010,-1.0,-1,-1,1,,99,6,,,
3449,26,5,3,17,20,2,99,1,19,1,4.0,99.0,9999.0,1,2010,-1.0,-1,-1,1,,99,6,,,
3450,30,6,3,17,12,1,4,9,999,9,3.0,10.0,9999.0,1,2010,-1.0,-1,-1,9,,99,6,,,
3451,30,6,3,17,12,1,4,1,11,1,4.0,99.0,9999.0,1,2010,-1.0,-1,-1,2,,99,6,,,
3452,27,11,6,17,11,2,99,1,41,9,3.0,1.0,9999.0,1,2010,-1.0,-1,-1,1,,99,6,,,
3453,27,11,6,17,11,2,99,9,999,9,6.0,3.0,9999.0,1,2010,-1.0,-1,-1,9,,99,6,,,
3454,23,3,2,17,10,2,99,1,31,9,6.0,11.0,1998.0,1,2010,-1.0,-1,-1,1,,99,6,,,
3455,23,3,2,17,10,2,99,1,41,9,2.0,4.0,2001.0,1,2010,-1.0,-1,-1,1,,99,6,,,
3456,23,3,2,17,9,2,99,9,999,9,1.0,99.0,9999.0,1,2010,-1.0,-1,-1,9,,99,6,,,
3457,23,3,2,17,9,2,99,1,54,1,4.0,99.0,9999.0,1,2010,-1.0,-1,-1,1,,99,6,,,
3458,28,11,7,17,1,2,99,1,34,1,12.0,7.0,9999.0,1,2010,-1.0,-1,-1,1,,99,6,,,
3459,28,11,7,17,1,2,99,1,23,1,4.0,4.0,9999.0,1,2010,-1.0,-1,-1,1,,99,6,,,
3460,28,11,7,17,1,2,99,2,32,1,4.0,5.0,9999.0,1,2010,-1.0,-1,-1,1,,99,6,,,
3461,25,9,6,17,10,2,99,1,56,9,99.0,4.0,2007.0,1,2010,-1.0,-1,-1,1,,99,6,,,
3462,24,7,6,17,17,2,99,1,39,2,2.0,2.0,1997.0,1,2010,-1.0,-1,-1,1,,99,6,,,
3463,24,7,6,17,17,2,99,1,21,1,4.0,1.0,2007.0,1,2010,-1.0,-1,-1,1,,99,6,,,
3464,31,10,7,17,1,1,18,1,49,1,3.0,14.0,9999.0,1,2010,-1.0,-1,-1,1,,99,6,,,
3465,31,10,7,17,1,1,18,1,27,2,4.0,1.0,9999.0,1,2010,-1.0,-1,-1,1,,99,6,,,
3466,24,3,3,17,10,2,99,1,68,1,3.0,10.0,1999.0,1,2010,-1.0,-1,-1,1,,99,6,,,
3467,24,3,3,17,10,2,99,1,22,1,4.0,5.0,2006.0,1,2010,-1.0,-1,-1,1,,99,6,,,
3468,27,9,1,17,22,2,99,1,35,2,2.0,11.0,1985.0,1,2010,-1.0,-1,-1,1,,99,6,,,
3469,28,9,2,17,1,1,11,1,40,1,12.0,7.0,1976.0,1,2010,-1.0,-1,-1,1,,99,6,,,
3470,28,9,2,17,1,1,11,1,27,1,4.0,1.0,9999.0,1,2010,-1.0,-1,-1,1,,99,6,,,
3471,28,8,6,17,1,1,18,1,29,1,1.0,11.0,9999.0,1,2010,-1.0,-1,-1,1,,99,6,,,
3472,28,8,6,17,1,1,18,1,28,1,12.0,1.0,9999.0,1,2010,-1.0,-1,-1,1,,99,6,,,
3473,30,12,4,17,1,1,1,9,999,9,12.0,99.0,9999.0,1,2010,-1.0,-1,-1,9,,99,6,,,
3474,30,12,4,17,1,1,1,1,999,1,99.0,99.0,9999.0,1,2010,-1.0,-1,-1,9,,99,6,,,
3475,31,12,5,17,1,1,7,1,22,9,1.0,5.0,1994.0,1,2010,-1.0,-1,-1,1,,99,6,,,
3476,31,12,5,17,1,1,7,1,37,9,3.0,2.0,9999.0,1,2010,-1.0,-1,-1,1,,99,6,,,
3477,29,7,4,17,9,2,99,1,52,2,1.0,3.0,1986.0,1,2010,-1.0,-1,-1,1,,99,6,,,
3478,29,7,4,17,9,2,99,1,40,1,9.0,2.0,9999.0,1,2010,-1.0,-1,-1,1,,99,6,,,
3479,31,8,2,17,5,2,99,1,50,1,4.0,3.0,9999.0,1,2010,-1.0,-1,-1,1,,99,6,,,
3480,31,8,2,17,5,2,99,9,999,9,99.0,99.0,9999.0,1,2010,-1.0,-1,-1,9,,99,6,,,
3481,31,3,3,17,5,2,99,1,18,1,8.0,16.0,1993.0,1,2010,-1.0,-1,-1,1,,99,6,,,
3482,31,3,3,17,5,2,99,9,999,9,6.0,99.0,9999.0,1,2010,-1.0,-1,-1,9,,99,6,,,
3483,29,4,4,17,22,2,99,1,44,1,1.0,6.0,1994.0,1,2010,-1.0,-1,-1,1,,99,6,,,
3484,29,4,4,17,22,2,99,1,13,1,4.0,99.0,9999.0,1,2010,-1.0,-1,-1,2,,99,6,,,
3485,31,7,6,17,9,2,99,1,999,9,5.0,3.0,1990.0,2,2010,-1.0,-1,-1,9,,99,6,,,
3486,31,7,6,17,9,2,99,1,29,2,1.0,6.0,9999.0,2,2010,-1.0,-1,-1,1,,99,6,,,
3487,31,3,3,17,15,2,99,1,19,2,4.0,1.0,9999.0,1,2010,-1.0,-1,-1,1,,99,6,,,
3488,31,3,3,17,15,2,99,1,25,1,4.0,1.0,9999.0,1,2010,-1.0,-1,-1,1,,99,6,,,
3489,31,3,3,17,18,2,99,1,28,2,2.0,4.0,2001.0,1,2010,-1.0,-1,-1,1,,99,6,,,
3490,31,3,3,17,18,2,99,1,999,1,3.0,5.0,9999.0,1,2010,-1.0,-1,-1,9,,99,6,,,
3491,30,4,5,17,19,2,99,1,39,1,4.0,3.0,9999.0,1,2010,-1.0,-1,-1,1,,99,6,,,
3492,30,4,5,17,19,2,99,9,999,9,99.0,99.0,9999.0,1,2010,-1.0,-1,-1,9,,99,6,,,
3493,30,7,5,17,9,2,99,1,25,9,4.0,1.0,9999.0,1,2010,-1.0,-1,-1,1,,99,6,,,
3494,30,7,5,17,9,2,99,9,999,9,2.0,6.0,9999.0,1,2010,-1.0,-1,-1,9,,99,6,,,
3495,2,2,2,17,8,2,99,1,64,9,7.0,8.0,1984.0,3,2010,-1.0,-1,-1,1,,99,6,,,
3496,2,3,2,17,10,2,99,1,34,9,3.0,3.0,1979.0,4,2010,-1.0,-1,-1,1,,99,6,,,
3497,2,6,3,17,1,1,1,9,999,9,7.0,1.0,9999.0,4,2010,-1.0,-1,-1,9,,99,6,,,
3498,1,1,5,17,18,2,99,1,33,1,2.0,4.0,1991.0,3,2010,-1.0,-1,-1,1,,99,6,,,
3499,3,7,6,17,16,2,99,1,39,1,3.0,2.0,9999.0,2,2010,-1.0,-1,-1,1,,99,6,,,
3500,4,1,1,17,1,1,18,1,30,9,9.0,2.0,2007.0,2,2010,-1.0,-1,-1,1,,99,6,,,
3501,1,5,6,17,3,2,99,1,24,2,1.0,1.0,1987.0,2,2010,-1.0,-1,-1,1,,99,6,,,
3502,3,4,6,17,5,2,99,1,17,9,4.0,14.0,2005.0,4,2010,-1.0,-1,-1,2,,99,6,,,
3503,12,2,5,17,22,2,99,1,25,2,1.0,2.0,2001.0,3,2010,-1.0,-1,-1,1,,99,6,,,
3504,8,6,2,17,15,2,99,1,25,2,4.0,5.0,9999.0,4,2010,-1.0,-1,-1,1,,99,6,,,
3505,7,12,2,17,4,2,99,1,26,9,3.0,3.0,9999.0,3,2010,-1.0,-1,-1,1,,99,6,,,
3506,8,12,3,17,1,1,11,1,999,1,1.0,6.0,9999.0,2,2010,-1.0,-1,-1,9,,99,6,,,
3507,7,11,7,17,17,2,99,9,999,9,3.0,99.0,9999.0,3,2010,-1.0,-1,-1,9,,99,6,,,
3508,10,7,5,17,1,2,99,1,20,1,1.0,2.0,9999.0,2,2010,-1.0,-1,-1,1,,99,6,,,
3509,10,7,5,17,5,2,99,1,999,2,3.0,6.0,9999.0,3,2010,-1.0,-1,-1,9,,99,6,,,
3510,12,10,2,17,16,2,99,1,38,1,5.0,2.0,9999.0,3,2010,-1.0,-1,-1,1,,99,6,,,
3511,15,2,1,17,19,2,99,1,28,1,5.0,99.0,9999.0,4,2010,-1.0,-1,-1,1,,99,6,,,
3512,12,3,5,17,20,2,99,9,999,9,3.0,5.0,9999.0,4,2010,-1.0,-1,-1,9,,99,6,,,
3513,15,2,1,17,13,2,99,1,31,9,3.0,1.0,1985.0,3,2010,-1.0,-1,-1,1,,99,6,,,
3514,11,7,7,17,9,1,1,1,25,1,2.0,5.0,1993.0,2,2010,-1.0,-1,-1,1,,99,6,,,
3515,16,1,6,17,16,2,99,1,30,2,6.0,14.0,1995.0,4,2010,-1.0,-1,-1,1,,99,6,,,
3516,9,8,1,17,16,1,99,1,24,1,1.0,99.0,9999.0,1,2010,-1.0,-1,-1,1,,99,6,,,
3517,8,4,4,17,13,2,99,9,999,9,1.0,1.0,9999.0,4,2010,-1.0,-1,-1,9,,99,6,,,
3518,16,11,2,17,20,2,99,1,21,9,99.0,99.0,9999.0,2,2010,-1.0,-1,-1,1,,99,6,,,
3519,15,9,3,17,1,1,14,1,42,2,1.0,1.0,1985.0,2,2010,-1.0,-1,-1,1,,99,6,,,
3520,21,2,7,17,1,1,12,1,27,9,4.0,99.0,9999.0,2,2010,-1.0,-1,-1,1,,99,6,,,
3521,15,5,6,17,1,1,7,1,35,1,4.0,99.0,9999.0,2,2010,-1.0,-1,-1,1,,99,6,,,
3522,16,3,2,17,6,2,99,1,26,9,3.0,4.0,9999.0,4,2010,-1.0,-1,-1,1,,99,6,,,
3523,18,7,7,17,15,2,99,1,26,1,3.0,99.0,9999.0,2,2010,-1.0,-1,-1,1,,99,6,,,
3524,19,5,3,17,1,1,3,1,33,9,6.0,2.0,9999.0,2,2010,-1.0,-1,-1,1,,99,6,,,
3525,19,7,1,17,1,1,16,1,26,1,5.0,1.0,9999.0,3,2010,-1.0,-1,-1,1,,99,6,,,
3526,20,8,5,17,19,2,99,1,44,2,3.0,99.0,9999.0,2,2010,-1.0,-1,-1,1,,99,6,,,
3527,27,6,7,17,13,2,99,1,39,1,3.0,11.0,9999.0,3,2010,-1.0,-1,-1,1,,99,6,,,
3528,28,11,7,17,13,2,99,1,35,1,7.0,7.0,9999.0,3,2010,-1.0,-1,-1,1,,99,6,,,
3529,29,11,1,17,6,2,99,1,43,1,3.0,99.0,9999.0,3,2010,-1.0,-1,-1,1,,99,6,,,
3530,26,12,7,17,1,1,12,1,25,2,1.0,3.0,9999.0,2,2010,-1.0,-1,-1,1,,99,6,,,
3531,31,10,7,17,5,2,99,1,22,9,4.0,99.0,9999.0,2,2010,-1.0,-1,-1,1,,99,6,,,
3532,26,12,7,17,18,1,99,1,16,1,4.0,99.0,9999.0,2,2010,-1.0,-1,-1,2,,99,6,,,
3533,31,10,7,17,13,2,99,1,34,2,3.0,99.0,1996.0,2,2010,-1.0,-1,-1,1,,99,6,,,
3534,28,12,2,17,19,2,99,9,999,9,3.0,99.0,9999.0,2,2010,-1.0,-1,-1,9,,99,6,,,
3535,25,3,4,17,13,2,99,9,999,9,7.0,99.0,9999.0,3,2010,-1.0,-1,-1,9,,99,6,,,
3536,29,12,3,17,5,2,99,1,20,9,4.0,1.0,2010.0,3,2010,-1.0,-1,-1,1,,99,6,,,
3537,29,12,3,17,10,2,99,1,21,9,4.0,5.0,2007.0,3,2010,-1.0,-1,-1,1,,99,6,,,
3538,22,4,4,17,16,2,99,1,26,2,4.0,1.0,9999.0,1,2010,-1.0,-1,-1,1,,99,6,,,
3539,26,3,5,17,3,2,99,1,999,9,7.0,1.0,9999.0,2,2010,-1.0,-1,-1,9,,99,6,,,
3540,27,3,6,17,14,2,99,9,999,9,3.0,2.0,9999.0,4,2010,-1.0,-1,-1,9,,99,6,,,
3541,30,3,2,17,9,2,99,1,22,1,3.0,99.0,1996.0,3,2010,-1.0,-1,-1,1,,99,6,,,
3542,1,12,3,18,16,2,99,1,19,1,4.0,1.0,9999.0,1,2010,-1.0,-1,-1,1,,99,6,,,
3543,1,12,3,18,16,2,99,2,26,1,2.0,6.0,9999.0,1,2010,-1.0,-1,-1,1,,99,6,,,
3544,1,1,5,18,5,2,99,1,23,1,3.0,5.0,2007.0,1,2010,-1.0,-1,-1,1,,99,6,,,
3545,1,1,5,18,5,2,99,1,38,2,3.0,8.0,9999.0,1,2010,-1.0,-1,-1,1,,99,6,,,
3546,1,5,6,18,1,1,18,1,42,1,1.0,99.0,9999.0,1,2010,-1.0,-1,-1,1,,99,6,,,
3547,1,5,6,18,1,1,18,1,33,1,1.0,5.0,9999.0,1,2010,-1.0,-1,-1,1,,99,6,,,
3548,1,7,4,18,16,2,99,1,26,2,3.0,9.0,1993.0,1,2010,-1.0,-1,-1,1,,99,6,,,
3549,1,7,4,18,16,2,99,1,999,1,2.0,11.0,9999.0,1,2010,-1.0,-1,-1,9,,99,6,,,
3550,2,8,1,18,1,1,8,1,37,1,3.0,9.0,1987.0,1,2010,-1.0,-1,-1,1,,99,6,,,
3551,2,8,1,18,1,1,8,2,26,1,1.0,11.0,1996.0,1,2010,-1.0,-1,-1,1,,99,6,,,
3552,2,8,1,18,1,1,8,1,24,1,3.0,1.0,2006.0,1,2010,-1.0,-1,-1,1,,99,6,,,
3553,2,7,5,18,16,2,99,1,25,1,4.0,99.0,9999.0,1,2010,-1.0,-1,-1,1,,99,6,,,
3554,2,7,5,18,16,2,99,1,18,1,14.0,1.0,9999.0,1,2010,-1.0,-1,-1,1,,99,6,,,
3555,3,12,5,18,1,1,7,1,23,9,9.0,99.0,2003.0,1,2010,-1.0,-1,-1,1,,99,6,,,
3556,3,12,5,18,1,1,7,1,29,9,11.0,2.0,9999.0,1,2010,-1.0,-1,-1,1,,99,6,,,
3557,2,1,6,18,22,2,99,1,36,1,3.0,2.0,1996.0,1,2010,-1.0,-1,-1,1,,99,6,,,
3558,2,1,6,18,22,2,99,1,30,2,2.0,5.0,1999.0,1,2010,-1.0,-1,-1,1,,99,6,,,
3559,2,1,6,18,14,2,99,1,30,9,4.0,4.0,9999.0,1,2010,-1.0,-1,-1,1,,99,6,,,
3560,2,1,6,18,14,2,99,9,999,9,3.0,4.0,9999.0,1,2010,-1.0,-1,-1,9,,99,6,,,
3561,1,5,6,18,8,2,99,9,999,9,12.0,99.0,9999.0,1,2010,-1.0,-1,-1,9,,99,6,,,
3562,3,1,7,18,20,2,99,9,999,9,99.0,99.0,9999.0,1,2010,-1.0,-1,-1,9,,99,6,,,
3563,3,1,7,18,20,2,99,1,28,9,4.0,99.0,9999.0,1,2010,-1.0,-1,-1,1,,99,6,,,
3564,3,3,3,18,1,1,99,1,35,2,9.0,11.0,9999.0,1,2010,-1.0,-1,-1,1,,99,6,,,
3565,3,3,3,18,1,1,99,1,37,9,4.0,99.0,9999.0,1,2010,-1.0,-1,-1,1,,99,6,,,
3566,4,7,7,18,18,2,99,1,24,1,4.0,3.0,9999.0,1,2010,-1.0,-1,-1,1,,99,6,,,
3567,5,7,1,18,1,1,1,1,24,1,10.0,2.0,2005.0,1,2010,-1.0,-1,-1,1,,99,6,,,
3568,5,7,1,18,1,1,1,1,38,1,10.0,7.0,9999.0,1,2010,-1.0,-1,-1,1,,99,6,,,
3569,3,8,2,18,11,1,6,1,35,2,3.0,2.0,1985.0,1,2010,-1.0,-1,-1,1,,99,6,,,
3570,3,8,2,18,11,1,6,2,999,1,3.0,14.0,1985.0,1,2010,-1.0,-1,-1,9,,99,6,,,
3571,3,8,2,18,11,1,6,2,999,1,3.0,9.0,1987.0,1,2010,-1.0,-1,-1,9,,99,6,,,
3572,3,8,2,18,11,1,6,1,999,1,9.0,9.0,1993.0,1,2010,-1.0,-1,-1,9,,99,6,,,
3573,3,8,2,18,11,1,6,1,999,1,3.0,5.0,9999.0,1,2010,-1.0,-1,-1,9,,99,6,,,
3574,3,11,3,18,6,2,99,1,27,2,1.0,3.0,9999.0,1,2010,-1.0,-1,-1,1,,99,6,,,
3575,3,11,3,18,6,2,99,1,26,1,5.0,4.0,9999.0,1,2010,-1.0,-1,-1,1,,99,6,,,
3576,5,7,1,18,1,1,3,9,999,9,1.0,3.0,1997.0,1,2010,-1.0,-1,-1,9,,99,6,,,
3577,5,7,1,18,1,1,3,1,24,1,7.0,1.0,9999.0,1,2010,-1.0,-1,-1,1,,99,6,,,
3578,6,1,3,18,6,2,99,9,999,9,5.0,99.0,9999.0,1,2010,-1.0,-1,-1,9,,99,6,,,
3579,6,1,3,18,6,2,99,1,19,9,4.0,99.0,9999.0,1,2010,-1.0,-1,-1,1,,99,6,,,
3580,6,1,3,18,17,2,99,1,35,9,4.0,3.0,2005.0,1,2010,-1.0,-1,-1,1,,99,6,,,
3581,6,1,3,18,17,2,99,9,999,9,9.0,3.0,2008.0,1,2010,-1.0,-1,-1,9,,99,6,,,
3582,2,4,5,18,17,2,99,1,57,1,9.0,3.0,1999.0,1,2010,-1.0,-1,-1,1,,99,6,,,
3583,2,4,5,18,17,2,99,1,16,1,4.0,3.0,2007.0,1,2010,-1.0,-1,-1,2,,99,6,,,
3584,9,2,2,18,11,2,99,1,46,2,1.0,2.0,9999.0,1,2010,-1.0,-1,-1,1,,99,6,,,
3585,9,2,2,18,11,2,99,1,42,1,6.0,2.0,9999.0,1,2010,-1.0,-1,-1,1,,99,6,,,
3586,5,7,1,18,4,2,99,1,40,1,5.0,2.0,9999.0,1,2010,-1.0,-1,-1,1,,99,6,,,
3587,6,7,2,18,1,1,8,1,29,1,3.0,2.0,2001.0,1,2010,-1.0,-1,-1,1,,99,6,,,
3588,6,7,2,18,1,1,8,1,31,1,4.0,3.0,2005.0,1,2010,-1.0,-1,-1,1,,99,6,,,
3589,5,12,7,18,6,1,99,1,20,2,3.0,5.0,1991.0,1,2010,-1.0,-1,-1,1,,99,6,,,
3590,5,12,7,18,6,1,99,1,24,2,3.0,5.0,1991.0,1,2010,-1.0,-1,-1,1,,99,6,,,
3591,7,3,7,18,1,1,1,1,31,9,12.0,1.0,1993.0,1,2010,-1.0,-1,-1,1,,99,6,,,
3592,7,3,7,18,1,1,1,1,40,9,3.0,2.0,2008.0,1,2010,-1.0,-1,-1,1,,99,6,,,
3593,6,7,2,18,13,1,10,9,999,9,99.0,99.0,9999.0,1,2010,-1.0,-1,-1,9,,99,6,,,
3594,6,7,2,18,13,2,99,1,17,1,4.0,99.0,9999.0,1,2010,-1.0,-1,-1,2,,99,6,,,
3595,4,5,2,18,17,2,99,1,23,1,7.0,2.0,1996.0,1,2010,-1.0,-1,-1,1,,99,6,,,
3596,3,4,6,18,11,2,99,1,40,1,3.0,99.0,9999.0,1,2010,-1.0,-1,-1,1,,99,6,,,
3597,6,11,6,18,13,2,99,1,30,9,4.0,1.0,9999.0,1,2010,-1.0,-1,-1,1,,99,6,,,
3598,6,11,6,18,13,2,99,1,30,9,5.0,6.0,9999.0,1,2010,-1.0,-1,-1,1,,99,6,,,
3599,5,5,3,18,21,2,99,1,18,1,1.0,2.0,1980.0,1,2010,-1.0,-1,-1,1,,99,6,,,
3600,5,5,3,18,21,2,99,1,14,1,14.0,1.0,9999.0,1,2010,-1.0,-1,-1,2,,99,6,,,
3601,6,12,1,18,22,1,1,1,72,1,3.0,3.0,1994.0,1,2010,-1.0,-1,-1,1,,99,6,,,
3602,10,1,7,18,5,2,99,1,40,1,3.0,3.0,1993.0,1,2010,-1.0,-1,-1,1,,99,6,,,
3603,10,1,7,18,5,2,99,2,33,1,4.0,1.0,2005.0,1,2010,-1.0,-1,-1,1,,99,6,,,
3604,8,10,5,18,7,2,99,1,999,2,3.0,8.0,9999.0,1,2010,-1.0,-1,-1,9,,99,6,,,
3605,8,10,5,18,7,2,99,1,51,9,7.0,2.0,9999.0,1,2010,-1.0,-1,-1,1,,99,6,,,
3606,9,7,5,18,9,2,99,1,45,1,1.0,11.0,2003.0,1,2010,-1.0,-1,-1,1,,99,6,,,
3607,9,7,5,18,9,2,99,9,999,9,3.0,99.0,9999.0,1,2010,-1.0,-1,-1,9,,99,6,,,
3608,4,4,7,18,22,2,99,1,19,9,4.0,3.0,2005.0,1,2010,-1.0,-1,-1,1,,99,6,,,
3609,4,4,7,18,22,2,99,1,24,9,4.0,5.0,2007.0,1,2010,-1.0,-1,-1,1,,99,6,,,
3610,13,2,6,18,20,1,1,1,31,1,9.0,2.0,2007.0,1,2010,-1.0,-1,-1,1,,99,6,,,
3611,13,2,6,18,20,1,1,1,35,2,1.0,6.0,9999.0,1,2010,-1.0,-1,-1,1,,99,6,,,
3612,9,3,2,18,22,2,99,1,29,2,1.0,2.0,1983.0,1,2010,-1.0,-1,-1,1,,99,6,,,
3613,9,3,2,18,22,2,99,1,50,9,2.0,4.0,1999.0,1,2010,-1.0,-1,-1,1,,99,6,,,
3614,8,9,3,18,1,1,1,1,40,9,4.0,1.0,2003.0,1,2010,-1.0,-1,-1,1,,99,6,,,
3615,8,9,3,18,1,1,1,1,66,9,1.0,9.0,9999.0,1,2010,-1.0,-1,-1,1,,99,6,,,
3616,9,7,5,18,3,2,99,1,24,1,2.0,11.0,9999.0,1,2010,-1.0,-1,-1,1,,99,6,,,
3617,9,7,5,18,3,2,99,1,30,1,1.0,2.0,9999.0,1,2010,-1.0,-1,-1,1,,99,6,,,
3618,7,8,6,18,11,2,99,1,48,2,1.0,4.0,1991.0,1,2010,-1.0,-1,-1,1,,99,6,,,
3619,7,8,6,18,11,2,99,9,999,9,2.0,10.0,9999.0,1,2010,-1.0,-1,-1,9,,99,6,,,
3620,9,3,2,18,12,2,99,9,999,9,3.0,11.0,9999.0,1,2010,-1.0,-1,-1,9,,99,6,,,
3621,9,3,2,18,12,2,99,9,999,9,1.0,8.0,9999.0,1,2010,-1.0,-1,-1,9,,99,6,,,
3622,6,5,4,18,9,1,5,1,23,1,1.0,99.0,1996.0,1,2010,-1.0,-1,-1,1,,99,6,,,
3623,6,5,4,18,9,1,5,1,18,1,3.0,11.0,9999.0,1,2010,-1.0,-1,-1,1,,99,6,,,
3624,10,11,3,18,13,2,99,2,40,9,2.0,6.0,2004.0,1,2010,-1.0,-1,-1,1,,99,6,,,
3625,10,11,3,18,13,2,99,1,35,9,2.0,6.0,9999.0,1,2010,-1.0,-1,-1,1,,99,6,,,
3626,9,12,4,18,22,2,99,1,48,2,3.0,11.0,1983.0,1,2010,-1.0,-1,-1,1,,99,6,,,
3627,9,12,4,18,22,2,99,2,29,1,1.0,1.0,1998.0,1,2010,-1.0,-1,-1,1,,99,6,,,
3628,4,4,7,18,3,2,99,1,24,9,1.0,6.0,1994.0,1,2010,-1.0,-1,-1,1,,99,6,,,
3629,4,4,7,18,3,2,99,1,21,9,4.0,1.0,9999.0,1,2010,-1.0,-1,-1,1,,99,6,,,
3630,8,8,7,18,10,2,99,1,48,9,6.0,1.0,1987.0,1,2010,-1.0,-1,-1,1,,99,6,,,
3631,8,8,7,18,10,2,99,1,56,9,3.0,4.0,1995.0,1,2010,-1.0,-1,-1,1,,99,6,,,
3632,15,1,5,18,6,2,99,1,46,9,3.0,14.0,1975.0,1,2010,-1.0,-1,-1,1,,99,6,,,
3633,15,1,5,18,6,2,99,2,27,9,4.0,4.0,2008.0,1,2010,-1.0,-1,-1,1,,99,6,,,
3634,11,9,6,18,5,2,99,1,25,1,4.0,1.0,2005.0,1,2010,-1.0,-1,-1,1,,99,6,,,
3635,11,9,6,18,5,2,99,9,999,9,99.0,99.0,9999.0,1,2010,-1.0,-1,-1,9,,99,6,,,
3636,15,2,1,18,1,1,99,2,18,9,1.0,4.0,1994.0,1,2010,-1.0,-1,-1,1,,99,6,,,
3637,15,2,1,18,1,1,99,1,28,1,4.0,1.0,2005.0,1,2010,-1.0,-1,-1,1,,99,6,,,
3638,12,9,7,18,22,2,99,1,48,1,1.0,3.0,1989.0,1,2010,-1.0,-1,-1,1,,99,6,,,
3639,12,9,7,18,22,2,99,1,28,2,5.0,99.0,9999.0,1,2010,-1.0,-1,-1,1,,99,6,,,
3640,10,5,1,18,22,2,99,1,47,1,3.0,2.0,1981.0,1,2010,-1.0,-1,-1,1,,99,6,,,
3641,10,5,1,18,22,2,99,2,17,1,4.0,4.0,2009.0,1,2010,-1.0,-1,-1,2,,99,6,,,
3642,9,8,1,18,19,2,99,1,33,1,1.0,11.0,1997.0,1,2010,-1.0,-1,-1,1,,99,6,,,
3643,9,8,1,18,19,2,99,1,28,1,4.0,3.0,9999.0,1,2010,-1.0,-1,-1,1,,99,6,,,
3644,16,1,6,18,10,1,99,1,31,1,3.0,2.0,2006.0,1,2010,-1.0,-1,-1,1,,99,6,,,
3645,16,1,6,18,10,1,99,2,32,1,4.0,1.0,9999.0,1,2010,-1.0,-1,-1,1,,99,6,,,
3646,11,12,6,18,17,2,99,9,999,9,3.0,3.0,9999.0,1,2010,-1.0,-1,-1,9,,99,6,,,
3647,11,12,6,18,17,2,99,1,18,1,1.0,8.0,9999.0,1,2010,-1.0,-1,-1,1,,99,6,,,
3648,11,12,6,18,14,1,2,1,35,2,2.0,3.0,1989.0,1,2010,-1.0,-1,-1,1,,99,6,,,
3649,11,12,6,18,14,1,2,1,21,1,14.0,1.0,2007.0,1,2010,-1.0,-1,-1,1,,99,6,,,
3650,15,10,5,18,19,2,99,1,30,9,3.0,3.0,9999.0,1,2010,-1.0,-1,-1,1,,99,6,,,
3651,10,8,2,18,1,1,11,1,27,1,1.0,4.0,9999.0,1,2010,-1.0,-1,-1,1,,99,6,,,
3652,10,8,2,18,1,1,11,1,25,1,4.0,1.0,9999.0,1,2010,-1.0,-1,-1,1,,99,6,,,
3653,17,1,7,18,9,2,99,1,47,9,5.0,2.0,1990.0,1,2010,-1.0,-1,-1,1,,99,6,,,
3654,17,1,7,18,9,2,99,9,999,9,9.0,2.0,9999.0,1,2010,-1.0,-1,-1,9,,99,6,,,
3655,17,6,4,18,1,1,9,2,20,1,1.0,99.0,9999.0,1,2010,-1.0,-1,-1,1,,99,6,,,
3656,17,6,4,18,1,1,9,1,20,1,4.0,99.0,9999.0,1,2010,-1.0,-1,-1,1,,99,6,,,
3657,16,10,6,18,22,2,99,1,56,2,5.0,2.0,2000.0,1,2010,-1.0,-1,-1,1,,99,6,,,
3658,16,10,6,18,22,2,99,1,50,1,1.0,2.0,2006.0,1,2010,-1.0,-1,-1,1,,99,6,,,
3659,12,12,7,18,16,1,1,2,25,1,1.0,6.0,1996.0,1,2010,-1.0,-1,-1,1,,99,6,,,
3660,12,12,7,18,16,1,1,1,45,1,3.0,3.0,2001.0,1,2010,-1.0,-1,-1,1,,99,6,,,
3661,17,1,7,18,3,2,99,1,28,2,5.0,3.0,9999.0,1,2010,-1.0,-1,-1,1,,99,6,,,
3662,17,1,7,18,3,2,99,1,23,9,3.0,3.0,9999.0,1,2010,-1.0,-1,-1,1,,99,6,,,
3663,13,8,5,18,9,1,99,1,47,2,1.0,6.0,1996.0,1,2010,-1.0,-1,-1,1,,99,6,,,
3664,13,8,5,18,9,1,99,1,44,9,7.0,6.0,9999.0,1,2010,-1.0,-1,-1,1,,99,6,,,
3665,14,5,5,18,8,2,99,9,999,9,5.0,11.0,9999.0,1,2010,-1.0,-1,-1,9,,99,6,,,
3666,19,6,6,18,18,2,99,1,49,1,5.0,2.0,2000.0,1,2010,-1.0,-1,-1,1,,99,6,,,
3667,19,6,6,18,18,2,99,1,49,1,4.0,2.0,9999.0,1,2010,-1.0,-1,-1,1,,99,6,,,
3668,14,8,6,18,1,1,1,1,28,2,1.0,9.0,1991.0,1,2010,-1.0,-1,-1,1,,99,6,,,
3669,14,8,6,18,1,1,1,1,42,1,1.0,9.0,1993.0,1,2010,-1.0,-1,-1,1,,99,6,,,
3670,14,8,6,18,1,1,1,1,32,1,1.0,9.0,1996.0,1,2010,-1.0,-1,-1,1,,99,6,,,
3671,18,10,1,18,7,2,99,1,20,1,1.0,1.0,1992.0,1,2010,-1.0,-1,-1,1,,99,6,,,
3672,18,10,1,18,7,2,99,1,39,1,4.0,1.0,9999.0,1,2010,-1.0,-1,-1,1,,99,6,,,
3673,15,3,1,18,1,1,2,1,29,2,3.0,1.0,1990.0,1,2010,-1.0,-1,-1,1,,99,6,,,
3674,15,3,1,18,1,1,2,1,23,9,9.0,1.0,1999.0,1,2010,-1.0,-1,-1,1,,99,6,,,
3675,19,11,5,18,1,1,13,1,35,1,1.0,4.0,2007.0,1,2010,-1.0,-1,-1,1,,99,6,,,
3676,19,11,5,18,1,1,13,1,27,1,4.0,1.0,9999.0,1,2010,-1.0,-1,-1,1,,99,6,,,
3677,10,4,6,18,1,1,19,9,999,9,99.0,99.0,9999.0,1,2010,-1.0,-1,-1,9,,99,6,,,
3678,10,4,6,18,1,1,19,1,29,1,4.0,5.0,9999.0,1,2010,-1.0,-1,-1,1,,99,6,,,
3679,15,5,6,18,20,2,99,9,999,9,1.0,99.0,9999.0,1,2010,-1.0,-1,-1,9,,99,6,,,
3680,15,5,6,18,20,2,99,1,27,1,4.0,99.0,9999.0,1,2010,-1.0,-1,-1,1,,99,6,,,
3681,21,1,4,18,1,2,6,1,27,9,10.0,2.0,2006.0,1,2010,-1.0,-1,-1,1,,99,6,,,
3682,21,1,4,18,1,2,6,1,38,9,3.0,99.0,2006.0,1,2010,-1.0,-1,-1,1,,99,6,,,
3683,22,1,5,18,11,2,99,1,29,9,3.0,99.0,9999.0,1,2010,-1.0,-1,-1,1,,99,6,,,
3684,22,1,5,18,11,2,99,1,31,9,4.0,1.0,9999.0,1,2010,-1.0,-1,-1,1,,99,6,,,
3685,22,1,5,18,4,2,99,9,999,9,3.0,2.0,2005.0,1,2010,-1.0,-1,-1,9,,99,6,,,
3686,22,1,5,18,4,2,99,1,34,9,1.0,9.0,9999.0,1,2010,-1.0,-1,-1,1,,99,6,,,
3687,17,7,6,18,1,1,9,1,25,1,2.0,99.0,9999.0,1,2010,-1.0,-1,-1,1,,99,6,,,
3688,17,7,6,18,1,1,9,1,47,1,3.0,99.0,9999.0,1,2010,-1.0,-1,-1,1,,99,6,,,
3689,17,7,6,18,5,1,1,2,21,1,4.0,99.0,2006.0,1,2010,-1.0,-1,-1,1,,99,6,,,
3690,17,7,6,18,5,1,1,1,55,1,3.0,2.0,2009.0,1,2010,-1.0,-1,-1,1,,99,6,,,
3691,16,8,1,18,15,2,99,1,22,2,3.0,3.0,1982.0,1,2010,-1.0,-1,-1,1,,99,6,,,
3692,16,8,1,18,15,2,99,1,21,1,4.0,1.0,1982.0,1,2010,-1.0,-1,-1,1,,99,6,,,
3693,19,11,5,18,6,2,99,1,20,9,4.0,99.0,9999.0,1,2010,-1.0,-1,-1,1,,99,6,,,
3694,19,11,5,18,6,2,99,9,999,9,3.0,99.0,9999.0,1,2010,-1.0,-1,-1,9,,99,6,,,
3695,16,3,2,18,10,1,1,1,19,9,4.0,2.0,9999.0,1,2010,-1.0,-1,-1,1,,99,6,,,
3696,16,3,2,18,10,1,1,1,26,9,4.0,2.0,9999.0,1,2010,-1.0,-1,-1,1,,99,6,,,
3697,17,8,2,18,1,1,11,1,41,1,3.0,2.0,2006.0,1,2010,-1.0,-1,-1,1,,99,6,,,
3698,17,8,2,18,1,1,11,1,30,1,3.0,5.0,2009.0,1,2010,-1.0,-1,-1,1,,99,6,,,
3699,17,8,2,18,1,1,11,9,999,9,5.0,6.0,9999.0,1,2010,-1.0,-1,-1,9,,99,6,,,
3700,17,12,5,18,10,1,2,1,28,2,3.0,11.0,1985.0,1,2010,-1.0,-1,-1,1,,99,6,,,
3701,17,12,5,18,10,1,2,1,20,1,1.0,14.0,1994.0,1,2010,-1.0,-1,-1,1,,99,6,,,
3702,20,11,6,18,14,2,99,1,40,1,1.0,3.0,1995.0,1,2010,-1.0,-1,-1,1,,99,6,,,
3703,20,11,6,18,14,2,99,1,30,1,1.0,4.0,2011.0,1,2010,-1.0,-1,-1,1,,99,6,,,
3704,17,12,5,18,12,2,99,1,50,1,6.0,3.0,1988.0,1,2010,-1.0,-1,-1,1,,99,6,,,
3705,17,12,5,18,12,2,99,1,25,1,4.0,99.0,9999.0,1,2010,-1.0,-1,-1,1,,99,6,,,
3706,23,6,3,18,21,2,99,1,41,1,3.0,5.0,2004.0,1,2010,-1.0,-1,-1,1,,99,6,,,
3707,23,6,3,18,21,2,99,1,18,1,4.0,1.0,9999.0,1,2010,-1.0,-1,-1,1,,99,6,,,
3708,18,8,3,18,10,2,99,1,35,1,5.0,2.0,2003.0,1,2010,-1.0,-1,-1,1,,99,6,,,
3709,18,8,3,18,10,2,99,1,41,1,1.0,6.0,2004.0,1,2010,-1.0,-1,-1,1,,99,6,,,
3710,24,1,7,18,9,1,7,1,30,9,3.0,4.0,1989.0,1,2010,-1.0,-1,-1,1,,99,6,,,
3711,24,1,7,18,9,1,7,1,39,9,1.0,10.0,9999.0,1,2010,-1.0,-1,-1,1,,99,6,,,
3712,24,1,7,18,9,1,7,1,23,9,13.0,99.0,9999.0,1,2010,-1.0,-1,-1,1,,99,6,,,
3713,26,2,5,18,10,2,99,1,32,1,4.0,1.0,2008.0,1,2010,-1.0,-1,-1,1,,99,6,,,
3714,26,2,5,18,10,2,99,1,27,1,4.0,5.0,9999.0,1,2010,-1.0,-1,-1,1,,99,6,,,
3715,21,11,7,18,11,1,1,1,35,2,1.0,3.0,9999.0,1,2010,-1.0,-1,-1,1,,99,6,,,
3716,21,11,7,18,11,1,1,1,36,1,1.0,5.0,9999.0,1,2010,-1.0,-1,-1,1,,99,6,,,
3717,18,12,6,18,2,2,99,1,26,1,1.0,9.0,1995.0,1,2010,-1.0,-1,-1,1,,99,6,,,
3718,18,12,6,18,2,2,99,1,24,1,14.0,1.0,9999.0,1,2010,-1.0,-1,-1,1,,99,6,,,
3719,20,7,2,18,1,1,1,1,40,1,5.0,2.0,2004.0,1,2010,-1.0,-1,-1,1,,99,6,,,
3720,20,7,2,18,1,1,1,1,19,1,1.0,1.0,2006.0,1,2010,-1.0,-1,-1,1,,99,6,,,
3721,18,9,6,18,18,2,99,2,8,9,4.0,99.0,9999.0,1,2010,-1.0,-1,-1,2,,99,6,,,
3722,18,9,6,18,18,2,99,9,999,9,3.0,99.0,9999.0,1,2010,-1.0,-1,-1,9,,99,6,,,
3723,26,2,5,18,8,2,99,1,22,9,4.0,99.0,2007.0,1,2010,-1.0,-1,-1,1,,99,6,,,
3724,26,2,5,18,8,2,99,9,999,9,11.0,3.0,9999.0,1,2010,-1.0,-1,-1,9,,99,6,,,
3725,26,2,5,18,17,2,99,1,24,1,14.0,1.0,2006.0,1,2010,-1.0,-1,-1,1,,99,6,,,
3726,26,2,5,18,17,2,99,1,24,2,4.0,3.0,9999.0,1,2010,-1.0,-1,-1,1,,99,6,,,
3727,19,8,4,18,2,2,99,1,20,1,3.0,2.0,9999.0,1,2010,-1.0,-1,-1,1,,99,6,,,
3728,19,8,4,18,2,2,99,1,20,1,4.0,6.0,9999.0,1,2010,-1.0,-1,-1,1,,99,6,,,
3729,19,12,7,18,9,2,99,9,999,9,3.0,99.0,9999.0,1,2010,-1.0,-1,-1,9,,99,6,,,
3730,20,5,4,18,18,2,99,9,999,9,9.0,6.0,2001.0,1,2010,-1.0,-1,-1,9,,99,6,,,
3731,20,5,4,18,18,2,99,1,23,1,1.0,4.0,2007.0,1,2010,-1.0,-1,-1,1,,99,6,,,
3732,20,3,6,18,1,2,99,1,27,2,5.0,3.0,1986.0,1,2010,-1.0,-1,-1,1,,99,6,,,
3733,20,3,6,18,1,2,99,1,21,1,4.0,1.0,9999.0,1,2010,-1.0,-1,-1,1,,99,6,,,
3734,29,1,5,18,11,1,1,2,29,1,2.0,3.0,2002.0,1,2010,-1.0,-1,-1,1,,99,6,,,
3735,29,1,5,18,11,1,1,1,21,9,4.0,1.0,9999.0,1,2010,-1.0,-1,-1,1,,99,6,,,
3736,16,4,5,18,1,1,11,1,48,1,4.0,5.0,2007.0,1,2010,-1.0,-1,-1,1,,99,6,,,
3737,16,4,5,18,1,1,11,9,999,9,1.0,99.0,9999.0,1,2010,-1.0,-1,-1,9,,99,6,,,
3738,21,3,7,18,1,1,6,2,30,1,10.0,2.0,2008.0,1,2010,-1.0,-1,-1,1,,99,6,,,
3739,21,3,7,18,1,1,6,1,39,1,1.0,3.0,9999.0,1,2010,-1.0,-1,-1,1,,99,6,,,
3740,22,7,4,18,5,2,99,1,33,1,3.0,5.0,2010.0,1,2010,-1.0,-1,-1,1,,99,6,,,
3741,21,9,2,18,11,2,99,1,58,9,3.0,3.0,1998.0,1,2010,-1.0,-1,-1,1,,99,6,,,
3742,21,9,2,18,11,2,99,1,18,9,4.0,5.0,9999.0,1,2010,-1.0,-1,-1,1,,99,6,,,
3743,16,4,5,18,11,2,99,1,26,2,3.0,99.0,9999.0,1,2010,-1.0,-1,-1,1,,99,6,,,
3744,16,4,5,18,11,2,99,1,36,1,3.0,1.0,9999.0,1,2010,-1.0,-1,-1,1,,99,6,,,
3745,23,7,5,18,1,1,13,1,999,1,4.0,1.0,2006.0,1,2010,-1.0,-1,-1,9,,99,6,,,
3746,23,7,5,18,1,1,13,9,999,9,1.0,5.0,9999.0,1,2010,-1.0,-1,-1,9,,99,6,,,
3747,16,4,5,18,4,2,99,1,32,1,6.0,3.0,1993.0,1,2010,-1.0,-1,-1,1,,99,6,,,
3748,16,4,5,18,4,2,99,1,48,9,1.0,1.0,9999.0,1,2010,-1.0,-1,-1,1,,99,6,,,
3749,29,6,2,18,14,2,99,1,41,1,1.0,6.0,9999.0,1,2010,-1.0,-1,-1,1,,99,6,,,
3750,28,10,4,18,6,2,99,9,999,9,1.0,99.0,9999.0,1,2010,-1.0,-1,-1,9,,99,6,,,
3751,30,6,3,18,1,2,99,1,22,1,11.0,2.0,9999.0,1,2010,-1.0,-1,-1,1,,99,6,,,
3752,30,6,3,18,1,2,99,1,17,1,4.0,5.0,9999.0,1,2010,-1.0,-1,-1,2,,99,6,,,
3753,23,7,5,18,6,2,99,1,24,1,4.0,5.0,9999.0,1,2010,-1.0,-1,-1,1,,99,6,,,
3754,23,7,5,18,6,2,99,1,42,1,3.0,6.0,9999.0,1,2010,-1.0,-1,-1,1,,99,6,,,
3755,22,12,3,18,9,2,99,1,50,9,1.0,1.0,1991.0,1,2010,-1.0,-1,-1,1,,99,6,,,
3756,22,12,3,18,9,2,99,9,999,9,4.0,1.0,2007.0,1,2010,-1.0,-1,-1,9,,99,6,,,
3757,22,3,1,18,10,2,99,2,33,9,3.0,11.0,9999.0,1,2010,-1.0,-1,-1,1,,99,6,,,
3758,22,3,1,18,10,2,99,1,27,9,3.0,4.0,9999.0,1,2010,-1.0,-1,-1,1,,99,6,,,
3759,29,10,5,18,10,2,99,1,39,2,3.0,3.0,9999.0,1,2010,-1.0,-1,-1,1,,99,6,,,
3760,29,10,5,18,10,2,99,1,23,1,5.0,5.0,9999.0,1,2010,-1.0,-1,-1,1,,99,6,,,
3761,22,12,3,18,17,2,99,1,30,1,4.0,1.0,2000.0,1,2010,-1.0,-1,-1,1,,99,6,,,
3762,22,12,3,18,17,2,99,1,40,2,4.0,1.0,2010.0,1,2010,-1.0,-1,-1,1,,99,6,,,
3763,23,7,5,18,9,2,99,1,26,1,3.0,2.0,1986.0,1,2010,-1.0,-1,-1,1,,99,6,,,
3764,23,7,5,18,9,2,99,1,24,2,1.0,9.0,9999.0,1,2010,-1.0,-1,-1,1,,99,6,,,
3765,22,8,7,18,16,2,99,1,28,9,9.0,4.0,2008.0,1,2010,-1.0,-1,-1,1,,99,6,,,
3766,22,8,7,18,16,2,99,9,999,9,3.0,9.0,2009.0,1,2010,-1.0,-1,-1,9,,99,6,,,
3767,24,7,6,18,5,1,1,1,20,1,1.0,3.0,2001.0,1,2010,-1.0,-1,-1,1,,99,6,,,
3768,24,7,6,18,5,1,1,1,45,2,4.0,5.0,2006.0,1,2010,-1.0,-1,-1,1,,99,6,,,
3769,29,5,6,18,1,1,6,2,30,1,1.0,10.0,2000.0,1,2010,-1.0,-1,-1,1,,99,6,,,
3770,29,5,6,18,1,1,6,1,35,2,1.0,6.0,9999.0,1,2010,-1.0,-1,-1,1,,99,6,,,
3771,28,11,7,18,5,2,99,1,27,1,3.0,1.0,1990.0,1,2010,-1.0,-1,-1,1,,99,6,,,
3772,28,11,7,18,5,2,99,1,27,1,7.0,3.0,1992.0,1,2010,-1.0,-1,-1,1,,99,6,,,
3773,28,11,7,18,5,2,99,1,20,1,4.0,3.0,9999.0,1,2010,-1.0,-1,-1,1,,99,6,,,
3774,24,3,3,18,1,1,4,1,17,1,1.0,9.0,2003.0,1,2010,-1.0,-1,-1,2,,99,6,,,
3775,24,3,3,18,1,1,4,1,51,1,1.0,5.0,9999.0,1,2010,-1.0,-1,-1,1,,99,6,,,
3776,30,10,6,18,15,2,99,9,999,9,3.0,2.0,1994.0,1,2010,-1.0,-1,-1,9,,99,6,,,
3777,30,10,6,18,15,2,99,1,45,2,3.0,7.0,1995.0,1,2010,-1.0,-1,-1,1,,99,6,,,
3778,18,4,7,18,9,2,99,9,999,9,12.0,2.0,9999.0,1,2010,-1.0,-1,-1,9,,99,6,,,
3779,18,4,7,18,9,2,99,1,24,9,2.0,10.0,9999.0,1,2010,-1.0,-1,-1,1,,99,6,,,
3780,26,9,7,18,4,2,99,9,999,9,7.0,7.0,9999.0,1,2010,-1.0,-1,-1,9,,99,6,,,
3781,26,9,7,18,4,2,99,9,999,9,7.0,1.0,9999.0,1,2010,-1.0,-1,-1,9,,99,6,,,
3782,29,11,1,18,1,1,3,1,21,1,3.0,1.0,1993.0,1,2010,-1.0,-1,-1,1,,99,6,,,
3783,29,11,1,18,1,1,3,1,40,2,1.0,4.0,1999.0,1,2010,-1.0,-1,-1,1,,99,6,,,
3784,31,10,7,18,5,2,99,9,999,9,1.0,99.0,9999.0,2,2010,-1.0,-1,-1,9,,99,6,,,
3785,25,7,7,18,10,1,3,1,56,2,3.0,2.0,1993.0,1,2010,-1.0,-1,-1,1,,99,6,,,
3786,25,7,7,18,10,1,3,1,37,1,1.0,5.0,2005.0,1,2010,-1.0,-1,-1,1,,99,6,,,
3787,25,7,7,18,10,2,99,1,63,2,1.0,3.0,1980.0,1,2010,-1.0,-1,-1,1,,99,6,,,
3788,25,7,7,18,10,2,99,1,28,1,1.0,4.0,9999.0,1,2010,-1.0,-1,-1,1,,99,6,,,
3789,28,9,2,18,16,2,99,1,53,9,7.0,2.0,1984.0,1,2010,-1.0,-1,-1,1,,99,6,,,
3790,28,9,2,18,16,2,99,1,48,9,9.0,2.0,9999.0,1,2010,-1.0,-1,-1,1,,99,6,,,
3791,27,12,1,18,1,1,10,1,21,1,3.0,8.0,1991.0,1,2010,-1.0,-1,-1,1,,99,6,,,
3792,27,12,1,18,1,1,10,9,999,9,9.0,7.0,9999.0,1,2010,-1.0,-1,-1,9,,99,6,,,
3793,30,5,7,18,1,1,12,2,25,1,1.0,1.0,1995.0,1,2010,-1.0,-1,-1,1,,99,6,,,
3794,30,5,7,18,1,1,12,1,32,1,1.0,15.0,1996.0,1,2010,-1.0,-1,-1,1,,99,6,,,
3795,9,9,4,18,2,2,99,1,42,1,5.0,2.0,2006.0,1,2010,-1.0,-1,-1,1,,99,6,,,
3796,30,5,7,18,3,2,99,9,999,9,5.0,2.0,9999.0,1,2010,-1.0,-1,-1,9,,99,6,,,
3797,30,5,7,18,3,2,99,9,999,9,3.0,5.0,9999.0,1,2010,-1.0,-1,-1,9,,99,6,,,
3798,30,5,7,18,3,2,99,9,999,9,3.0,5.0,9999.0,1,2010,-1.0,-1,-1,9,,99,6,,,
3799,30,5,7,18,3,2,99,9,999,9,3.0,5.0,9999.0,1,2010,-1.0,-1,-1,9,,99,6,,,
3800,26,3,5,18,3,2,99,1,25,1,2.0,2.0,2006.0,1,2010,-1.0,-1,-1,1,,99,6,,,
3801,26,3,5,18,3,2,99,1,60,2,2.0,3.0,2008.0,1,2010,-1.0,-1,-1,1,,99,6,,,
3802,29,8,7,18,10,2,99,1,28,1,3.0,2.0,1994.0,1,2010,-1.0,-1,-1,1,,99,6,,,
3803,29,8,7,18,10,2,99,1,43,1,1.0,11.0,1999.0,1,2010,-1.0,-1,-1,1,,99,6,,,
3804,29,12,3,18,2,2,99,1,26,9,5.0,2.0,1995.0,1,2010,-1.0,-1,-1,1,,99,6,,,
3805,29,12,3,18,2,2,99,1,28,9,2.0,2.0,2003.0,1,2010,-1.0,-1,-1,1,,99,6,,,
3806,30,8,1,18,12,2,99,1,999,1,9.0,3.0,9999.0,1,2010,-1.0,-1,-1,9,,99,6,,,
3807,30,8,1,18,12,2,99,1,35,2,3.0,17.0,9999.0,1,2010,-1.0,-1,-1,1,,99,6,,,
3808,26,4,1,18,1,1,5,1,57,1,10.0,2.0,1986.0,1,2010,-1.0,-1,-1,1,,99,6,,,
3809,26,4,1,18,1,1,5,1,32,1,1.0,5.0,2006.0,1,2010,-1.0,-1,-1,1,,99,6,,,
3810,26,4,1,18,1,1,5,1,999,1,4.0,99.0,9999.0,1,2010,-1.0,-1,-1,9,,99,6,,,
3811,26,4,1,18,1,1,5,1,43,1,4.0,5.0,9999.0,1,2010,-1.0,-1,-1,1,,99,6,,,
3812,26,4,1,18,5,2,99,1,21,1,1.0,3.0,1998.0,1,2010,-1.0,-1,-1,1,,99,6,,,
3813,26,4,1,18,5,2,99,1,48,1,4.0,99.0,9999.0,1,2010,-1.0,-1,-1,1,,99,6,,,
3814,26,4,1,18,18,2,99,1,47,2,6.0,9.0,1992.0,1,2010,-1.0,-1,-1,1,,99,6,,,
3815,26,4,1,18,18,2,99,2,35,2,1.0,6.0,9999.0,1,2010,-1.0,-1,-1,1,,99,6,,,
3816,30,3,2,18,18,1,99,1,14,1,4.0,1.0,2002.0,1,2010,-1.0,-1,-1,2,,99,6,,,
3817,30,3,2,18,18,1,99,1,33,1,3.0,1.0,9999.0,1,2010,-1.0,-1,-1,1,,99,6,,,
3818,31,3,3,18,1,1,8,1,57,2,4.0,5.0,1999.0,1,2010,-1.0,-1,-1,1,,99,6,,,
3819,31,3,3,18,1,1,8,2,37,1,1.0,99.0,2009.0,1,2010,-1.0,-1,-1,1,,99,6,,,
3820,31,7,6,18,1,1,11,1,33,1,11.0,2.0,2007.0,1,2010,-1.0,-1,-1,1,,99,6,,,
3821,31,7,6,18,1,1,11,1,18,1,4.0,99.0,2007.0,1,2010,-1.0,-1,-1,1,,99,6,,,
3822,31,3,3,18,9,1,1,1,47,1,9.0,6.0,1993.0,1,2010,-1.0,-1,-1,1,,99,6,,,
3823,31,3,3,18,9,1,1,1,52,2,3.0,10.0,9999.0,1,2010,-1.0,-1,-1,1,,99,6,,,
3824,31,3,3,18,16,1,99,1,28,2,1.0,3.0,1989.0,1,2010,-1.0,-1,-1,1,,99,6,,,
3825,31,3,3,18,16,1,99,1,999,1,4.0,2.0,9999.0,1,2010,-1.0,-1,-1,9,,99,6,,,
3826,29,4,4,18,16,2,99,1,30,1,1.0,6.0,9999.0,1,2010,-1.0,-1,-1,1,,99,6,,,
3827,29,4,4,18,16,2,99,1,33,1,3.0,6.0,9999.0,1,2010,-1.0,-1,-1,1,,99,6,,,
3828,30,4,5,18,12,2,99,9,999,9,9.0,2.0,2006.0,1,2010,-1.0,-1,-1,9,,99,6,,,
3829,30,4,5,18,12,2,99,1,22,2,3.0,8.0,9999.0,1,2010,-1.0,-1,-1,1,,99,6,,,
3830,30,4,5,18,16,2,99,1,38,1,3.0,4.0,9999.0,1,2010,-1.0,-1,-1,1,,99,6,,,
3831,30,4,5,18,16,2,99,1,23,1,14.0,1.0,9999.0,1,2010,-1.0,-1,-1,1,,99,6,,,
3832,3,12,5,18,10,1,1,9,999,9,5.0,2.0,9999.0,2,2010,-1.0,-1,-1,9,,99,6,,,
3833,1,4,4,18,18,1,99,1,25,9,1.0,6.0,9999.0,4,2010,-1.0,-1,-1,1,,99,6,,,
3834,1,5,6,18,2,2,99,1,61,2,3.0,5.0,1998.0,4,2010,-1.0,-1,-1,1,,99,6,,,
3835,2,8,1,18,14,2,99,1,33,1,3.0,1.0,1993.0,2,2010,-1.0,-1,-1,1,,99,6,,,
3836,2,11,2,18,11,2,99,9,999,9,5.0,99.0,9999.0,3,2010,-1.0,-1,-1,9,,99,6,,,
3837,6,2,6,18,18,2,99,1,27,9,3.0,1.0,9999.0,2,2010,-1.0,-1,-1,1,,99,6,,,
3838,4,3,4,18,1,1,6,1,22,9,4.0,3.0,9999.0,2,2010,-1.0,-1,-1,1,,99,6,,,
3839,7,2,7,18,5,2,99,1,34,9,1.0,2.0,9999.0,2,2010,-1.0,-1,-1,1,,99,6,,,
3840,4,3,4,18,13,2,99,1,43,9,3.0,99.0,1985.0,2,2010,-1.0,-1,-1,1,,99,6,,,
3841,5,9,7,18,1,1,4,1,27,1,3.0,5.0,9999.0,3,2010,-1.0,-1,-1,1,,99,6,,,
3842,9,2,2,18,6,1,99,2,23,9,4.0,99.0,9999.0,4,2010,-1.0,-1,-1,1,,99,6,,,
3843,5,9,7,18,11,2,99,1,31,2,2.0,2.0,9999.0,2,2010,-1.0,-1,-1,1,,99,6,,,
3844,3,4,6,18,11,2,99,1,21,2,4.0,99.0,9999.0,2,2010,-1.0,-1,-1,1,,99,6,,,
3845,6,8,5,18,13,2,99,1,50,2,2.0,10.0,9999.0,4,2010,-1.0,-1,-1,1,,99,6,,,
3846,7,8,6,18,10,2,99,1,39,1,3.0,10.0,1987.0,2,2010,-1.0,-1,-1,1,,99,6,,,
3847,8,12,3,18,7,2,99,1,26,9,3.0,2.0,9999.0,4,2010,-1.0,-1,-1,1,,99,6,,,
3848,4,4,7,18,5,2,99,1,33,9,3.0,1.0,9999.0,4,2010,-1.0,-1,-1,1,,99,6,,,
3849,9,11,2,18,17,2,99,1,19,9,4.0,99.0,9999.0,2,2010,-1.0,-1,-1,1,,99,6,,,
3850,6,5,4,18,9,1,5,9,999,9,3.0,6.0,1998.0,2,2010,-1.0,-1,-1,9,,99,6,,,
3851,10,12,5,18,22,2,99,1,26,1,5.0,2.0,1999.0,2,2010,-1.0,-1,-1,1,,99,6,,,
3852,13,6,7,18,16,2,99,1,23,2,3.0,4.0,1981.0,4,2010,-1.0,-1,-1,1,,99,6,,,
3853,9,5,7,18,6,2,99,1,23,2,4.0,3.0,9999.0,2,2010,-1.0,-1,-1,1,,99,6,,,
3854,13,11,6,18,5,2,99,1,25,9,4.0,99.0,9999.0,4,2010,-1.0,-1,-1,1,,99,6,,,
3855,11,7,7,18,5,2,99,1,27,2,3.0,6.0,9999.0,3,2010,-1.0,-1,-1,1,,99,6,,,
3856,11,7,7,18,18,2,99,1,34,1,5.0,2.0,9999.0,2,2010,-1.0,-1,-1,1,,99,6,,,
3857,11,8,3,18,19,2,99,2,35,1,1.0,99.0,9999.0,2,2010,-1.0,-1,-1,1,,99,6,,,
3858,12,12,7,18,13,1,1,1,22,2,3.0,4.0,9999.0,2,2010,-1.0,-1,-1,1,,99,6,,,
3859,12,12,7,18,16,2,99,9,999,9,3.0,3.0,9999.0,2,2010,-1.0,-1,-1,9,,99,6,,,
3860,14,7,3,18,1,1,12,1,35,2,3.0,9.0,1994.0,2,2010,-1.0,-1,-1,1,,99,6,,,
3861,14,7,3,18,21,2,99,1,27,2,3.0,8.0,1992.0,2,2010,-1.0,-1,-1,1,,99,6,,,
3862,18,10,1,18,3,2,99,1,999,1,3.0,5.0,9999.0,2,2010,-1.0,-1,-1,9,,99,6,,,
3863,14,8,6,18,4,1,99,9,999,9,1.0,1.0,9999.0,2,2010,-1.0,-1,-1,9,,99,6,,,
3864,21,6,1,18,1,1,11,1,45,1,4.0,7.0,9999.0,4,2010,-1.0,-1,-1,1,,99,6,,,
3865,15,8,7,18,19,2,99,1,29,9,9.0,4.0,9999.0,2,2010,-1.0,-1,-1,1,,99,6,,,
3866,21,6,1,18,22,2,99,1,63,2,3.0,3.0,1987.0,2,2010,-1.0,-1,-1,1,,99,6,,,
3867,21,6,1,18,9,1,5,1,999,1,3.0,3.0,9999.0,4,2010,-1.0,-1,-1,9,,99,6,,,
3868,17,12,5,18,17,2,99,1,31,2,4.0,99.0,9999.0,1,2010,-1.0,-1,-1,1,,99,6,,,
3869,23,10,6,18,7,2,99,1,29,1,3.0,3.0,9999.0,1,2010,-1.0,-1,-1,1,,99,6,,,
3870,20,8,5,18,19,1,99,1,20,9,14.0,99.0,9999.0,2,2010,-1.0,-1,-1,1,,99,6,,,
3871,20,3,6,18,1,1,99,2,28,1,3.0,4.0,9999.0,3,2010,-1.0,-1,-1,1,,99,6,,,
3872,20,9,1,18,1,2,99,1,999,2,1.0,2.0,9999.0,3,2010,-1.0,-1,-1,9,,99,6,,,
3873,26,10,2,18,6,2,99,2,15,9,4.0,5.0,9999.0,3,2010,-1.0,-1,-1,2,,99,6,,,
3874,20,3,6,18,12,1,2,9,999,9,5.0,7.0,1991.0,2,2010,-1.0,-1,-1,9,,99,6,,,
3875,20,9,1,18,20,2,99,1,25,2,3.0,3.0,1995.0,2,2010,-1.0,-1,-1,1,,99,6,,,
3876,27,6,7,18,5,2,99,9,999,9,5.0,2.0,9999.0,2,2010,-1.0,-1,-1,9,,99,6,,,
3877,20,3,6,18,3,2,99,2,18,9,3.0,9.0,1998.0,2,2010,-1.0,-1,-1,1,,99,6,,,
3878,29,1,5,18,17,2,99,1,32,9,99.0,99.0,9999.0,4,2010,-1.0,-1,-1,1,,99,6,,,
3879,16,4,5,18,1,1,11,1,43,1,4.0,5.0,9999.0,2,2010,-1.0,-1,-1,1,,99,6,,,
3880,21,8,6,18,18,2,99,1,27,2,1.0,2.0,1998.0,2,2010,-1.0,-1,-1,1,,99,6,,,
3881,21,9,2,18,1,2,99,1,27,9,1.0,2.0,9999.0,3,2010,-1.0,-1,-1,1,,99,6,,,
3882,28,6,1,18,17,2,99,1,50,1,3.0,99.0,9999.0,2,2010,-1.0,-1,-1,1,,99,6,,,
3883,28,2,7,18,17,2,99,1,22,9,4.0,99.0,9999.0,4,2010,-1.0,-1,-1,1,,99,6,,,
3884,28,2,7,18,3,2,99,1,35,9,3.0,3.0,1992.0,4,2010,-1.0,-1,-1,1,,99,6,,,
3885,23,3,2,18,6,2,99,1,17,9,4.0,99.0,9999.0,1,2010,-1.0,-1,-1,2,,99,6,,,
3886,18,4,7,18,1,2,99,1,23,2,4.0,3.0,2006.0,4,2010,-1.0,-1,-1,1,,99,6,,,
3887,25,9,6,18,16,2,99,1,19,9,14.0,1.0,9999.0,2,2010,-1.0,-1,-1,1,,99,6,,,
3888,25,12,6,18,18,2,99,1,19,1,3.0,5.0,9999.0,3,2010,-1.0,-1,-1,1,,99,6,,,
3889,25,7,7,18,11,2,99,1,48,2,3.0,3.0,9999.0,3,2010,-1.0,-1,-1,1,,99,6,,,
3890,31,10,7,18,9,2,99,1,20,2,3.0,3.0,9999.0,2,2010,-1.0,-1,-1,1,,99,6,,,
3891,26,3,5,18,10,2,99,1,49,9,1.0,14.0,2009.0,2,2010,-1.0,-1,-1,1,,99,6,,,
3892,26,4,1,18,17,2,99,2,22,1,4.0,99.0,9999.0,4,2010,-1.0,-1,-1,1,,99,6,,,
3893,30,4,5,18,20,2,99,1,23,1,4.0,99.0,9999.0,2,2010,-1.0,-1,-1,1,,99,6,,,
3894,1,11,1,19,5,1,99,1,28,9,12.0,7.0,1983.0,1,2010,-1.0,-1,-1,1,,99,6,,,
3895,1,11,1,19,5,1,99,1,21,9,4.0,1.0,2007.0,1,2010,-1.0,-1,-1,1,,99,6,,,
3896,3,2,3,19,1,1,9,1,56,1,4.0,9.0,2004.0,1,2010,-1.0,-1,-1,1,,99,6,,,
3897,3,2,3,19,1,1,9,2,19,1,1.0,9.0,9999.0,1,2010,-1.0,-1,-1,1,,99,6,,,
3898,1,12,3,19,18,2,99,9,999,9,6.0,1.0,9999.0,1,2010,-1.0,-1,-1,9,,99,6,,,
3899,2,3,2,19,1,1,13,1,22,9,1.0,9.0,1996.0,1,2010,-1.0,-1,-1,1,,99,6,,,
3900,2,3,2,19,1,1,13,1,48,9,4.0,5.0,2006.0,1,2010,-1.0,-1,-1,1,,99,6,,,
3901,1,5,6,19,1,1,11,1,38,2,2.0,3.0,1987.0,1,2010,-1.0,-1,-1,1,,99,6,,,
3902,1,5,6,19,1,1,11,1,22,1,4.0,5.0,9999.0,1,2010,-1.0,-1,-1,1,,99,6,,,
3903,1,8,7,19,3,1,99,1,30,1,2.0,1.0,1994.0,1,2010,-1.0,-1,-1,1,,99,6,,,
3904,1,8,7,19,3,1,99,1,27,1,1.0,1.0,1998.0,1,2010,-1.0,-1,-1,1,,99,6,,,
3905,2,10,6,19,9,2,99,1,84,9,3.0,3.0,9999.0,1,2010,-1.0,-1,-1,1,,99,6,,,
3906,2,10,6,19,9,2,99,1,23,9,4.0,1.0,9999.0,1,2010,-1.0,-1,-1,1,,99,6,,,
3907,1,11,1,19,9,2,99,1,25,9,4.0,4.0,2003.0,1,2010,-1.0,-1,-1,1,,99,6,,,
3908,1,11,1,19,9,2,99,2,34,9,4.0,7.0,2007.0,1,2010,-1.0,-1,-1,1,,99,6,,,
3909,2,12,4,19,5,2,99,9,999,9,4.0,99.0,9999.0,1,2010,-1.0,-1,-1,9,,99,6,,,
3910,2,12,4,19,5,2,99,1,21,9,4.0,99.0,9999.0,1,2010,-1.0,-1,-1,1,,99,6,,,
3911,1,1,5,19,18,2,99,1,35,1,3.0,9.0,9999.0,1,2010,-1.0,-1,-1,1,,99,6,,,
3912,3,10,7,19,5,1,1,1,32,2,1.0,5.0,1995.0,1,2010,-1.0,-1,-1,1,,99,6,,,
3913,3,10,7,19,5,1,1,1,52,1,1.0,9.0,1999.0,1,2010,-1.0,-1,-1,1,,99,6,,,
3914,3,9,5,19,9,1,8,1,30,1,11.0,2.0,2007.0,1,2010,-1.0,-1,-1,1,,99,6,,,
3915,3,9,5,19,9,1,8,1,25,1,11.0,2.0,2009.0,1,2010,-1.0,-1,-1,1,,99,6,,,
3916,3,9,5,19,9,1,8,9,999,9,1.0,9.0,9999.0,1,2010,-1.0,-1,-1,9,,99,6,,,
3917,3,10,7,19,17,2,99,1,46,1,14.0,1.0,2004.0,1,2010,-1.0,-1,-1,1,,99,6,,,
3918,3,10,7,19,17,2,99,1,16,1,4.0,3.0,9999.0,1,2010,-1.0,-1,-1,2,,99,6,,,
3919,2,11,2,19,19,2,99,1,36,9,4.0,5.0,9999.0,1,2010,-1.0,-1,-1,1,,99,6,,,
3920,2,11,2,19,19,2,99,1,21,9,2.0,1.0,9999.0,1,2010,-1.0,-1,-1,1,,99,6,,,
3921,3,1,7,19,9,2,99,1,18,9,3.0,8.0,9999.0,1,2010,-1.0,-1,-1,1,,99,6,,,
3922,3,1,7,19,9,2,99,1,44,9,4.0,5.0,9999.0,1,2010,-1.0,-1,-1,1,,99,6,,,
3923,4,9,6,19,1,1,1,1,40,1,1.0,4.0,1994.0,1,2010,-1.0,-1,-1,1,,99,6,,,
3924,4,10,1,19,20,2,99,9,999,9,99.0,99.0,9999.0,1,2010,-1.0,-1,-1,9,,99,6,,,
3925,2,11,2,19,13,2,99,1,55,1,1.0,99.0,9999.0,1,2010,-1.0,-1,-1,1,,99,6,,,
3926,2,11,2,19,13,2,99,9,999,9,3.0,99.0,9999.0,1,2010,-1.0,-1,-1,9,,99,6,,,
3927,3,8,2,19,1,1,18,2,27,9,4.0,5.0,1983.0,1,2010,-1.0,-1,-1,1,,99,6,,,
3928,3,8,2,19,1,1,18,9,999,9,1.0,99.0,9999.0,1,2010,-1.0,-1,-1,9,,99,6,,,
3929,4,9,6,19,22,1,1,9,999,9,3.0,2.0,1984.0,1,2010,-1.0,-1,-1,9,,99,6,,,
3930,4,9,6,19,22,1,1,1,24,2,1.0,1.0,9999.0,1,2010,-1.0,-1,-1,1,,99,6,,,
3931,4,9,6,19,20,2,99,1,35,1,1.0,4.0,1999.0,1,2010,-1.0,-1,-1,1,,99,6,,,
3932,4,9,6,19,20,2,99,1,48,1,11.0,2.0,2004.0,1,2010,-1.0,-1,-1,1,,99,6,,,
3933,2,5,7,19,1,1,4,9,999,9,1.0,5.0,1997.0,1,2010,-1.0,-1,-1,9,,99,6,,,
3934,2,5,7,19,1,1,4,1,21,2,4.0,1.0,9999.0,1,2010,-1.0,-1,-1,1,,99,6,,,
3935,5,7,1,19,19,2,99,1,18,1,4.0,99.0,9999.0,1,2010,-1.0,-1,-1,1,,99,6,,,
3936,4,9,6,19,20,2,99,1,23,2,3.0,3.0,1999.0,1,2010,-1.0,-1,-1,1,,99,6,,,
3937,4,9,6,19,20,2,99,1,23,1,4.0,1.0,9999.0,1,2010,-1.0,-1,-1,1,,99,6,,,
3938,6,10,3,19,1,1,5,1,44,9,1.0,7.0,1984.0,1,2010,-1.0,-1,-1,1,,99,6,,,
3939,6,10,3,19,1,1,5,2,18,9,1.0,9.0,2005.0,1,2010,-1.0,-1,-1,1,,99,6,,,
3940,2,4,5,19,2,2,99,1,33,1,1.0,2.0,1994.0,1,2010,-1.0,-1,-1,1,,99,6,,,
3941,2,4,5,19,2,2,99,1,44,2,9.0,14.0,1999.0,1,2010,-1.0,-1,-1,1,,99,6,,,
3942,9,2,2,19,1,2,99,1,50,9,4.0,3.0,2006.0,1,2010,-1.0,-1,-1,1,,99,6,,,
3943,9,2,2,19,1,2,99,1,27,9,5.0,2.0,2008.0,1,2010,-1.0,-1,-1,1,,99,6,,,
3944,9,2,2,19,6,2,99,1,27,1,3.0,1.0,2002.0,1,2010,-1.0,-1,-1,1,,99,6,,,
3945,9,2,2,19,6,2,99,2,21,2,1.0,2.0,9999.0,1,2010,-1.0,-1,-1,1,,99,6,,,
3946,2,5,7,19,6,2,99,1,35,9,9.0,3.0,9999.0,1,2010,-1.0,-1,-1,1,,99,6,,,
3947,2,5,7,19,6,2,99,9,999,9,4.0,3.0,9999.0,1,2010,-1.0,-1,-1,9,,99,6,,,
3948,2,5,7,19,6,2,99,9,999,9,2.0,2.0,9999.0,1,2010,-1.0,-1,-1,9,,99,6,,,
3949,2,5,7,19,6,2,99,9,999,9,3.0,2.0,9999.0,1,2010,-1.0,-1,-1,9,,99,6,,,
3950,2,5,7,19,6,2,99,9,999,9,3.0,9.0,9999.0,1,2010,-1.0,-1,-1,9,,99,6,,,
3951,2,5,7,19,6,2,99,9,999,9,3.0,5.0,9999.0,1,2010,-1.0,-1,-1,9,,99,6,,,
3952,2,5,7,19,6,2,99,9,999,9,4.0,1.0,9999.0,1,2010,-1.0,-1,-1,9,,99,6,,,
3953,6,10,3,19,13,2,99,9,999,9,99.0,99.0,9999.0,1,2010,-1.0,-1,-1,9,,99,6,,,
3954,6,10,3,19,17,2,99,1,30,9,1.0,9.0,1994.0,1,2010,-1.0,-1,-1,1,,99,6,,,
3955,6,10,3,19,17,2,99,1,22,9,4.0,1.0,9999.0,1,2010,-1.0,-1,-1,1,,99,6,,,
3956,6,9,1,19,13,2,99,1,23,1,1.0,5.0,2000.0,1,2010,-1.0,-1,-1,1,,99,6,,,
3957,6,9,1,19,13,2,99,1,42,2,4.0,7.0,9999.0,1,2010,-1.0,-1,-1,1,,99,6,,,
3958,11,1,1,19,5,2,99,1,52,1,6.0,2.0,1987.0,1,2010,-1.0,-1,-1,1,,99,6,,,
3959,11,1,1,19,5,2,99,1,30,1,3.0,2.0,1997.0,1,2010,-1.0,-1,-1,1,,99,6,,,
3960,8,3,1,19,9,1,99,1,40,9,1.0,2.0,1996.0,1,2010,-1.0,-1,-1,1,,99,6,,,
3961,8,3,1,19,9,1,99,1,28,2,1.0,11.0,9999.0,1,2010,-1.0,-1,-1,1,,99,6,,,
3962,12,2,5,19,9,2,99,1,30,1,1.0,4.0,1995.0,1,2010,-1.0,-1,-1,1,,99,6,,,
3963,12,2,5,19,9,2,99,1,26,1,2.0,2.0,2002.0,1,2010,-1.0,-1,-1,1,,99,6,,,
3964,11,1,1,19,4,2,99,1,24,2,3.0,3.0,1991.0,1,2010,-1.0,-1,-1,1,,99,6,,,
3965,11,1,1,19,4,2,99,2,45,1,1.0,1.0,2000.0,1,2010,-1.0,-1,-1,1,,99,6,,,
3966,5,5,3,19,2,2,99,1,30,1,4.0,1.0,2000.0,1,2010,-1.0,-1,-1,1,,99,6,,,
3967,5,5,3,19,2,2,99,1,21,1,4.0,1.0,2010.0,1,2010,-1.0,-1,-1,1,,99,6,,,
3968,9,7,5,19,9,1,5,1,37,2,2.0,4.0,1994.0,1,2010,-1.0,-1,-1,1,,99,6,,,
3969,9,7,5,19,9,1,5,9,999,9,5.0,2.0,9999.0,1,2010,-1.0,-1,-1,9,,99,6,,,
3970,8,9,3,19,16,1,99,1,16,1,4.0,1.0,2007.0,1,2010,-1.0,-1,-1,2,,99,6,,,
3971,8,9,3,19,16,1,99,1,20,2,4.0,1.0,9999.0,1,2010,-1.0,-1,-1,1,,99,6,,,
3972,8,3,1,19,4,2,99,1,37,9,3.0,2.0,2008.0,1,2010,-1.0,-1,-1,1,,99,6,,,
3973,8,3,1,19,4,2,99,9,999,9,3.0,3.0,9999.0,1,2010,-1.0,-1,-1,9,,99,6,,,
3974,5,5,3,19,7,2,99,9,999,9,3.0,14.0,1984.0,1,2010,-1.0,-1,-1,9,,99,6,,,
3975,5,5,3,19,7,2,99,1,44,2,2.0,9.0,1993.0,1,2010,-1.0,-1,-1,1,,99,6,,,
3976,7,8,6,19,10,2,99,1,25,1,5.0,2.0,2005.0,1,2010,-1.0,-1,-1,1,,99,6,,,
3977,7,8,6,19,10,2,99,9,999,9,3.0,5.0,9999.0,1,2010,-1.0,-1,-1,9,,99,6,,,
3978,13,1,3,19,1,2,8,1,36,2,2.0,9.0,9999.0,1,2010,-1.0,-1,-1,1,,99,6,,,
3979,13,1,3,19,1,2,8,1,22,9,4.0,5.0,9999.0,1,2010,-1.0,-1,-1,1,,99,6,,,
3980,9,9,4,19,2,1,99,1,26,9,1.0,6.0,1998.0,1,2010,-1.0,-1,-1,1,,99,6,,,
3981,9,9,4,19,2,1,99,1,999,9,4.0,6.0,9999.0,1,2010,-1.0,-1,-1,9,,99,6,,,
3982,6,5,4,19,9,2,99,1,47,1,3.0,99.0,1991.0,1,2010,-1.0,-1,-1,1,,99,6,,,
3983,6,5,4,19,9,2,99,1,25,1,9.0,3.0,2007.0,1,2010,-1.0,-1,-1,1,,99,6,,,
3984,10,7,5,19,1,2,99,1,40,1,1.0,9.0,1995.0,1,2010,-1.0,-1,-1,1,,99,6,,,
3985,10,7,5,19,1,2,99,1,40,1,2.0,5.0,9999.0,1,2010,-1.0,-1,-1,1,,99,6,,,
3986,13,2,6,19,3,1,99,9,999,9,99.0,9.0,9999.0,1,2010,-1.0,-1,-1,9,,99,6,,,
3987,13,2,6,19,3,1,99,2,32,9,4.0,9.0,9999.0,1,2010,-1.0,-1,-1,1,,99,6,,,
3988,11,10,1,19,1,1,4,1,23,1,1.0,2.0,2001.0,1,2010,-1.0,-1,-1,1,,99,6,,,
3989,11,10,1,19,1,1,4,1,34,1,3.0,2.0,2009.0,1,2010,-1.0,-1,-1,1,,99,6,,,
3990,9,9,4,19,9,2,99,1,999,9,5.0,5.0,1985.0,1,2010,-1.0,-1,-1,9,,99,6,,,
3991,9,9,4,19,9,2,99,1,999,9,5.0,2.0,1989.0,1,2010,-1.0,-1,-1,9,,99,6,,,
3992,9,9,4,19,9,2,99,1,999,9,5.0,2.0,2003.0,1,2010,-1.0,-1,-1,9,,99,6,,,
3993,9,9,4,19,9,2,99,1,999,9,1.0,99.0,2003.0,1,2010,-1.0,-1,-1,9,,99,6,,,
3994,5,4,1,19,19,2,99,2,41,1,9.0,3.0,1998.0,1,2010,-1.0,-1,-1,1,,99,6,,,
3995,5,4,1,19,19,2,99,1,41,2,4.0,1.0,9999.0,1,2010,-1.0,-1,-1,1,,99,6,,,
3996,9,5,7,19,1,1,11,1,25,1,4.0,3.0,2002.0,1,2010,-1.0,-1,-1,1,,99,6,,,
3997,9,5,7,19,1,1,11,9,999,9,5.0,99.0,9999.0,1,2010,-1.0,-1,-1,9,,99,6,,,
3998,13,6,7,19,19,2,99,1,44,2,1.0,11.0,2001.0,1,2010,-1.0,-1,-1,1,,99,6,,,
3999,13,6,7,19,19,2,99,9,999,9,1.0,2.0,2009.0,1,2010,-1.0,-1,-1,9,,99,6,,,
4000,14,2,7,19,1,2,99,1,30,1,3.0,1.0,1986.0,1,2010,-1.0,-1,-1,1,,99,6,,,
4001,14,2,7,19,1,1,12,1,34,2,1.0,1.0,1991.0,1,2010,-1.0,-1,-1,1,,99,6,,,
4002,14,2,7,19,1,1,12,1,29,1,1.0,3.0,2002.0,1,2010,-1.0,-1,-1,1,,99,6,,,
4003,6,4,2,19,16,2,99,1,44,1,3.0,2.0,1994.0,1,2010,-1.0,-1,-1,1,,99,6,,,
4004,6,4,2,19,16,2,99,1,29,1,5.0,2.0,2009.0,1,2010,-1.0,-1,-1,1,,99,6,,,
4005,14,6,1,19,9,2,99,9,999,9,99.0,99.0,9999.0,1,2010,-1.0,-1,-1,9,,99,6,,,
4006,14,6,1,19,9,2,99,1,31,1,4.0,99.0,9999.0,1,2010,-1.0,-1,-1,1,,99,6,,,
4007,12,3,5,19,10,2,99,9,999,9,6.0,2.0,9999.0,1,2010,-1.0,-1,-1,9,,99,6,,,
4008,12,3,5,19,10,2,99,9,999,9,3.0,4.0,9999.0,1,2010,-1.0,-1,-1,9,,99,6,,,
4009,11,12,6,19,9,1,3,1,28,2,1.0,10.0,1988.0,1,2010,-1.0,-1,-1,1,,99,6,,,
4010,11,12,6,19,9,1,3,1,37,1,3.0,1.0,1995.0,1,2010,-1.0,-1,-1,1,,99,6,,,
4011,16,6,3,19,1,1,9,2,20,1,1.0,5.0,1997.0,1,2010,-1.0,-1,-1,1,,99,6,,,
4012,16,6,3,19,1,1,9,1,999,1,4.0,5.0,2008.0,1,2010,-1.0,-1,-1,9,,99,6,,,
4013,10,5,1,19,5,2,99,1,39,2,1.0,99.0,9999.0,1,2010,-1.0,-1,-1,1,,99,6,,,
4014,9,8,1,19,9,1,99,1,26,1,1.0,9.0,2007.0,1,2010,-1.0,-1,-1,1,,99,6,,,
4015,9,8,1,19,9,1,99,1,31,1,4.0,5.0,9999.0,1,2010,-1.0,-1,-1,1,,99,6,,,
4016,16,6,3,19,22,2,99,1,32,1,4.0,5.0,2006.0,1,2010,-1.0,-1,-1,1,,99,6,,,
4017,16,6,3,19,22,2,99,1,19,1,4.0,5.0,9999.0,1,2010,-1.0,-1,-1,1,,99,6,,,
4018,16,6,3,19,6,2,99,1,21,1,14.0,1.0,2009.0,1,2010,-1.0,-1,-1,1,,99,6,,,
4019,16,6,3,19,6,2,99,9,999,9,3.0,11.0,9999.0,1,2010,-1.0,-1,-1,9,,99,6,,,
4020,9,8,1,19,17,2,99,1,53,1,3.0,6.0,2000.0,1,2010,-1.0,-1,-1,1,,99,6,,,
4021,9,8,1,19,17,2,99,1,22,1,4.0,5.0,2007.0,1,2010,-1.0,-1,-1,1,,99,6,,,
4022,16,6,3,19,9,1,3,1,55,1,3.0,3.0,1989.0,1,2010,-1.0,-1,-1,1,,99,6,,,
4023,16,6,3,19,9,1,3,1,28,1,4.0,2.0,9999.0,1,2010,-1.0,-1,-1,1,,99,6,,,
4024,11,12,6,19,4,2,99,1,28,2,3.0,1.0,2000.0,1,2010,-1.0,-1,-1,1,,99,6,,,
4025,11,12,6,19,4,2,99,1,37,1,9.0,2.0,2003.0,1,2010,-1.0,-1,-1,1,,99,6,,,
4026,16,6,3,19,17,2,99,1,21,1,1.0,2.0,1992.0,1,2010,-1.0,-1,-1,1,,99,6,,,
4027,16,6,3,19,17,2,99,1,28,1,3.0,14.0,1992.0,1,2010,-1.0,-1,-1,1,,99,6,,,
4028,13,3,6,19,20,2,99,1,22,9,14.0,1.0,2008.0,1,2010,-1.0,-1,-1,1,,99,6,,,
4029,13,3,6,19,20,2,99,1,38,9,3.0,5.0,9999.0,1,2010,-1.0,-1,-1,1,,99,6,,,
4030,12,12,7,19,17,1,1,1,19,1,4.0,3.0,9999.0,1,2010,-1.0,-1,-1,1,,99,6,,,
4031,12,12,7,19,17,1,1,1,25,1,1.0,6.0,9999.0,1,2010,-1.0,-1,-1,1,,99,6,,,
4032,14,3,7,19,22,1,99,1,37,9,3.0,99.0,2000.0,1,2010,-1.0,-1,-1,1,,99,6,,,
4033,14,3,7,19,22,1,99,1,19,9,4.0,7.0,2001.0,1,2010,-1.0,-1,-1,1,,99,6,,,
4034,13,7,2,19,9,1,99,1,50,9,7.0,6.0,1983.0,1,2010,-1.0,-1,-1,1,,99,6,,,
4035,13,7,2,19,9,1,99,2,26,9,4.0,4.0,9999.0,1,2010,-1.0,-1,-1,1,,99,6,,,
4036,13,12,1,19,1,1,99,1,33,1,1.0,4.0,1986.0,1,2010,-1.0,-1,-1,1,,99,6,,,
4037,13,12,1,19,1,1,99,1,23,1,1.0,2.0,1998.0,1,2010,-1.0,-1,-1,1,,99,6,,,
4038,19,2,5,19,3,2,99,9,999,9,5.0,3.0,9999.0,1,2010,-1.0,-1,-1,9,,99,6,,,
4039,19,2,5,19,3,2,99,1,52,9,9.0,4.0,9999.0,1,2010,-1.0,-1,-1,1,,99,6,,,
4040,14,9,2,19,17,2,99,9,999,9,5.0,99.0,9999.0,1,2010,-1.0,-1,-1,9,,99,6,,,
4041,14,9,2,19,17,2,99,2,20,1,4.0,99.0,9999.0,1,2010,-1.0,-1,-1,1,,99,6,,,
4042,14,9,2,19,3,2,99,1,27,1,1.0,9.0,9999.0,1,2010,-1.0,-1,-1,1,,99,6,,,
4043,14,9,2,19,3,2,99,1,41,1,2.0,5.0,9999.0,1,2010,-1.0,-1,-1,1,,99,6,,,
4044,20,1,3,19,1,2,99,1,38,9,4.0,2.0,9999.0,1,2010,-1.0,-1,-1,1,,99,6,,,
4045,20,1,3,19,1,2,99,9,999,9,99.0,99.0,9999.0,1,2010,-1.0,-1,-1,9,,99,6,,,
4046,14,3,7,19,4,2,99,1,38,2,3.0,11.0,1986.0,1,2010,-1.0,-1,-1,1,,99,6,,,
4047,14,3,7,19,4,2,99,1,48,9,2.0,3.0,1995.0,1,2010,-1.0,-1,-1,1,,99,6,,,
4048,15,7,4,19,5,2,99,1,48,1,1.0,6.0,1999.0,1,2010,-1.0,-1,-1,1,,99,6,,,
4049,15,7,4,19,5,2,99,9,999,9,5.0,99.0,9999.0,1,2010,-1.0,-1,-1,9,,99,6,,,
4050,20,6,7,19,5,2,99,1,26,2,4.0,5.0,2008.0,1,2010,-1.0,-1,-1,1,,99,6,,,
4051,20,6,7,19,5,2,99,1,46,1,3.0,1.0,9999.0,1,2010,-1.0,-1,-1,1,,99,6,,,
4052,15,7,4,19,17,2,99,1,43,1,2.0,4.0,1986.0,1,2010,-1.0,-1,-1,1,,99,6,,,
4053,14,8,6,19,16,2,99,9,999,9,1.0,99.0,1989.0,1,2010,-1.0,-1,-1,9,,99,6,,,
4054,14,8,6,19,16,2,99,9,34,2,3.0,4.0,1996.0,1,2010,-1.0,-1,-1,1,,99,6,,,
4055,14,8,6,19,16,2,99,1,999,1,1.0,6.0,1996.0,1,2010,-1.0,-1,-1,9,,99,6,,,
4056,19,10,2,19,19,2,99,1,35,1,4.0,3.0,2008.0,1,2010,-1.0,-1,-1,1,,99,6,,,
4057,19,10,2,19,19,2,99,1,60,1,5.0,2.0,9999.0,1,2010,-1.0,-1,-1,1,,99,6,,,
4058,19,11,5,19,12,2,99,9,999,9,99.0,2.0,1985.0,1,2010,-1.0,-1,-1,9,,99,6,,,
4059,19,11,5,19,12,2,99,1,23,9,4.0,1.0,9999.0,1,2010,-1.0,-1,-1,1,,99,6,,,
4060,19,11,5,19,7,2,99,1,50,1,5.0,99.0,9999.0,1,2010,-1.0,-1,-1,1,,99,6,,,
4061,19,11,5,19,7,2,99,1,56,1,9.0,99.0,9999.0,1,2010,-1.0,-1,-1,1,,99,6,,,
4062,10,4,6,19,17,2,99,9,999,9,99.0,99.0,9999.0,1,2010,-1.0,-1,-1,9,,99,6,,,
4063,19,11,5,19,10,2,99,1,21,1,12.0,7.0,1992.0,1,2010,-1.0,-1,-1,1,,99,6,,,
4064,19,11,5,19,10,2,99,9,999,1,3.0,4.0,2006.0,1,2010,-1.0,-1,-1,9,,99,6,,,
4065,19,11,5,19,10,2,99,1,25,1,3.0,2.0,2009.0,1,2010,-1.0,-1,-1,1,,99,6,,,
4066,19,11,5,19,10,2,99,1,43,2,3.0,99.0,9999.0,1,2010,-1.0,-1,-1,1,,99,6,,,
4067,19,11,5,19,10,2,99,1,22,1,14.0,1.0,9999.0,1,2010,-1.0,-1,-1,1,,99,6,,,
4068,16,12,4,19,17,2,99,1,43,1,4.0,99.0,9999.0,1,2010,-1.0,-1,-1,1,,99,6,,,
4069,16,12,4,19,17,2,99,9,999,9,1.0,6.0,9999.0,1,2010,-1.0,-1,-1,9,,99,6,,,
4070,11,4,7,19,1,1,99,9,999,9,3.0,1.0,9999.0,1,2010,-1.0,-1,-1,9,,99,6,,,
4071,11,4,7,19,1,1,99,1,21,1,14.0,1.0,9999.0,1,2010,-1.0,-1,-1,1,,99,6,,,
4072,20,11,6,19,16,2,99,1,60,9,1.0,4.0,9999.0,1,2010,-1.0,-1,-1,1,,99,6,,,
4073,20,11,6,19,16,2,99,1,23,9,4.0,5.0,9999.0,1,2010,-1.0,-1,-1,1,,99,6,,,
4074,18,7,7,19,21,2,99,1,25,1,1.0,3.0,2007.0,1,2010,-1.0,-1,-1,1,,99,6,,,
4075,18,7,7,19,21,2,99,1,999,1,4.0,99.0,9999.0,1,2010,-1.0,-1,-1,9,,99,6,,,
4076,20,11,6,19,17,2,99,1,29,2,1.0,4.0,2002.0,1,2010,-1.0,-1,-1,1,,99,6,,,
4077,20,11,6,19,17,2,99,1,16,1,4.0,4.0,2006.0,1,2010,-1.0,-1,-1,2,,99,6,,,
4078,17,8,2,19,16,2,99,9,999,9,5.0,99.0,9999.0,1,2010,-1.0,-1,-1,9,,99,6,,,
4079,24,2,3,19,5,1,99,1,18,9,4.0,99.0,2007.0,1,2010,-1.0,-1,-1,1,,99,6,,,
4080,24,2,3,19,5,1,99,1,23,9,4.0,5.0,2008.0,1,2010,-1.0,-1,-1,1,,99,6,,,
4081,25,2,4,19,18,2,99,9,999,9,99.0,99.0,9999.0,1,2010,-1.0,-1,-1,9,,99,6,,,
4082,25,2,4,19,18,2,99,2,22,9,4.0,99.0,9999.0,1,2010,-1.0,-1,-1,1,,99,6,,,
4083,21,11,7,19,22,2,99,1,25,2,1.0,2.0,9999.0,1,2010,-1.0,-1,-1,1,,99,6,,,
4084,19,5,3,19,14,2,99,1,40,1,5.0,2.0,1999.0,1,2010,-1.0,-1,-1,1,,99,6,,,
4085,19,5,3,19,14,2,99,1,28,1,1.0,11.0,9999.0,1,2010,-1.0,-1,-1,1,,99,6,,,
4086,21,11,7,19,6,2,99,1,40,2,1.0,2.0,9999.0,1,2010,-1.0,-1,-1,1,,99,6,,,
4087,21,11,7,19,6,2,99,1,41,1,12.0,1.0,9999.0,1,2010,-1.0,-1,-1,1,,99,6,,,
4088,18,12,6,19,4,2,99,1,38,2,1.0,4.0,9999.0,1,2010,-1.0,-1,-1,1,,99,6,,,
4089,18,12,6,19,4,2,99,1,40,1,1.0,1.0,9999.0,1,2010,-1.0,-1,-1,1,,99,6,,,
4090,12,4,1,19,10,2,99,9,999,9,2.0,3.0,9999.0,1,2010,-1.0,-1,-1,9,,99,6,,,
4091,12,4,1,19,10,2,99,1,39,1,4.0,5.0,9999.0,1,2010,-1.0,-1,-1,1,,99,6,,,
4092,19,8,4,19,11,2,99,1,37,1,3.0,4.0,1988.0,1,2010,-1.0,-1,-1,1,,99,6,,,
4093,19,8,4,19,11,2,99,1,33,1,9.0,2.0,1998.0,1,2010,-1.0,-1,-1,1,,99,6,,,
4094,25,6,5,19,2,2,99,1,999,2,1.0,5.0,1993.0,1,2010,-1.0,-1,-1,9,,99,6,,,
4095,19,3,5,19,5,2,99,1,28,9,2.0,5.0,1990.0,1,2010,-1.0,-1,-1,1,,99,6,,,
4096,19,3,5,19,5,2,99,1,41,9,6.0,3.0,9999.0,1,2010,-1.0,-1,-1,1,,99,6,,,
4097,20,5,4,19,10,2,99,1,33,1,4.0,3.0,2006.0,1,2010,-1.0,-1,-1,1,,99,6,,,
4098,20,5,4,19,10,2,99,9,999,9,1.0,6.0,9999.0,1,2010,-1.0,-1,-1,9,,99,6,,,
4099,28,1,4,19,22,2,99,9,999,9,6.0,2.0,1985.0,1,2010,-1.0,-1,-1,9,,99,6,,,
4100,28,1,4,19,22,2,99,1,33,1,1.0,2.0,2004.0,1,2010,-1.0,-1,-1,1,,99,6,,,
4101,27,2,6,19,19,2,99,1,22,9,3.0,2.0,1984.0,1,2010,-1.0,-1,-1,1,,99,6,,,
4102,27,2,6,19,19,2,99,1,43,9,7.0,99.0,9999.0,1,2010,-1.0,-1,-1,1,,99,6,,,
4103,22,11,1,19,1,1,1,1,30,1,1.0,2.0,2007.0,1,2010,-1.0,-1,-1,1,,99,6,,,
4104,22,11,1,19,1,1,1,9,999,9,1.0,5.0,2010.0,1,2010,-1.0,-1,-1,9,,99,6,,,
4105,27,2,6,19,9,2,99,1,20,9,3.0,5.0,2003.0,1,2010,-1.0,-1,-1,1,,99,6,,,
4106,27,2,6,19,9,2,99,9,999,9,1.0,5.0,9999.0,1,2010,-1.0,-1,-1,9,,99,6,,,
4107,21,8,6,19,1,2,99,9,999,9,2.0,1.0,1986.0,1,2010,-1.0,-1,-1,9,,99,6,,,
4108,21,8,6,19,1,2,99,1,34,9,4.0,3.0,9999.0,1,2010,-1.0,-1,-1,1,,99,6,,,
4109,23,11,2,19,1,1,3,2,40,1,1.0,4.0,9999.0,1,2010,-1.0,-1,-1,1,,99,6,,,
4110,23,11,2,19,1,1,3,1,22,1,4.0,5.0,9999.0,1,2010,-1.0,-1,-1,1,,99,6,,,
4111,24,11,3,19,1,1,3,2,44,1,1.0,4.0,9999.0,1,2010,-1.0,-1,-1,1,,99,6,,,
4112,24,11,3,19,1,1,3,1,22,1,4.0,5.0,9999.0,1,2010,-1.0,-1,-1,1,,99,6,,,
4113,24,5,1,19,20,2,99,1,27,1,1.0,11.0,1999.0,1,2010,-1.0,-1,-1,1,,99,6,,,
4114,24,5,1,19,20,2,99,1,33,2,1.0,1.0,2000.0,1,2010,-1.0,-1,-1,1,,99,6,,,
4115,24,5,1,19,20,2,99,1,23,1,3.0,4.0,9999.0,1,2010,-1.0,-1,-1,1,,99,6,,,
4116,16,4,5,19,5,2,99,1,20,9,3.0,2.0,9999.0,1,2010,-1.0,-1,-1,1,,99,6,,,
4117,16,4,5,19,5,2,99,1,25,9,3.0,2.0,9999.0,1,2010,-1.0,-1,-1,1,,99,6,,,
4118,27,6,7,19,4,2,99,1,39,1,1.0,1.0,1995.0,1,2010,-1.0,-1,-1,1,,99,6,,,
4119,27,6,7,19,4,2,99,1,30,2,1.0,6.0,9999.0,1,2010,-1.0,-1,-1,1,,99,6,,,
4120,30,1,6,19,1,2,99,1,46,2,1.0,4.0,1992.0,1,2010,-1.0,-1,-1,1,,99,6,,,
4121,30,1,6,19,1,2,99,1,65,2,3.0,6.0,1994.0,1,2010,-1.0,-1,-1,1,,99,6,,,
4122,23,9,4,19,19,2,99,1,34,1,3.0,2.0,1994.0,1,2010,-1.0,-1,-1,1,,99,6,,,
4123,23,9,4,19,19,2,99,1,24,1,2.0,11.0,9999.0,1,2010,-1.0,-1,-1,1,,99,6,,,
4124,30,6,3,19,1,1,5,1,35,1,1.0,2.0,2005.0,1,2010,-1.0,-1,-1,1,,99,6,,,
4125,30,6,3,19,1,1,5,1,39,2,1.0,4.0,9999.0,1,2010,-1.0,-1,-1,1,,99,6,,,
4126,17,4,6,19,12,2,99,1,52,1,3.0,2.0,1992.0,1,2010,-1.0,-1,-1,1,,99,6,,,
4127,17,4,6,19,12,2,99,1,16,9,4.0,3.0,9999.0,1,2010,-1.0,-1,-1,2,,99,6,,,
4128,27,5,4,19,9,2,99,1,30,1,9.0,99.0,1993.0,1,2010,-1.0,-1,-1,1,,99,6,,,
4129,27,5,4,19,9,2,99,1,40,1,9.0,99.0,9999.0,1,2010,-1.0,-1,-1,1,,99,6,,,
4130,17,4,6,19,1,1,7,1,38,9,4.0,7.0,9999.0,1,2010,-1.0,-1,-1,1,,99,6,,,
4131,17,4,6,19,1,1,7,1,28,9,1.0,9.0,9999.0,1,2010,-1.0,-1,-1,1,,99,6,,,
4132,18,4,7,19,1,1,1,1,26,1,1.0,1.0,1989.0,1,2010,-1.0,-1,-1,1,,99,6,,,
4133,18,4,7,19,1,1,1,1,37,1,4.0,99.0,9999.0,1,2010,-1.0,-1,-1,1,,99,6,,,
4134,24,8,2,19,22,2,99,9,999,9,1.0,11.0,9999.0,1,2010,-1.0,-1,-1,9,,99,6,,,
4135,24,8,2,19,22,2,99,9,999,9,5.0,11.0,9999.0,1,2010,-1.0,-1,-1,9,,99,6,,,
4136,18,4,7,19,16,1,3,1,18,2,3.0,2.0,1994.0,1,2010,-1.0,-1,-1,1,,99,6,,,
4137,18,4,7,19,16,1,3,9,999,9,2.0,4.0,2001.0,1,2010,-1.0,-1,-1,9,,99,6,,,
4138,29,11,1,19,20,2,99,1,41,1,3.0,3.0,1987.0,1,2010,-1.0,-1,-1,1,,99,6,,,
4139,29,11,1,19,20,2,99,1,29,9,2.0,4.0,2000.0,1,2010,-1.0,-1,-1,1,,99,6,,,
4140,24,3,3,19,12,1,99,1,31,2,2.0,6.0,1996.0,1,2010,-1.0,-1,-1,1,,99,6,,,
4141,24,3,3,19,12,1,99,9,999,9,1.0,2.0,1997.0,1,2010,-1.0,-1,-1,9,,99,6,,,
4142,29,11,1,19,5,2,99,1,41,1,3.0,6.0,1994.0,1,2010,-1.0,-1,-1,1,,99,6,,,
4143,29,11,1,19,5,2,99,1,39,1,4.0,5.0,2006.0,1,2010,-1.0,-1,-1,1,,99,6,,,
4144,25,8,3,19,15,2,99,1,30,1,3.0,6.0,1996.0,1,2010,-1.0,-1,-1,1,,99,6,,,
4145,25,8,3,19,15,2,99,1,29,1,1.0,1.0,9999.0,1,2010,-1.0,-1,-1,1,,99,6,,,
4146,30,5,7,19,1,1,18,1,35,1,2.0,9.0,2002.0,1,2010,-1.0,-1,-1,1,,99,6,,,
4147,30,5,7,19,1,1,18,1,48,2,10.0,2.0,2009.0,1,2010,-1.0,-1,-1,1,,99,6,,,
4148,25,7,7,19,17,2,99,1,39,1,1.0,6.0,2005.0,1,2010,-1.0,-1,-1,1,,99,6,,,
4149,25,7,7,19,17,2,99,1,44,1,9.0,1.0,2006.0,1,2010,-1.0,-1,-1,1,,99,6,,,
4150,26,8,4,19,11,2,99,1,30,2,1.0,1.0,1990.0,1,2010,-1.0,-1,-1,1,,99,6,,,
4151,26,8,4,19,11,2,99,1,17,1,4.0,1.0,9999.0,1,2010,-1.0,-1,-1,2,,99,6,,,
4152,30,5,7,19,1,1,12,1,37,2,9.0,10.0,1986.0,1,2010,-1.0,-1,-1,1,,99,6,,,
4153,30,5,7,19,1,1,12,1,23,1,1.0,1.0,2001.0,1,2010,-1.0,-1,-1,1,,99,6,,,
4154,29,9,3,19,9,2,99,1,16,2,3.0,2.0,2001.0,1,2010,-1.0,-1,-1,2,,99,6,,,
4155,29,9,3,19,9,2,99,1,31,1,3.0,11.0,9999.0,1,2010,-1.0,-1,-1,1,,99,6,,,
4156,25,3,4,19,10,2,99,1,40,2,2.0,11.0,1981.0,1,2010,-1.0,-1,-1,1,,99,6,,,
4157,25,3,4,19,10,2,99,1,26,9,1.0,1.0,2008.0,1,2010,-1.0,-1,-1,1,,99,6,,,
4158,25,3,4,19,17,2,99,1,20,9,1.0,99.0,9999.0,1,2010,-1.0,-1,-1,1,,99,6,,,
4159,25,3,4,19,17,2,99,1,28,9,3.0,99.0,9999.0,1,2010,-1.0,-1,-1,1,,99,6,,,
4160,22,4,4,19,1,2,99,1,53,1,99.0,2.0,2002.0,1,2010,-1.0,-1,-1,1,,99,6,,,
4161,22,4,4,19,1,2,99,1,32,1,1.0,11.0,9999.0,1,2010,-1.0,-1,-1,1,,99,6,,,
4162,22,4,4,19,20,2,99,1,54,1,4.0,99.0,2007.0,1,2010,-1.0,-1,-1,1,,99,6,,,
4163,22,4,4,19,20,2,99,9,999,9,3.0,99.0,9999.0,1,2010,-1.0,-1,-1,9,,99,6,,,
4164,22,4,4,19,8,2,99,1,30,9,3.0,4.0,9999.0,1,2010,-1.0,-1,-1,1,,99,6,,,
4165,27,3,6,19,6,2,99,9,999,9,9.0,6.0,1998.0,1,2010,-1.0,-1,-1,9,,99,6,,,
4166,27,3,6,19,6,2,99,2,35,1,4.0,99.0,2006.0,1,2010,-1.0,-1,-1,1,,99,6,,,
4167,28,3,7,19,22,2,99,1,43,2,1.0,6.0,1992.0,1,2010,-1.0,-1,-1,1,,99,6,,,
4168,28,3,7,19,22,2,99,1,28,2,3.0,5.0,9999.0,1,2010,-1.0,-1,-1,1,,99,6,,,
4169,28,3,7,19,22,2,99,1,29,2,12.0,6.0,9999.0,1,2010,-1.0,-1,-1,1,,99,6,,,
4170,29,7,4,19,1,1,12,1,37,1,4.0,1.0,2005.0,1,2010,-1.0,-1,-1,1,,99,6,,,
4171,29,7,4,19,1,1,12,9,999,9,1.0,99.0,9999.0,1,2010,-1.0,-1,-1,9,,99,6,,,
4172,29,7,4,19,13,2,99,1,29,1,3.0,3.0,1981.0,1,2010,-1.0,-1,-1,1,,99,6,,,
4173,29,7,4,19,13,2,99,1,29,2,3.0,6.0,2009.0,1,2010,-1.0,-1,-1,1,,99,6,,,
4174,29,3,1,19,1,1,13,2,55,1,1.0,6.0,1995.0,1,2010,-1.0,-1,-1,1,,99,6,,,
4175,29,3,1,19,1,1,13,1,18,1,4.0,4.0,9999.0,1,2010,-1.0,-1,-1,1,,99,6,,,
4176,30,3,2,19,6,2,99,9,999,9,5.0,99.0,9999.0,1,2010,-1.0,-1,-1,9,,99,6,,,
4177,30,7,5,19,6,2,99,9,999,9,2.0,2.0,9999.0,1,2010,-1.0,-1,-1,9,,99,6,,,
4178,30,4,5,19,12,1,2,1,19,2,3.0,14.0,1985.0,1,2010,-1.0,-1,-1,1,,99,6,,,
4179,30,4,5,19,12,1,2,1,999,1,2.0,9.0,2009.0,1,2010,-1.0,-1,-1,9,,99,6,,,
4180,30,4,5,19,13,2,99,1,33,1,2.0,99.0,2003.0,1,2010,-1.0,-1,-1,1,,99,6,,,
4181,1,7,4,19,16,2,99,1,22,2,3.0,9.0,1994.0,2,2010,-1.0,-1,-1,1,,99,6,,,
4182,2,6,3,19,22,2,99,1,28,2,3.0,3.0,2008.0,2,2010,-1.0,-1,-1,1,,99,6,,,
4183,5,2,5,19,1,2,99,1,25,1,2.0,10.0,1985.0,3,2010,-1.0,-1,-1,1,,99,6,,,
4184,4,9,6,19,1,1,18,1,19,1,1.0,99.0,9999.0,4,2010,-1.0,-1,-1,1,,99,6,,,
4185,2,4,5,19,1,1,99,2,40,9,1.0,99.0,9999.0,2,2010,-1.0,-1,-1,1,,99,6,,,
4186,4,1,1,19,16,2,99,9,999,9,9.0,1.0,2005.0,3,2010,-1.0,-1,-1,9,,99,6,,,
4187,4,9,6,19,17,2,99,1,44,2,3.0,4.0,9999.0,2,2010,-1.0,-1,-1,1,,99,6,,,
4188,2,4,5,19,17,2,99,1,30,1,2.0,2.0,9999.0,2,2010,-1.0,-1,-1,1,,99,6,,,
4189,6,3,6,19,16,2,99,1,39,9,3.0,99.0,9999.0,2,2010,-1.0,-1,-1,1,,99,6,,,
4190,3,4,6,19,1,1,5,1,36,1,1.0,2.0,2007.0,3,2010,-1.0,-1,-1,1,,99,6,,,
4191,10,1,7,19,3,2,99,1,27,9,4.0,4.0,9999.0,2,2010,-1.0,-1,-1,1,,99,6,,,
4192,8,3,1,19,9,1,1,1,35,9,4.0,1.0,1980.0,2,2010,-1.0,-1,-1,1,,99,6,,,
4193,8,12,3,19,19,2,99,1,61,9,4.0,99.0,9999.0,1,2010,-1.0,-1,-1,1,,99,6,,,
4194,9,7,5,19,3,2,99,1,43,1,3.0,3.0,1986.0,2,2010,-1.0,-1,-1,1,,99,6,,,
4195,13,1,3,19,14,2,99,1,33,1,3.0,99.0,9999.0,4,2010,-1.0,-1,-1,1,,99,6,,,
4196,14,2,7,19,5,2,99,1,26,9,4.0,99.0,9999.0,4,2010,-1.0,-1,-1,1,,99,6,,,
4197,13,10,3,19,9,2,99,1,16,1,1.0,5.0,9999.0,3,2010,-1.0,-1,-1,2,,99,6,,,
4198,14,11,7,19,19,2,99,1,49,2,4.0,4.0,9999.0,2,2010,-1.0,-1,-1,1,,99,6,,,
4199,14,11,7,19,17,2,99,2,57,1,1.0,1.0,9999.0,2,2010,-1.0,-1,-1,1,,99,6,,,
4200,13,5,4,19,19,2,99,1,24,1,1.0,10.0,1999.0,1,2010,-1.0,-1,-1,1,,99,6,,,
4201,13,8,5,19,9,1,3,1,32,1,5.0,2.0,1991.0,1,2010,-1.0,-1,-1,1,,99,6,,,
4202,14,12,2,19,21,2,99,1,48,9,3.0,4.0,1999.0,2,2010,-1.0,-1,-1,1,,99,6,,,
4203,20,2,6,19,18,2,99,1,26,9,4.0,5.0,9999.0,2,2010,-1.0,-1,-1,1,,99,6,,,
4204,15,9,3,19,4,2,99,1,19,1,4.0,99.0,2007.0,2,2010,-1.0,-1,-1,1,,99,6,,,
4205,10,4,6,19,3,2,99,1,24,2,1.0,14.0,2004.0,2,2010,-1.0,-1,-1,1,,99,6,,,
4206,26,6,6,19,6,1,99,1,39,2,2.0,99.0,1986.0,2,2010,-1.0,-1,-1,1,,99,6,,,
4207,25,10,1,19,14,2,99,9,999,9,7.0,99.0,9999.0,3,2010,-1.0,-1,-1,9,,99,6,,,
4208,15,4,4,19,12,2,99,1,40,1,3.0,3.0,9999.0,4,2010,-1.0,-1,-1,1,,99,6,,,
4209,20,9,1,19,1,2,99,9,999,2,1.0,2.0,9999.0,2,2010,-1.0,-1,-1,9,,99,6,,,
4210,19,12,7,19,5,1,99,1,26,2,1.0,3.0,1997.0,2,2010,-1.0,-1,-1,1,,99,6,,,
4211,27,2,6,19,17,2,99,1,25,2,4.0,1.0,9999.0,4,2010,-1.0,-1,-1,1,,99,6,,,
4212,23,11,2,19,16,2,99,9,999,9,3.0,3.0,9999.0,2,2010,-1.0,-1,-1,9,,99,6,,,
4213,21,9,2,19,1,2,99,1,29,9,4.0,1.0,9999.0,2,2010,-1.0,-1,-1,1,,99,6,,,
4214,22,3,1,19,15,2,99,1,25,9,3.0,1.0,9999.0,3,2010,-1.0,-1,-1,1,,99,6,,,
4215,27,5,4,19,1,1,99,9,999,9,3.0,5.0,9999.0,13,2010,-1.0,-1,-1,9,,99,6,,,
4216,17,4,6,19,8,2,99,1,38,2,3.0,1.0,9999.0,2,2010,-1.0,-1,-1,1,,99,6,,,
4217,24,7,6,19,1,1,7,1,19,1,1.0,4.0,9999.0,2,2010,-1.0,-1,-1,1,,99,6,,,
4218,24,9,5,19,2,2,99,1,24,1,5.0,2.0,2008.0,3,2010,-1.0,-1,-1,1,,99,6,,,
4219,28,5,5,19,4,2,99,1,39,1,3.0,5.0,1994.0,4,2010,-1.0,-1,-1,1,,99,6,,,
4220,28,11,7,19,6,2,99,1,35,1,4.0,1.0,9999.0,2,2010,-1.0,-1,-1,1,,99,6,,,
4221,19,4,1,19,11,2,99,1,48,1,3.0,2.0,9999.0,3,2010,-1.0,-1,-1,1,,99,6,,,
4222,26,12,7,19,17,2,99,1,13,1,4.0,99.0,9999.0,4,2010,-1.0,-1,-1,2,,99,6,,,
4223,28,12,2,19,1,2,99,1,29,9,3.0,5.0,9999.0,2,2010,-1.0,-1,-1,1,,99,6,,,
4224,26,7,1,19,16,2,99,1,35,9,12.0,2.0,1988.0,3,2010,-1.0,-1,-1,1,,99,6,,,
4225,28,8,6,19,18,2,99,1,47,1,3.0,1.0,1972.0,3,2010,-1.0,-1,-1,1,,99,6,,,
4226,30,7,5,19,3,1,99,9,999,9,8.0,4.0,9999.0,2,2010,-1.0,-1,-1,9,,99,6,,,
4227,30,4,5,19,12,2,99,9,999,9,3.0,9.0,9999.0,4,2010,-1.0,-1,-1,9,,99,6,,,
4228,1,12,3,20,5,2,99,1,35,2,2.0,3.0,1991.0,1,2010,-1.0,-1,-1,1,,99,6,,,
4229,1,12,3,20,5,2,99,9,999,9,14.0,1.0,2004.0,1,2010,-1.0,-1,-1,9,,99,6,,,
4230,1,5,6,20,1,1,1,1,23,1,1.0,3.0,2004.0,1,2010,-1.0,-1,-1,1,,99,6,,,
4231,1,5,6,20,1,1,1,1,28,1,4.0,99.0,9999.0,1,2010,-1.0,-1,-1,1,,99,6,,,
4232,1,7,4,20,15,1,1,1,36,2,2.0,3.0,2004.0,1,2010,-1.0,-1,-1,1,,99,6,,,
4233,1,7,4,20,15,1,1,1,52,1,1.0,4.0,2007.0,1,2010,-1.0,-1,-1,1,,99,6,,,
4234,2,10,6,20,10,2,99,1,24,9,4.0,5.0,2008.0,1,2010,-1.0,-1,-1,1,,99,6,,,
4235,2,10,6,20,10,2,99,9,999,9,5.0,99.0,9999.0,1,2010,-1.0,-1,-1,9,,99,6,,,
4236,2,3,2,20,9,2,99,1,24,9,9.0,8.0,1991.0,1,2010,-1.0,-1,-1,1,,99,6,,,
4237,2,3,2,20,9,2,99,2,32,9,1.0,2.0,9999.0,1,2010,-1.0,-1,-1,1,,99,6,,,
4238,1,7,4,20,18,2,99,1,26,2,5.0,3.0,2007.0,1,2010,-1.0,-1,-1,1,,99,6,,,
4239,1,7,4,20,18,2,99,1,27,1,4.0,5.0,2007.0,1,2010,-1.0,-1,-1,1,,99,6,,,
4240,2,3,2,20,16,2,99,1,29,9,3.0,99.0,1984.0,1,2010,-1.0,-1,-1,1,,99,6,,,
4241,2,3,2,20,16,2,99,1,43,9,9.0,6.0,9999.0,1,2010,-1.0,-1,-1,1,,99,6,,,
4242,2,10,6,20,17,2,99,1,17,9,4.0,99.0,9999.0,1,2010,-1.0,-1,-1,2,,99,6,,,
4243,2,10,6,20,17,2,99,1,23,9,4.0,99.0,9999.0,1,2010,-1.0,-1,-1,1,,99,6,,,
4244,3,9,5,20,21,2,99,1,55,2,3.0,7.0,1984.0,1,2010,-1.0,-1,-1,1,,99,6,,,
4245,3,9,5,20,21,2,99,1,25,2,1.0,2.0,1993.0,1,2010,-1.0,-1,-1,1,,99,6,,,
4246,5,2,5,20,1,1,6,1,30,1,1.0,3.0,2000.0,1,2010,-1.0,-1,-1,1,,99,6,,,
4247,5,2,5,20,1,1,6,1,22,2,1.0,14.0,2000.0,1,2010,-1.0,-1,-1,1,,99,6,,,
4248,2,6,3,20,18,2,99,1,39,1,5.0,2.0,1987.0,1,2010,-1.0,-1,-1,1,,99,6,,,
4249,2,1,6,20,5,2,99,1,27,9,1.0,1.0,1993.0,1,2010,-1.0,-1,-1,1,,99,6,,,
4250,2,1,6,20,5,2,99,1,30,9,3.0,9.0,2008.0,1,2010,-1.0,-1,-1,1,,99,6,,,
4251,3,6,4,20,1,1,2,1,999,1,1.0,3.0,2009.0,1,2010,-1.0,-1,-1,9,,99,6,,,
4252,3,6,4,20,1,1,2,1,28,2,1.0,11.0,9999.0,1,2010,-1.0,-1,-1,1,,99,6,,,
4253,2,8,1,20,16,2,99,9,999,9,2.0,4.0,1993.0,1,2010,-1.0,-1,-1,9,,99,6,,,
4254,2,8,1,20,16,2,99,1,45,1,3.0,6.0,1994.0,1,2010,-1.0,-1,-1,1,,99,6,,,
4255,3,3,3,20,5,2,99,1,999,9,1.0,4.0,1989.0,1,2010,-1.0,-1,-1,9,,99,6,,,
4256,3,3,3,20,5,2,99,1,999,9,9.0,6.0,2003.0,1,2010,-1.0,-1,-1,9,,99,6,,,
4257,3,3,3,20,5,2,99,1,23,2,1.0,99.0,9999.0,1,2010,-1.0,-1,-1,1,,99,6,,,
4258,1,4,4,20,14,2,99,1,999,1,2.0,11.0,9999.0,1,2010,-1.0,-1,-1,9,,99,6,,,
4259,1,4,4,20,14,2,99,1,46,2,3.0,1.0,9999.0,1,2010,-1.0,-1,-1,1,,99,6,,,
4260,2,11,2,20,5,1,1,1,45,2,3.0,10.0,9999.0,1,2010,-1.0,-1,-1,1,,99,6,,,
4261,2,11,2,20,5,1,1,1,25,2,4.0,6.0,9999.0,1,2010,-1.0,-1,-1,1,,99,6,,,
4262,4,10,1,20,1,1,18,9,999,2,3.0,3.0,9999.0,1,2010,-1.0,-1,-1,9,,99,6,,,
4263,4,10,1,20,1,1,18,1,48,2,1.0,10.0,9999.0,1,2010,-1.0,-1,-1,1,,99,6,,,
4264,3,3,3,20,13,1,99,1,33,9,1.0,8.0,1994.0,1,2010,-1.0,-1,-1,1,,99,6,,,
4265,3,3,3,20,13,1,99,1,999,9,1.0,5.0,1994.0,1,2010,-1.0,-1,-1,9,,99,6,,,
4266,3,6,4,20,11,2,99,1,25,1,1.0,99.0,9999.0,1,2010,-1.0,-1,-1,1,,99,6,,,
4267,3,6,4,20,11,2,99,1,34,1,4.0,99.0,9999.0,1,2010,-1.0,-1,-1,1,,99,6,,,
4268,3,6,4,20,11,2,99,9,999,9,3.0,99.0,9999.0,1,2010,-1.0,-1,-1,9,,99,6,,,
4269,5,7,1,20,1,1,7,1,24,1,12.0,1.0,1990.0,1,2010,-1.0,-1,-1,1,,99,6,,,
4270,5,7,1,20,1,1,7,1,36,2,2.0,3.0,1991.0,1,2010,-1.0,-1,-1,1,,99,6,,,
4271,5,7,1,20,1,1,7,1,33,1,10.0,2.0,2001.0,1,2010,-1.0,-1,-1,1,,99,6,,,
4272,2,5,7,20,1,2,99,2,23,1,4.0,5.0,9999.0,1,2010,-1.0,-1,-1,1,,99,6,,,
4273,2,5,7,20,1,2,99,9,999,9,1.0,1.0,9999.0,1,2010,-1.0,-1,-1,9,,99,6,,,
4274,3,11,3,20,15,2,99,1,28,1,5.0,5.0,9999.0,1,2010,-1.0,-1,-1,1,,99,6,,,
4275,4,9,6,20,20,2,99,1,28,1,3.0,9.0,1994.0,1,2010,-1.0,-1,-1,1,,99,6,,,
4276,4,9,6,20,20,2,99,1,28,1,3.0,3.0,2006.0,1,2010,-1.0,-1,-1,1,,99,6,,,
4277,4,12,6,20,4,1,99,9,999,9,4.0,1.0,2004.0,1,2010,-1.0,-1,-1,9,,99,6,,,
4278,4,12,6,20,4,1,99,1,20,2,1.0,4.0,9999.0,1,2010,-1.0,-1,-1,1,,99,6,,,
4279,5,11,5,20,1,1,6,1,22,9,3.0,5.0,9999.0,1,2010,-1.0,-1,-1,1,,99,6,,,
4280,5,11,5,20,1,1,6,1,27,9,1.0,6.0,9999.0,1,2010,-1.0,-1,-1,1,,99,6,,,
4281,7,1,4,20,12,2,99,1,59,2,3.0,5.0,1982.0,1,2010,-1.0,-1,-1,1,,99,6,,,
4282,7,1,4,20,12,2,99,1,999,1,4.0,2.0,2008.0,1,2010,-1.0,-1,-1,9,,99,6,,,
4283,7,6,1,20,10,2,99,1,31,2,1.0,2.0,2000.0,1,2010,-1.0,-1,-1,1,,99,6,,,
4284,7,6,1,20,10,2,99,1,19,1,3.0,5.0,2009.0,1,2010,-1.0,-1,-1,1,,99,6,,,
4285,5,8,4,20,9,1,8,1,40,9,1.0,8.0,9999.0,1,2010,-1.0,-1,-1,1,,99,6,,,
4286,5,8,4,20,9,1,8,1,20,9,4.0,5.0,9999.0,1,2010,-1.0,-1,-1,1,,99,6,,,
4287,8,1,5,20,22,2,99,1,20,1,4.0,3.0,9999.0,1,2010,-1.0,-1,-1,1,,99,6,,,
4288,8,1,5,20,22,2,99,1,21,1,1.0,2.0,9999.0,1,2010,-1.0,-1,-1,1,,99,6,,,
4289,7,6,1,20,14,2,99,1,33,1,9.0,3.0,9999.0,1,2010,-1.0,-1,-1,1,,99,6,,,
4290,7,6,1,20,14,2,99,1,26,2,14.0,1.0,9999.0,1,2010,-1.0,-1,-1,1,,99,6,,,
4291,5,9,7,20,13,1,3,1,26,2,1.0,6.0,1994.0,1,2010,-1.0,-1,-1,1,,99,6,,,
4292,5,9,7,20,13,1,3,1,24,1,4.0,1.0,2004.0,1,2010,-1.0,-1,-1,1,,99,6,,,
4293,11,2,4,20,22,2,99,9,999,9,6.0,2.0,9999.0,1,2010,-1.0,-1,-1,9,,99,6,,,
4294,5,12,7,20,2,2,99,1,18,2,4.0,99.0,9999.0,1,2010,-1.0,-1,-1,1,,99,6,,,
4295,9,1,6,20,2,2,99,9,999,9,5.0,99.0,9999.0,1,2010,-1.0,-1,-1,9,,99,6,,,
4296,7,7,3,20,10,2,99,1,39,2,4.0,1.0,2004.0,1,2010,-1.0,-1,-1,1,,99,6,,,
4297,7,7,3,20,10,2,99,1,30,1,4.0,1.0,9999.0,1,2010,-1.0,-1,-1,1,,99,6,,,
4298,6,9,1,20,12,2,99,1,26,2,1.0,9.0,1993.0,1,2010,-1.0,-1,-1,1,,99,6,,,
4299,6,9,1,20,12,2,99,1,16,1,1.0,4.0,1998.0,1,2010,-1.0,-1,-1,2,,99,6,,,
4300,6,11,6,20,1,1,5,1,55,9,5.0,2.0,9999.0,1,2010,-1.0,-1,-1,1,,99,6,,,
4301,6,11,6,20,1,1,5,1,23,9,3.0,5.0,9999.0,1,2010,-1.0,-1,-1,1,,99,6,,,
4302,12,2,5,20,5,1,99,2,21,9,4.0,5.0,9999.0,1,2010,-1.0,-1,-1,1,,99,6,,,
4303,12,2,5,20,5,1,99,1,23,9,1.0,1.0,9999.0,1,2010,-1.0,-1,-1,1,,99,6,,,
4304,8,6,2,20,4,2,99,1,26,1,1.0,11.0,2007.0,1,2010,-1.0,-1,-1,1,,99,6,,,
4305,8,6,2,20,4,2,99,1,29,1,3.0,5.0,9999.0,1,2010,-1.0,-1,-1,1,,99,6,,,
4306,7,12,2,20,7,2,99,1,25,9,3.0,3.0,1987.0,1,2010,-1.0,-1,-1,1,,99,6,,,
4307,7,12,2,20,7,2,99,9,999,9,5.0,1.0,1988.0,1,2010,-1.0,-1,-1,9,,99,6,,,
4308,7,12,2,20,7,2,99,1,22,9,3.0,3.0,9999.0,1,2010,-1.0,-1,-1,1,,99,6,,,
4309,6,8,5,20,17,2,99,9,999,9,99.0,99.0,9999.0,1,2010,-1.0,-1,-1,9,,99,6,,,
4310,6,8,5,20,17,2,99,2,18,1,4.0,99.0,9999.0,1,2010,-1.0,-1,-1,1,,99,6,,,
4311,8,9,3,20,5,2,99,9,999,9,6.0,2.0,9999.0,1,2010,-1.0,-1,-1,9,,99,6,,,
4312,8,9,3,20,5,2,99,1,41,1,7.0,1.0,9999.0,1,2010,-1.0,-1,-1,1,,99,6,,,
4313,8,10,5,20,4,2,99,1,36,9,5.0,6.0,2007.0,1,2010,-1.0,-1,-1,1,,99,6,,,
4314,8,10,5,20,4,2,99,1,65,2,1.0,6.0,9999.0,1,2010,-1.0,-1,-1,1,,99,6,,,
4315,8,3,1,20,17,2,99,9,999,9,9.0,99.0,9999.0,1,2010,-1.0,-1,-1,9,,99,6,,,
4316,8,3,1,20,17,2,99,9,999,9,4.0,99.0,9999.0,1,2010,-1.0,-1,-1,9,,99,6,,,
4317,9,7,5,20,12,2,99,9,999,9,3.0,9.0,1975.0,1,2010,-1.0,-1,-1,9,,99,6,,,
4318,9,7,5,20,12,2,99,1,42,2,3.0,2.0,1989.0,1,2010,-1.0,-1,-1,1,,99,6,,,
4319,9,10,6,20,8,2,99,1,23,1,1.0,3.0,1986.0,1,2010,-1.0,-1,-1,1,,99,6,,,
4320,9,10,6,20,8,2,99,1,30,2,1.0,4.0,1997.0,1,2010,-1.0,-1,-1,1,,99,6,,,
4321,9,3,2,20,5,2,99,1,34,2,1.0,2.0,9999.0,1,2010,-1.0,-1,-1,1,,99,6,,,
4322,9,3,2,20,5,2,99,1,39,2,6.0,2.0,9999.0,1,2010,-1.0,-1,-1,1,,99,6,,,
4323,9,9,4,20,1,1,7,2,36,1,1.0,6.0,1999.0,1,2010,-1.0,-1,-1,1,,99,6,,,
4324,9,9,4,20,1,1,7,1,16,9,4.0,9.0,9999.0,1,2010,-1.0,-1,-1,2,,99,6,,,
4325,9,10,6,20,12,2,99,1,25,1,9.0,3.0,9999.0,1,2010,-1.0,-1,-1,1,,99,6,,,
4326,9,10,6,20,12,2,99,9,999,9,5.0,9.0,9999.0,1,2010,-1.0,-1,-1,9,,99,6,,,
4327,10,3,3,20,1,1,5,2,34,9,1.0,99.0,1999.0,1,2010,-1.0,-1,-1,1,,99,6,,,
4328,10,3,3,20,1,1,5,1,20,9,99.0,99.0,9999.0,1,2010,-1.0,-1,-1,1,,99,6,,,
4329,12,6,6,20,11,2,99,9,999,9,5.0,99.0,9999.0,1,2010,-1.0,-1,-1,9,,99,6,,,
4330,12,6,6,20,17,2,99,1,26,1,4.0,4.0,9999.0,1,2010,-1.0,-1,-1,1,,99,6,,,
4331,12,6,6,20,17,2,99,1,26,1,3.0,4.0,9999.0,1,2010,-1.0,-1,-1,1,,99,6,,,
4332,11,10,1,20,6,2,99,1,34,2,3.0,5.0,1996.0,1,2010,-1.0,-1,-1,1,,99,6,,,
4333,11,10,1,20,6,2,99,9,999,9,99.0,99.0,9999.0,1,2010,-1.0,-1,-1,9,,99,6,,,
4334,11,7,7,20,1,1,18,1,36,2,3.0,3.0,1985.0,1,2010,-1.0,-1,-1,1,,99,6,,,
4335,11,7,7,20,1,1,18,1,61,1,1.0,4.0,1992.0,1,2010,-1.0,-1,-1,1,,99,6,,,
4336,8,8,7,20,12,2,99,9,999,9,3.0,3.0,9999.0,1,2010,-1.0,-1,-1,9,,99,6,,,
4337,8,8,7,20,12,2,99,1,39,1,3.0,2.0,9999.0,1,2010,-1.0,-1,-1,1,,99,6,,,
4338,15,1,5,20,16,2,99,1,60,1,3.0,6.0,1999.0,1,2010,-1.0,-1,-1,1,,99,6,,,
4339,15,1,5,20,16,2,99,1,49,2,2.0,5.0,2000.0,1,2010,-1.0,-1,-1,1,,99,6,,,
4340,11,7,7,20,1,2,99,2,24,1,1.0,2.0,1993.0,1,2010,-1.0,-1,-1,1,,99,6,,,
4341,11,7,7,20,1,2,99,9,999,9,1.0,4.0,9999.0,1,2010,-1.0,-1,-1,9,,99,6,,,
4342,11,9,6,20,5,2,99,1,22,1,5.0,2.0,9999.0,1,2010,-1.0,-1,-1,1,,99,6,,,
4343,11,9,6,20,5,2,99,1,61,1,1.0,5.0,9999.0,1,2010,-1.0,-1,-1,1,,99,6,,,
4344,13,11,6,20,22,2,99,9,999,9,7.0,11.0,9999.0,1,2010,-1.0,-1,-1,9,,99,6,,,
4345,13,11,6,20,22,2,99,1,21,1,1.0,4.0,9999.0,1,2010,-1.0,-1,-1,1,,99,6,,,
4346,13,11,6,20,22,2,99,1,16,2,4.0,99.0,9999.0,1,2010,-1.0,-1,-1,2,,99,6,,,
4347,11,12,6,20,22,1,1,1,34,2,1.0,2.0,9999.0,1,2010,-1.0,-1,-1,1,,99,6,,,
4348,11,12,6,20,22,1,1,1,999,1,3.0,5.0,9999.0,1,2010,-1.0,-1,-1,9,,99,6,,,
4349,16,1,6,20,5,2,99,1,22,1,6.0,2.0,1998.0,1,2010,-1.0,-1,-1,1,,99,6,,,
4350,16,1,6,20,5,2,99,1,30,1,1.0,99.0,9999.0,1,2010,-1.0,-1,-1,1,,99,6,,,
4351,13,9,1,20,1,1,9,1,66,9,3.0,9.0,1987.0,1,2010,-1.0,-1,-1,1,,99,6,,,
4352,13,9,1,20,1,1,9,1,37,9,7.0,1.0,9999.0,1,2010,-1.0,-1,-1,1,,99,6,,,
4353,16,2,2,20,10,1,1,2,48,9,1.0,4.0,2007.0,1,2010,-1.0,-1,-1,1,,99,6,,,
4354,16,2,2,20,10,1,1,9,999,9,14.0,1.0,2009.0,1,2010,-1.0,-1,-1,9,,99,6,,,
4355,7,4,3,20,1,1,11,1,68,1,2.0,4.0,2003.0,1,2010,-1.0,-1,-1,1,,99,6,,,
4356,7,4,3,20,1,1,11,1,19,9,4.0,1.0,9999.0,1,2010,-1.0,-1,-1,1,,99,6,,,
4357,13,11,6,20,17,2,99,9,999,9,3.0,99.0,9999.0,1,2010,-1.0,-1,-1,9,,99,6,,,
4358,16,1,6,20,17,2,99,9,999,9,1.0,4.0,9999.0,1,2010,-1.0,-1,-1,9,,99,6,,,
4359,12,3,5,20,3,2,99,9,999,9,99.0,99.0,9999.0,1,2010,-1.0,-1,-1,9,,99,6,,,
4360,13,9,1,20,1,1,10,1,999,2,1.0,11.0,1994.0,1,2010,-1.0,-1,-1,9,,99,6,,,
4361,13,9,1,20,1,1,10,1,18,2,1.0,99.0,2009.0,1,2010,-1.0,-1,-1,1,,99,6,,,
4362,14,10,4,20,17,1,99,2,21,9,4.0,7.0,9999.0,1,2010,-1.0,-1,-1,1,,99,6,,,
4363,14,10,4,20,17,1,99,9,999,9,1.0,6.0,9999.0,1,2010,-1.0,-1,-1,9,,99,6,,,
4364,13,9,1,20,1,1,1,1,999,1,1.0,3.0,2009.0,1,2010,-1.0,-1,-1,9,,99,6,,,
4365,13,9,1,20,1,1,1,1,29,1,3.0,3.0,9999.0,1,2010,-1.0,-1,-1,1,,99,6,,,
4366,13,9,1,20,1,1,1,1,34,1,3.0,5.0,9999.0,1,2010,-1.0,-1,-1,1,,99,6,,,
4367,14,10,4,20,19,2,99,1,51,9,3.0,6.0,9999.0,1,2010,-1.0,-1,-1,1,,99,6,,,
4368,16,2,2,20,9,2,99,1,55,9,3.0,2.0,1979.0,1,2010,-1.0,-1,-1,1,,99,6,,,
4369,16,2,2,20,9,2,99,1,22,9,3.0,10.0,1990.0,1,2010,-1.0,-1,-1,1,,99,6,,,
4370,16,2,2,20,9,2,99,2,32,9,1.0,2.0,9999.0,1,2010,-1.0,-1,-1,1,,99,6,,,
4371,9,8,1,20,14,2,99,1,36,1,12.0,1.0,1994.0,1,2010,-1.0,-1,-1,1,,99,6,,,
4372,9,8,1,20,14,2,99,1,36,1,3.0,1.0,9999.0,1,2010,-1.0,-1,-1,1,,99,6,,,
4373,16,2,2,20,13,2,99,1,49,9,2.0,9.0,1993.0,1,2010,-1.0,-1,-1,1,,99,6,,,
4374,16,2,2,20,13,2,99,1,42,9,2.0,6.0,1997.0,1,2010,-1.0,-1,-1,1,,99,6,,,
4375,16,2,2,20,8,2,99,1,52,9,3.0,1.0,1986.0,1,2010,-1.0,-1,-1,1,,99,6,,,
4376,16,2,2,20,8,2,99,1,28,9,6.0,2.0,2009.0,1,2010,-1.0,-1,-1,1,,99,6,,,
4377,11,12,6,20,4,2,99,1,30,2,3.0,2.0,1982.0,1,2010,-1.0,-1,-1,1,,99,6,,,
4378,11,12,6,20,4,2,99,2,30,1,1.0,3.0,9999.0,1,2010,-1.0,-1,-1,1,,99,6,,,
4379,7,4,3,20,9,1,8,1,26,1,4.0,2.0,9999.0,1,2010,-1.0,-1,-1,1,,99,6,,,
4380,7,4,3,20,16,2,99,2,27,1,4.0,99.0,9999.0,1,2010,-1.0,-1,-1,1,,99,6,,,
4381,7,4,3,20,16,2,99,9,999,9,10.0,99.0,9999.0,1,2010,-1.0,-1,-1,9,,99,6,,,
4382,12,12,7,20,5,2,99,1,34,2,5.0,2.0,1987.0,1,2010,-1.0,-1,-1,1,,99,6,,,
4383,12,12,7,20,5,2,99,1,27,1,1.0,2.0,2001.0,1,2010,-1.0,-1,-1,1,,99,6,,,
4384,11,5,2,20,13,2,99,1,24,2,4.0,3.0,2008.0,1,2010,-1.0,-1,-1,1,,99,6,,,
4385,11,5,2,20,13,2,99,1,19,2,4.0,1.0,2009.0,1,2010,-1.0,-1,-1,1,,99,6,,,
4386,14,9,2,20,18,2,99,9,999,9,3.0,4.0,9999.0,1,2010,-1.0,-1,-1,9,,99,6,,,
4387,14,9,2,20,18,2,99,1,37,9,4.0,1.0,9999.0,1,2010,-1.0,-1,-1,1,,99,6,,,
4388,19,6,6,20,10,2,99,1,38,2,4.0,1.0,1981.0,1,2010,-1.0,-1,-1,1,,99,6,,,
4389,19,6,6,20,10,2,99,1,20,1,14.0,1.0,2010.0,1,2010,-1.0,-1,-1,1,,99,6,,,
4390,17,11,3,20,15,1,2,1,21,1,4.0,3.0,9999.0,1,2010,-1.0,-1,-1,1,,99,6,,,
4391,17,11,3,20,15,1,2,1,21,1,4.0,1.0,9999.0,1,2010,-1.0,-1,-1,1,,99,6,,,
4392,20,2,6,20,13,2,99,1,32,9,3.0,5.0,1994.0,1,2010,-1.0,-1,-1,1,,99,6,,,
4393,20,2,6,20,13,2,99,1,20,9,99.0,1.0,9999.0,1,2010,-1.0,-1,-1,1,,99,6,,,
4394,15,12,3,20,1,1,1,1,35,1,1.0,2.0,9999.0,1,2010,-1.0,-1,-1,1,,99,6,,,
4395,15,12,3,20,1,1,1,1,56,2,1.0,2.0,9999.0,1,2010,-1.0,-1,-1,1,,99,6,,,
4396,16,7,5,20,1,2,99,1,23,2,1.0,9.0,1993.0,1,2010,-1.0,-1,-1,1,,99,6,,,
4397,16,7,5,20,1,2,99,2,27,1,1.0,9.0,1993.0,1,2010,-1.0,-1,-1,1,,99,6,,,
4398,15,3,1,20,18,2,99,9,999,9,6.0,99.0,9999.0,1,2010,-1.0,-1,-1,9,,99,6,,,
4399,16,7,5,20,19,2,99,1,31,1,1.0,6.0,1999.0,1,2010,-1.0,-1,-1,1,,99,6,,,
4400,16,7,5,20,19,2,99,1,31,1,1.0,4.0,9999.0,1,2010,-1.0,-1,-1,1,,99,6,,,
4401,15,12,3,20,9,2,99,1,35,1,1.0,3.0,2000.0,1,2010,-1.0,-1,-1,1,,99,6,,,
4402,15,12,3,20,9,2,99,1,32,1,1.0,1.0,2002.0,1,2010,-1.0,-1,-1,1,,99,6,,,
4403,21,2,7,20,20,2,99,1,44,9,2.0,9.0,2000.0,1,2010,-1.0,-1,-1,1,,99,6,,,
4404,21,2,7,20,1,1,1,2,40,9,1.0,14.0,2006.0,1,2010,-1.0,-1,-1,1,,99,6,,,
4405,21,2,7,20,1,1,1,1,28,9,3.0,5.0,9999.0,1,2010,-1.0,-1,-1,1,,99,6,,,
4406,15,8,7,20,16,1,10,1,23,9,1.0,11.0,1998.0,1,2010,-1.0,-1,-1,1,,99,6,,,
4407,15,8,7,20,16,1,10,1,26,9,3.0,1.0,9999.0,1,2010,-1.0,-1,-1,1,,99,6,,,
4408,21,6,1,20,20,2,99,1,16,1,4.0,1.0,2006.0,1,2010,-1.0,-1,-1,2,,99,6,,,
4409,21,6,1,20,20,2,99,1,16,1,4.0,1.0,2007.0,1,2010,-1.0,-1,-1,2,,99,6,,,
4410,16,7,5,20,17,2,99,1,23,1,5.0,2.0,9999.0,1,2010,-1.0,-1,-1,1,,99,6,,,
4411,16,7,5,20,17,2,99,1,999,1,4.0,2.0,9999.0,1,2010,-1.0,-1,-1,9,,99,6,,,
4412,16,3,2,20,1,1,14,2,22,9,1.0,1.0,2004.0,1,2010,-1.0,-1,-1,1,,99,6,,,
4413,16,3,2,20,1,1,14,1,33,9,4.0,1.0,9999.0,1,2010,-1.0,-1,-1,1,,99,6,,,
4414,10,4,6,20,14,2,99,1,34,2,8.0,2.0,9999.0,1,2010,-1.0,-1,-1,1,,99,6,,,
4415,10,4,6,20,14,2,99,1,19,1,4.0,1.0,9999.0,1,2010,-1.0,-1,-1,1,,99,6,,,
4416,18,7,7,20,1,1,9,1,64,9,1.0,11.0,9999.0,1,2010,-1.0,-1,-1,1,,99,6,,,
4417,18,7,7,20,1,1,9,1,31,9,4.0,5.0,9999.0,1,2010,-1.0,-1,-1,1,,99,6,,,
4418,17,8,2,20,1,1,13,1,38,2,1.0,2.0,2000.0,1,2010,-1.0,-1,-1,1,,99,6,,,
4419,17,8,2,20,1,1,13,1,38,1,1.0,2.0,2003.0,1,2010,-1.0,-1,-1,1,,99,6,,,
4420,16,3,2,20,18,1,99,9,999,9,1.0,2.0,9999.0,1,2010,-1.0,-1,-1,9,,99,6,,,
4421,16,3,2,20,18,1,99,2,28,9,4.0,99.0,9999.0,1,2010,-1.0,-1,-1,1,,99,6,,,
4422,25,2,4,20,16,2,99,1,24,1,1.0,4.0,1985.0,1,2010,-1.0,-1,-1,1,,99,6,,,
4423,25,2,4,20,16,2,99,1,29,1,9.0,1.0,2006.0,1,2010,-1.0,-1,-1,1,,99,6,,,
4424,23,6,3,20,2,2,99,9,999,9,3.0,6.0,2004.0,1,2010,-1.0,-1,-1,9,,99,6,,,
4425,23,6,3,20,2,2,99,1,37,1,3.0,2.0,2008.0,1,2010,-1.0,-1,-1,1,,99,6,,,
4426,18,8,3,20,1,1,5,1,46,2,1.0,1.0,2000.0,1,2010,-1.0,-1,-1,1,,99,6,,,
4427,18,8,3,20,1,1,5,1,53,1,1.0,2.0,2005.0,1,2010,-1.0,-1,-1,1,,99,6,,,
4428,17,3,3,20,22,2,99,1,39,9,1.0,4.0,9999.0,1,2010,-1.0,-1,-1,1,,99,6,,,
4429,17,3,3,20,22,2,99,1,27,9,1.0,99.0,9999.0,1,2010,-1.0,-1,-1,1,,99,6,,,
4430,18,9,6,20,1,2,99,1,17,1,2.0,3.0,1998.0,1,2010,-1.0,-1,-1,2,,99,6,,,
4431,18,9,6,20,1,2,99,1,60,1,4.0,5.0,1998.0,1,2010,-1.0,-1,-1,1,,99,6,,,
4432,18,12,6,20,5,2,99,1,45,1,6.0,9.0,1989.0,1,2010,-1.0,-1,-1,1,,99,6,,,
4433,18,12,6,20,5,2,99,1,20,1,4.0,99.0,9999.0,1,2010,-1.0,-1,-1,1,,99,6,,,
4434,19,8,4,20,20,2,99,9,999,9,99.0,99.0,9999.0,1,2010,-1.0,-1,-1,9,,99,6,,,
4435,19,8,4,20,20,2,99,1,19,1,4.0,99.0,9999.0,1,2010,-1.0,-1,-1,1,,99,6,,,
4436,18,9,6,20,9,2,99,9,999,9,3.0,3.0,9999.0,1,2010,-1.0,-1,-1,9,,99,6,,,
4437,26,2,5,20,13,1,5,1,46,9,3.0,4.0,2006.0,1,2010,-1.0,-1,-1,1,,99,6,,,
4438,26,2,5,20,13,1,5,1,19,9,4.0,5.0,2007.0,1,2010,-1.0,-1,-1,1,,99,6,,,
4439,25,6,5,20,4,1,4,1,31,2,3.0,3.0,9999.0,1,2010,-1.0,-1,-1,1,,99,6,,,
4440,25,6,5,20,4,1,4,1,31,1,3.0,6.0,9999.0,1,2010,-1.0,-1,-1,1,,99,6,,,
4441,27,2,6,20,1,1,6,1,36,1,12.0,99.0,9999.0,1,2010,-1.0,-1,-1,1,,99,6,,,
4442,27,2,6,20,1,1,6,1,28,2,1.0,5.0,9999.0,1,2010,-1.0,-1,-1,1,,99,6,,,
4443,20,5,4,20,11,1,1,1,22,1,14.0,99.0,9999.0,1,2010,-1.0,-1,-1,1,,99,6,,,
4444,20,5,4,20,11,1,1,1,36,1,14.0,1.0,9999.0,1,2010,-1.0,-1,-1,1,,99,6,,,
4445,27,2,6,20,1,2,99,1,32,2,1.0,1.0,1994.0,1,2010,-1.0,-1,-1,1,,99,6,,,
4446,27,2,6,20,1,2,99,1,33,9,1.0,9.0,1998.0,1,2010,-1.0,-1,-1,1,,99,6,,,
4447,28,1,4,20,18,2,99,9,999,9,99.0,99.0,9999.0,1,2010,-1.0,-1,-1,9,,99,6,,,
4448,28,1,4,20,18,2,99,1,61,9,4.0,99.0,9999.0,1,2010,-1.0,-1,-1,1,,99,6,,,
4449,27,6,7,20,1,1,18,9,999,9,1.0,2.0,9999.0,1,2010,-1.0,-1,-1,9,,99,6,,,
4450,27,6,7,20,1,1,18,1,26,1,4.0,1.0,9999.0,1,2010,-1.0,-1,-1,1,,99,6,,,
4451,21,3,7,20,1,1,6,1,30,1,1.0,5.0,1984.0,1,2010,-1.0,-1,-1,1,,99,6,,,
4452,21,3,7,20,1,1,6,1,19,1,14.0,1.0,9999.0,1,2010,-1.0,-1,-1,1,,99,6,,,
4453,24,5,1,20,9,1,10,2,30,1,9.0,4.0,1986.0,1,2010,-1.0,-1,-1,1,,99,6,,,
4454,24,5,1,20,9,1,10,2,999,1,2.0,14.0,1995.0,1,2010,-1.0,-1,-1,9,,99,6,,,
4455,24,5,1,20,9,1,10,1,999,1,1.0,3.0,1997.0,1,2010,-1.0,-1,-1,9,,99,6,,,
4456,24,5,1,20,9,1,10,1,999,1,1.0,5.0,1997.0,1,2010,-1.0,-1,-1,9,,99,6,,,
4457,24,5,1,20,9,1,10,1,48,2,3.0,5.0,1997.0,1,2010,-1.0,-1,-1,1,,99,6,,,
4458,24,5,1,20,9,1,10,1,999,1,4.0,5.0,2006.0,1,2010,-1.0,-1,-1,9,,99,6,,,
4459,28,2,7,20,11,2,99,1,56,1,3.0,2.0,9999.0,1,2010,-1.0,-1,-1,1,,99,6,,,
4460,28,2,7,20,11,2,99,1,20,1,1.0,99.0,9999.0,1,2010,-1.0,-1,-1,1,,99,6,,,
4461,28,10,4,20,1,1,10,1,999,9,1.0,10.0,9999.0,1,2010,-1.0,-1,-1,9,,99,6,,,
4462,28,10,4,20,1,1,10,1,55,9,4.0,4.0,9999.0,1,2010,-1.0,-1,-1,1,,99,6,,,
4463,22,3,1,20,1,2,99,1,27,9,9.0,2.0,2007.0,1,2010,-1.0,-1,-1,1,,99,6,,,
4464,22,3,1,20,1,2,99,1,40,9,4.0,4.0,9999.0,1,2010,-1.0,-1,-1,1,,99,6,,,
4465,25,5,2,20,20,1,1,1,33,2,4.0,1.0,2007.0,1,2010,-1.0,-1,-1,1,,99,6,,,
4466,25,5,2,20,20,1,1,9,999,9,4.0,5.0,9999.0,1,2010,-1.0,-1,-1,9,,99,6,,,
4467,16,4,5,20,4,2,99,1,23,2,1.0,2.0,2002.0,1,2010,-1.0,-1,-1,1,,99,6,,,
4468,16,4,5,20,4,2,99,1,35,1,1.0,11.0,9999.0,1,2010,-1.0,-1,-1,1,,99,6,,,
4469,23,7,5,20,1,2,99,1,48,2,1.0,14.0,1979.0,1,2010,-1.0,-1,-1,1,,99,6,,,
4470,23,7,5,20,1,2,99,1,29,1,1.0,3.0,1991.0,1,2010,-1.0,-1,-1,1,,99,6,,,
4471,23,7,5,20,1,2,99,1,24,1,1.0,2.0,1993.0,1,2010,-1.0,-1,-1,1,,99,6,,,
4472,28,10,4,20,5,2,99,9,999,9,7.0,1.0,9999.0,1,2010,-1.0,-1,-1,9,,99,6,,,
4473,25,5,2,20,13,2,99,1,17,1,3.0,1.0,1985.0,1,2010,-1.0,-1,-1,2,,99,6,,,
4474,25,5,2,20,13,2,99,9,999,9,3.0,7.0,9999.0,1,2010,-1.0,-1,-1,9,,99,6,,,
4475,23,7,5,20,5,2,99,9,999,9,6.0,99.0,9999.0,1,2010,-1.0,-1,-1,9,,99,6,,,
4476,30,6,3,20,1,2,99,1,75,1,5.0,5.0,1979.0,1,2010,-1.0,-1,-1,1,,99,6,,,
4477,30,6,3,20,1,2,99,1,44,1,2.0,4.0,2009.0,1,2010,-1.0,-1,-1,1,,99,6,,,
4478,23,7,5,20,17,2,99,1,18,1,4.0,99.0,9999.0,1,2010,-1.0,-1,-1,1,,99,6,,,
4479,23,7,5,20,17,2,99,9,999,9,3.0,99.0,9999.0,1,2010,-1.0,-1,-1,9,,99,6,,,
4480,30,10,6,20,1,2,99,1,999,9,4.0,5.0,9999.0,1,2010,-1.0,-1,-1,9,,99,6,,,
4481,30,10,6,20,1,2,99,9,999,9,1.0,1.0,9999.0,1,2010,-1.0,-1,-1,9,,99,6,,,
4482,18,4,7,20,1,1,5,9,999,9,9.0,99.0,9999.0,1,2010,-1.0,-1,-1,9,,99,6,,,
4483,18,4,7,20,1,1,5,9,999,9,3.0,99.0,9999.0,1,2010,-1.0,-1,-1,9,,99,6,,,
4484,24,7,6,20,20,2,99,1,40,1,2.0,7.0,1982.0,1,2010,-1.0,-1,-1,1,,99,6,,,
4485,24,7,6,20,20,2,99,9,999,9,1.0,10.0,9999.0,1,2010,-1.0,-1,-1,9,,99,6,,,
4486,24,12,5,20,21,2,99,1,57,1,1.0,9.0,2000.0,1,2010,-1.0,-1,-1,1,,99,6,,,
4487,24,12,5,20,21,2,99,2,22,1,4.0,1.0,2004.0,1,2010,-1.0,-1,-1,1,,99,6,,,
4488,24,7,6,20,3,2,99,1,39,1,5.0,2.0,1992.0,1,2010,-1.0,-1,-1,1,,99,6,,,
4489,24,7,6,20,3,2,99,1,60,1,1.0,2.0,1994.0,1,2010,-1.0,-1,-1,1,,99,6,,,
4490,24,8,2,20,1,1,4,1,21,1,3.0,2.0,9999.0,1,2010,-1.0,-1,-1,1,,99,6,,,
4491,24,8,2,20,1,1,4,9,999,9,99.0,6.0,9999.0,1,2010,-1.0,-1,-1,9,,99,6,,,
4492,24,3,3,20,16,2,99,9,999,9,5.0,99.0,9999.0,1,2010,-1.0,-1,-1,9,,99,6,,,
4493,25,7,7,20,22,2,99,9,999,9,1.0,99.0,9999.0,1,2010,-1.0,-1,-1,9,,99,6,,,
4494,25,7,7,20,22,2,99,1,22,1,4.0,99.0,9999.0,1,2010,-1.0,-1,-1,1,,99,6,,,
4495,29,11,1,20,17,2,99,9,999,9,1.0,99.0,9999.0,1,2010,-1.0,-1,-1,9,,99,6,,,
4496,29,11,1,20,17,2,99,1,21,1,4.0,99.0,9999.0,1,2010,-1.0,-1,-1,1,,99,6,,,
4497,29,11,1,20,17,2,99,9,999,9,1.0,99.0,9999.0,1,2010,-1.0,-1,-1,9,,99,6,,,
4498,24,3,3,20,3,2,99,9,999,9,6.0,99.0,9999.0,1,2010,-1.0,-1,-1,9,,99,6,,,
4499,19,4,1,20,5,2,99,1,24,1,1.0,99.0,9999.0,1,2010,-1.0,-1,-1,1,,99,6,,,
4500,19,4,1,20,5,2,99,1,31,2,1.0,99.0,9999.0,1,2010,-1.0,-1,-1,1,,99,6,,,
4501,27,9,1,20,4,1,18,1,38,2,3.0,3.0,1986.0,1,2010,-1.0,-1,-1,1,,99,6,,,
4502,27,9,1,20,4,1,18,9,999,9,3.0,5.0,9999.0,1,2010,-1.0,-1,-1,9,,99,6,,,
4503,25,7,7,20,11,1,4,1,55,2,3.0,4.0,9999.0,1,2010,-1.0,-1,-1,1,,99,6,,,
4504,25,7,7,20,11,1,4,1,50,1,2.0,99.0,9999.0,1,2010,-1.0,-1,-1,1,,99,6,,,
4505,30,5,7,20,1,1,3,1,46,1,11.0,2.0,2009.0,1,2010,-1.0,-1,-1,1,,99,6,,,
4506,30,5,7,20,1,1,3,1,29,1,4.0,5.0,9999.0,1,2010,-1.0,-1,-1,1,,99,6,,,
4507,26,8,4,20,19,2,99,9,999,9,2.0,99.0,9999.0,1,2010,-1.0,-1,-1,9,,99,6,,,
4508,26,8,4,20,19,2,99,1,22,2,14.0,99.0,9999.0,1,2010,-1.0,-1,-1,1,,99,6,,,
4509,25,3,4,20,1,2,99,1,25,1,1.0,1.0,1991.0,1,2010,-1.0,-1,-1,1,,99,6,,,
4510,25,3,4,20,1,2,99,1,999,1,2.0,2.0,1994.0,1,2010,-1.0,-1,-1,9,,99,6,,,
4511,30,5,7,20,11,2,99,9,999,9,2.0,4.0,9999.0,1,2010,-1.0,-1,-1,9,,99,6,,,
4512,30,5,7,20,11,2,99,9,999,9,6.0,1.0,9999.0,1,2010,-1.0,-1,-1,9,,99,6,,,
4513,30,5,7,20,17,2,99,1,37,2,3.0,10.0,1986.0,1,2010,-1.0,-1,-1,1,,99,6,,,
4514,30,5,7,20,17,2,99,1,999,1,3.0,1.0,9999.0,1,2010,-1.0,-1,-1,9,,99,6,,,
4515,28,8,6,20,8,2,99,1,39,1,3.0,9.0,1988.0,1,2010,-1.0,-1,-1,1,,99,6,,,
4516,28,8,6,20,8,2,99,1,30,1,3.0,6.0,1994.0,1,2010,-1.0,-1,-1,1,,99,6,,,
4517,27,7,2,20,5,2,99,1,40,9,2.0,99.0,1996.0,1,2010,-1.0,-1,-1,1,,99,6,,,
4518,27,7,2,20,5,2,99,1,38,9,3.0,1.0,9999.0,1,2010,-1.0,-1,-1,1,,99,6,,,
4519,22,4,4,20,4,2,99,1,36,1,3.0,1.0,1991.0,1,2010,-1.0,-1,-1,1,,99,6,,,
4520,22,4,4,20,4,2,99,9,999,9,3.0,3.0,9999.0,1,2010,-1.0,-1,-1,9,,99,6,,,
4521,24,4,6,20,1,1,17,1,18,1,4.0,1.0,9999.0,1,2010,-1.0,-1,-1,1,,99,6,,,
4522,24,4,6,20,1,1,17,1,57,1,1.0,6.0,9999.0,1,2010,-1.0,-1,-1,1,,99,6,,,
4523,29,7,4,20,1,1,21,2,31,1,1.0,1.0,9999.0,1,2010,-1.0,-1,-1,1,,99,6,,,
4524,29,7,4,20,1,1,21,1,37,2,1.0,1.0,1982.0,1,2010,-1.0,-1,-1,1,,99,6,,,
4525,30,8,1,20,4,2,99,1,34,1,3.0,4.0,9999.0,1,2010,-1.0,-1,-1,1,,99,6,,,
4526,31,12,5,20,1,1,1,1,25,9,4.0,3.0,2005.0,1,2010,-1.0,-1,-1,1,,99,6,,,
4527,31,12,5,20,1,1,1,1,20,9,7.0,1.0,9999.0,1,2010,-1.0,-1,-1,1,,99,6,,,
4528,28,3,7,20,2,2,99,1,34,1,9.0,6.0,1976.0,1,2010,-1.0,-1,-1,1,,99,6,,,
4529,28,3,7,20,2,2,99,2,37,1,1.0,6.0,2000.0,1,2010,-1.0,-1,-1,1,,99,6,,,
4530,29,3,1,20,11,2,99,1,32,1,4.0,2.0,9999.0,1,2010,-1.0,-1,-1,1,,99,6,,,
4531,29,3,1,20,11,2,99,9,999,9,3.0,2.0,9999.0,1,2010,-1.0,-1,-1,9,,99,6,,,
4532,26,4,1,20,6,2,99,1,41,1,3.0,4.0,2008.0,1,2010,-1.0,-1,-1,1,,99,6,,,
4533,31,12,5,20,18,2,99,1,45,1,2.0,99.0,9999.0,1,2010,-1.0,-1,-1,1,,99,6,,,
4534,31,12,5,20,18,2,99,1,22,2,4.0,99.0,9999.0,1,2010,-1.0,-1,-1,1,,99,6,,,
4535,30,7,5,20,5,2,99,1,32,2,12.0,1.0,9999.0,1,2010,-1.0,-1,-1,1,,99,6,,,
4536,30,7,5,20,5,2,99,1,32,1,2.0,1.0,9999.0,1,2010,-1.0,-1,-1,1,,99,6,,,
4537,30,7,5,20,9,1,2,2,26,1,4.0,6.0,2006.0,1,2010,-1.0,-1,-1,1,,99,6,,,
4538,30,7,5,20,9,1,2,1,38,2,3.0,11.0,9999.0,1,2010,-1.0,-1,-1,1,,99,6,,,
4539,31,12,5,20,13,2,99,9,999,9,4.0,99.0,9999.0,1,2010,-1.0,-1,-1,9,,99,6,,,
4540,31,12,5,20,13,2,99,1,18,9,4.0,99.0,9999.0,1,2010,-1.0,-1,-1,1,,99,6,,,
4541,30,3,2,20,16,1,99,1,999,1,9.0,3.0,2007.0,1,2010,-1.0,-1,-1,9,,99,6,,,
4542,30,3,2,20,16,1,99,1,30,2,3.0,1.0,2007.0,1,2010,-1.0,-1,-1,1,,99,6,,,
4543,30,7,5,20,17,2,99,9,999,9,14.0,1.0,9999.0,1,2010,-1.0,-1,-1,9,,99,6,,,
4544,30,7,5,20,17,2,99,1,21,9,14.0,1.0,9999.0,1,2010,-1.0,-1,-1,1,,99,6,,,
4545,2,6,3,20,22,2,99,1,24,2,1.0,2.0,1995.0,2,2010,-1.0,-1,-1,1,,99,6,,,
4546,3,7,6,20,1,1,12,1,53,1,3.0,2.0,9999.0,2,2010,-1.0,-1,-1,1,,99,6,,,
4547,1,11,1,20,17,1,99,1,28,2,3.0,5.0,1998.0,2,2010,-1.0,-1,-1,1,,99,6,,,
4548,3,10,7,20,9,2,99,9,999,9,2.0,11.0,1999.0,2,2010,-1.0,-1,-1,9,,99,6,,,
4549,2,11,2,20,1,1,12,1,18,2,4.0,3.0,2009.0,2,2010,-1.0,-1,-1,1,,99,6,,,
4550,7,2,7,20,5,2,99,1,23,9,4.0,1.0,9999.0,2,2010,-1.0,-1,-1,1,,99,6,,,
4551,2,4,5,20,10,2,99,9,999,9,14.0,99.0,9999.0,3,2010,-1.0,-1,-1,9,,99,6,,,
4552,5,6,6,20,1,2,99,1,41,2,3.0,1.0,1988.0,3,2010,-1.0,-1,-1,1,,99,6,,,
4553,5,11,5,20,1,1,21,1,28,2,1.0,2.0,1996.0,2,2010,-1.0,-1,-1,1,,99,6,,,
4554,8,10,5,20,1,1,7,1,15,9,14.0,9.0,2008.0,3,2010,-1.0,-1,-1,2,,99,6,,,
4555,8,6,2,20,6,2,99,1,27,1,3.0,5.0,9999.0,2,2010,-1.0,-1,-1,1,,99,6,,,
4556,10,1,7,20,21,2,99,1,20,1,3.0,4.0,1989.0,2,2010,-1.0,-1,-1,1,,99,6,,,
4557,3,4,6,20,11,2,99,1,47,2,3.0,99.0,9999.0,4,2010,-1.0,-1,-1,1,,99,6,,,
4558,7,11,7,20,1,2,99,1,999,9,3.0,5.0,9999.0,2,2010,-1.0,-1,-1,9,,99,6,,,
4559,5,5,3,20,16,2,99,1,25,1,5.0,2.0,2000.0,2,2010,-1.0,-1,-1,1,,99,6,,,
4560,4,4,7,20,1,1,18,1,35,9,2.0,2.0,1989.0,2,2010,-1.0,-1,-1,1,,99,6,,,
4561,6,5,4,20,4,2,99,1,31,2,1.0,4.0,9999.0,2,2010,-1.0,-1,-1,1,,99,6,,,
4562,8,8,7,20,17,2,99,9,999,9,3.0,99.0,9999.0,4,2010,-1.0,-1,-1,9,,99,6,,,
4563,13,9,1,20,19,2,99,1,29,2,4.0,1.0,2007.0,2,2010,-1.0,-1,-1,1,,99,6,,,
4564,13,12,1,20,17,2,99,1,5,9,4.0,99.0,9999.0,1,2010,-1.0,-1,-1,2,,99,6,,,
4565,15,12,3,20,6,2,99,9,999,9,3.0,3.0,9999.0,2,2010,-1.0,-1,-1,9,,99,6,,,
4566,23,1,6,20,21,2,99,1,30,2,3.0,99.0,9999.0,3,2010,-1.0,-1,-1,1,,99,6,,,
4567,16,8,1,20,17,2,99,2,33,1,4.0,99.0,9999.0,4,2010,-1.0,-1,-1,1,,99,6,,,
4568,17,9,5,20,16,1,9,1,52,1,3.0,1.0,1985.0,2,2010,-1.0,-1,-1,1,,99,6,,,
4569,24,1,7,20,1,1,9,1,29,9,4.0,2.0,2008.0,4,2010,-1.0,-1,-1,1,,99,6,,,
4570,18,8,3,20,18,2,99,2,20,1,4.0,99.0,9999.0,2,2010,-1.0,-1,-1,1,,99,6,,,
4571,18,9,6,20,17,2,99,9,999,9,3.0,5.0,9999.0,1,2010,-1.0,-1,-1,9,,99,6,,,
4572,18,9,6,20,17,2,99,1,22,1,4.0,99.0,9999.0,1,2010,-1.0,-1,-1,1,,99,6,,,
4573,26,6,6,20,5,1,3,1,26,2,1.0,99.0,1998.0,2,2010,-1.0,-1,-1,1,,99,6,,,
4574,25,10,1,20,21,2,99,1,60,2,3.0,3.0,9999.0,2,2010,-1.0,-1,-1,1,,99,6,,,
4575,25,10,1,20,3,2,99,1,60,2,1.0,99.0,9999.0,2,2010,-1.0,-1,-1,1,,99,6,,,
4576,20,9,1,20,1,1,99,9,999,9,6.0,2.0,9999.0,3,2010,-1.0,-1,-1,9,,99,6,,,
4577,29,1,5,20,1,1,18,1,22,9,3.0,8.0,9999.0,4,2010,-1.0,-1,-1,1,,99,6,,,
4578,20,3,6,20,18,2,99,1,22,1,4.0,1.0,9999.0,2,2010,-1.0,-1,-1,1,,99,6,,,
4579,28,10,4,20,17,2,99,1,24,9,4.0,99.0,9999.0,2,2010,-1.0,-1,-1,1,,99,6,,,
4580,30,1,6,20,11,2,99,1,20,2,3.0,4.0,9999.0,3,2010,-1.0,-1,-1,1,,99,6,,,
4581,22,8,7,20,17,2,99,1,15,9,4.0,99.0,9999.0,4,2010,-1.0,-1,-1,2,,99,6,,,
4582,29,5,6,20,21,2,99,1,45,1,9.0,2.0,9999.0,2,2010,-1.0,-1,-1,1,,99,6,,,
4583,26,12,7,20,5,2,99,1,39,1,3.0,99.0,9999.0,2,2010,-1.0,-1,-1,1,,99,6,,,
4584,30,9,4,20,13,1,1,1,18,9,1.0,2.0,1992.0,3,2010,-1.0,-1,-1,1,,99,6,,,
4585,30,7,5,20,1,2,99,1,36,1,6.0,2.0,1989.0,1,2010,-1.0,-1,-1,1,,99,6,,,
4586,30,7,5,20,1,2,99,1,23,1,2.0,6.0,1999.0,1,2010,-1.0,-1,-1,1,,99,6,,,
4587,1,1,5,21,1,2,99,1,67,9,1.0,1.0,1990.0,1,2010,-1.0,-1,-1,1,,99,6,,,
4588,1,1,5,21,1,2,99,9,999,9,1.0,3.0,9999.0,1,2010,-1.0,-1,-1,9,,99,6,,,
4589,1,4,4,21,1,1,12,1,39,1,1.0,6.0,1994.0,1,2010,-1.0,-1,-1,1,,99,6,,,
4590,1,4,4,21,1,1,12,1,39,1,1.0,9.0,1997.0,1,2010,-1.0,-1,-1,1,,99,6,,,
4591,2,3,2,21,1,1,1,1,27,9,1.0,8.0,1993.0,1,2010,-1.0,-1,-1,1,,99,6,,,
4592,2,3,2,21,1,1,1,1,28,9,1.0,1.0,1998.0,1,2010,-1.0,-1,-1,1,,99,6,,,
4593,1,5,6,21,1,1,5,1,24,2,10.0,2.0,9999.0,1,2010,-1.0,-1,-1,1,,99,6,,,
4594,1,5,6,21,1,1,5,9,999,9,1.0,8.0,9999.0,1,2010,-1.0,-1,-1,9,,99,6,,,
4595,2,6,3,21,1,1,6,1,49,2,7.0,7.0,9999.0,1,2010,-1.0,-1,-1,1,,99,6,,,
4596,2,6,3,21,1,1,6,1,50,1,1.0,6.0,9999.0,1,2010,-1.0,-1,-1,1,,99,6,,,
4597,1,7,4,21,17,2,99,9,999,9,12.0,1.0,1984.0,1,2010,-1.0,-1,-1,9,,99,6,,,
4598,1,7,4,21,17,2,99,1,55,1,3.0,4.0,9999.0,1,2010,-1.0,-1,-1,1,,99,6,,,
4599,3,9,5,21,1,1,15,1,38,1,1.0,2.0,9999.0,1,2010,-1.0,-1,-1,1,,99,6,,,
4600,3,9,5,21,1,1,15,1,25,2,1.0,8.0,9999.0,1,2010,-1.0,-1,-1,1,,99,6,,,
4601,1,4,4,21,9,2,99,9,999,9,3.0,99.0,9999.0,1,2010,-1.0,-1,-1,9,,99,6,,,
4602,2,8,1,21,9,2,99,2,53,1,1.0,2.0,1975.0,1,2010,-1.0,-1,-1,1,,99,6,,,
4603,2,8,1,21,9,2,99,1,30,2,1.0,6.0,1975.0,1,2010,-1.0,-1,-1,1,,99,6,,,
4604,3,9,5,21,12,2,99,9,999,9,1.0,11.0,9999.0,1,2010,-1.0,-1,-1,9,,99,6,,,
4605,3,9,5,21,12,2,99,9,999,9,5.0,99.0,9999.0,1,2010,-1.0,-1,-1,9,,99,6,,,
4606,2,8,1,21,3,2,99,2,40,1,1.0,2.0,1996.0,1,2010,-1.0,-1,-1,1,,99,6,,,
4607,2,8,1,21,3,2,99,1,37,1,6.0,16.0,1998.0,1,2010,-1.0,-1,-1,1,,99,6,,,
4608,6,2,6,21,5,2,99,1,34,9,3.0,2.0,1987.0,1,2010,-1.0,-1,-1,1,,99,6,,,
4609,6,2,6,21,5,2,99,1,32,9,1.0,3.0,9999.0,1,2010,-1.0,-1,-1,1,,99,6,,,
4610,4,9,6,21,1,2,99,1,31,1,3.0,2.0,9999.0,1,2010,-1.0,-1,-1,1,,99,6,,,
4611,4,9,6,21,1,2,99,1,35,2,3.0,99.0,9999.0,1,2010,-1.0,-1,-1,1,,99,6,,,
4612,5,10,2,21,9,2,99,1,32,9,2.0,1.0,1984.0,1,2010,-1.0,-1,-1,1,,99,6,,,
4613,5,10,2,21,9,2,99,1,49,9,1.0,3.0,1995.0,1,2010,-1.0,-1,-1,1,,99,6,,,
4614,6,10,3,21,1,1,3,1,27,1,1.0,11.0,1996.0,1,2010,-1.0,-1,-1,1,,99,6,,,
4615,6,10,3,21,1,1,3,1,24,1,2.0,2.0,2008.0,1,2010,-1.0,-1,-1,1,,99,6,,,
4616,8,2,1,21,5,2,99,1,35,2,1.0,5.0,1998.0,1,2010,-1.0,-1,-1,1,,99,6,,,
4617,8,2,1,21,5,2,99,1,35,1,1.0,10.0,2001.0,1,2010,-1.0,-1,-1,1,,99,6,,,
4618,5,3,5,21,1,1,3,1,44,9,2.0,4.0,1998.0,1,2010,-1.0,-1,-1,1,,99,6,,,
4619,5,3,5,21,1,1,3,1,999,9,4.0,7.0,9999.0,1,2010,-1.0,-1,-1,9,,99,6,,,
4620,4,8,3,21,12,1,3,1,27,1,1.0,2.0,1990.0,1,2010,-1.0,-1,-1,1,,99,6,,,
4621,4,8,3,21,12,1,3,1,19,1,1.0,2.0,1995.0,1,2010,-1.0,-1,-1,1,,99,6,,,
4622,5,7,1,21,16,2,99,1,30,2,3.0,99.0,1990.0,1,2010,-1.0,-1,-1,1,,99,6,,,
4623,5,7,1,21,16,2,99,1,34,1,9.0,2.0,2007.0,1,2010,-1.0,-1,-1,1,,99,6,,,
4624,5,9,7,21,1,2,99,1,45,1,7.0,2.0,9999.0,1,2010,-1.0,-1,-1,1,,99,6,,,
4625,5,9,7,21,1,2,99,1,26,1,4.0,5.0,9999.0,1,2010,-1.0,-1,-1,1,,99,6,,,
4626,7,1,4,21,13,1,11,1,60,1,3.0,2.0,1990.0,1,2010,-1.0,-1,-1,1,,99,6,,,
4627,7,1,4,21,13,1,11,1,999,1,3.0,5.0,9999.0,1,2010,-1.0,-1,-1,9,,99,6,,,
4628,5,9,7,21,9,1,1,1,25,2,1.0,9.0,1989.0,1,2010,-1.0,-1,-1,1,,99,6,,,
4629,5,9,7,21,9,1,1,9,999,9,1.0,6.0,9999.0,1,2010,-1.0,-1,-1,9,,99,6,,,
4630,5,12,7,21,9,2,99,1,28,9,1.0,2.0,2001.0,1,2010,-1.0,-1,-1,1,,99,6,,,
4631,5,12,7,21,9,2,99,1,29,2,3.0,9.0,9999.0,1,2010,-1.0,-1,-1,1,,99,6,,,
4632,11,2,4,21,20,1,99,1,25,9,3.0,3.0,1992.0,1,2010,-1.0,-1,-1,1,,99,6,,,
4633,11,2,4,21,20,1,99,1,27,9,4.0,1.0,2006.0,1,2010,-1.0,-1,-1,1,,99,6,,,
4634,3,4,6,21,6,2,99,2,17,1,4.0,99.0,9999.0,1,2010,-1.0,-1,-1,2,,99,6,,,
4635,3,4,6,21,6,2,99,9,999,9,3.0,99.0,9999.0,1,2010,-1.0,-1,-1,9,,99,6,,,
4636,6,8,5,21,1,2,99,1,24,1,3.0,2.0,9999.0,1,2010,-1.0,-1,-1,1,,99,6,,,
4637,6,8,5,21,1,2,99,1,32,1,5.0,5.0,9999.0,1,2010,-1.0,-1,-1,1,,99,6,,,
4638,6,8,5,21,20,2,99,1,26,2,3.0,4.0,2008.0,1,2010,-1.0,-1,-1,1,,99,6,,,
4639,6,11,6,21,1,1,24,1,29,9,1.0,1.0,9999.0,1,2010,-1.0,-1,-1,1,,99,6,,,
4640,6,11,6,21,1,1,24,1,21,9,14.0,1.0,9999.0,1,2010,-1.0,-1,-1,1,,99,6,,,
4641,5,5,3,21,5,2,99,1,53,1,6.0,99.0,9999.0,1,2010,-1.0,-1,-1,1,,99,6,,,
4642,8,7,4,21,1,1,7,1,34,1,1.0,1.0,2007.0,1,2010,-1.0,-1,-1,1,,99,6,,,
4643,8,7,4,21,1,1,7,1,40,1,3.0,1.0,9999.0,1,2010,-1.0,-1,-1,1,,99,6,,,
4644,12,2,5,21,6,2,99,1,35,9,1.0,4.0,1988.0,1,2010,-1.0,-1,-1,1,,99,6,,,
4645,12,2,5,21,6,2,99,1,28,2,1.0,3.0,9999.0,1,2010,-1.0,-1,-1,1,,99,6,,,
4646,3,4,6,21,3,2,99,9,999,9,1.0,5.0,9999.0,1,2010,-1.0,-1,-1,9,,99,6,,,
4647,3,4,6,21,3,2,99,2,21,1,3.0,5.0,9999.0,1,2010,-1.0,-1,-1,1,,99,6,,,
4648,10,6,4,21,2,2,99,1,32,1,1.0,6.0,1993.0,1,2010,-1.0,-1,-1,1,,99,6,,,
4649,10,6,4,21,2,2,99,1,19,1,2.0,4.0,1996.0,1,2010,-1.0,-1,-1,1,,99,6,,,
4650,8,12,3,21,13,2,99,1,25,1,3.0,11.0,9999.0,1,2010,-1.0,-1,-1,1,,99,6,,,
4651,8,12,3,21,13,2,99,1,37,2,1.0,99.0,9999.0,1,2010,-1.0,-1,-1,1,,99,6,,,
4652,8,12,3,21,1,1,6,1,23,1,4.0,99.0,9999.0,1,2010,-1.0,-1,-1,1,,99,6,,,
4653,8,12,3,21,1,1,6,1,21,1,1.0,6.0,9999.0,1,2010,-1.0,-1,-1,1,,99,6,,,
4654,9,10,6,21,21,1,1,1,50,2,4.0,9.0,1987.0,1,2010,-1.0,-1,-1,1,,99,6,,,
4655,9,10,6,21,21,1,1,1,21,1,4.0,1.0,1998.0,1,2010,-1.0,-1,-1,1,,99,6,,,
4656,10,7,5,21,1,1,12,1,24,2,1.0,4.0,1998.0,1,2010,-1.0,-1,-1,1,,99,6,,,
4657,10,7,5,21,1,1,12,1,43,1,1.0,4.0,1998.0,1,2010,-1.0,-1,-1,1,,99,6,,,
4658,4,4,7,21,17,2,99,9,999,9,99.0,99.0,9999.0,1,2010,-1.0,-1,-1,9,,99,6,,,
4659,4,4,7,21,17,2,99,1,28,1,4.0,99.0,9999.0,1,2010,-1.0,-1,-1,1,,99,6,,,
4660,10,7,5,21,5,2,99,1,42,1,13.0,1.0,9999.0,1,2010,-1.0,-1,-1,1,,99,6,,,
4661,5,4,1,21,21,2,99,1,42,2,3.0,2.0,1991.0,1,2010,-1.0,-1,-1,1,,99,6,,,
4662,5,4,1,21,21,2,99,1,48,1,1.0,99.0,9999.0,1,2010,-1.0,-1,-1,1,,99,6,,,
4663,13,6,7,21,1,2,99,1,34,1,1.0,5.0,1987.0,1,2010,-1.0,-1,-1,1,,99,6,,,
4664,13,6,7,21,1,2,99,1,28,1,4.0,3.0,9999.0,1,2010,-1.0,-1,-1,1,,99,6,,,
4665,11,7,7,21,1,2,99,1,48,1,1.0,2.0,1998.0,1,2010,-1.0,-1,-1,1,,99,6,,,
4666,11,7,7,21,1,2,99,1,31,1,1.0,4.0,2001.0,1,2010,-1.0,-1,-1,1,,99,6,,,
4667,11,9,6,21,14,1,99,1,999,1,4.0,2.0,2007.0,1,2010,-1.0,-1,-1,9,,99,6,,,
4668,11,9,6,21,14,1,99,1,43,2,3.0,2.0,2007.0,1,2010,-1.0,-1,-1,1,,99,6,,,
4669,15,1,5,21,2,2,99,1,35,1,1.0,9.0,1994.0,1,2010,-1.0,-1,-1,1,,99,6,,,
4670,15,1,5,21,2,2,99,1,32,2,3.0,2.0,9999.0,1,2010,-1.0,-1,-1,1,,99,6,,,
4671,13,10,3,21,5,2,99,1,28,2,3.0,4.0,9999.0,1,2010,-1.0,-1,-1,1,,99,6,,,
4672,13,10,3,21,5,2,99,1,25,1,4.0,5.0,9999.0,1,2010,-1.0,-1,-1,1,,99,6,,,
4673,16,1,6,21,1,1,1,1,23,9,5.0,99.0,9999.0,1,2010,-1.0,-1,-1,1,,99,6,,,
4674,16,1,6,21,1,1,1,1,20,9,4.0,1.0,9999.0,1,2010,-1.0,-1,-1,1,,99,6,,,
4675,13,11,6,21,9,1,5,9,999,9,5.0,1.0,9999.0,1,2010,-1.0,-1,-1,9,,99,6,,,
4676,14,10,4,21,1,1,13,1,32,1,1.0,2.0,2002.0,1,2010,-1.0,-1,-1,1,,99,6,,,
4677,14,10,4,21,1,1,13,2,40,1,1.0,4.0,2005.0,1,2010,-1.0,-1,-1,1,,99,6,,,
4678,7,4,3,21,1,1,12,1,22,1,1.0,2.0,1997.0,1,2010,-1.0,-1,-1,1,,99,6,,,
4679,7,4,3,21,1,1,12,9,999,9,1.0,10.0,9999.0,1,2010,-1.0,-1,-1,9,,99,6,,,
4680,11,7,7,21,16,2,99,1,49,2,1.0,2.0,9999.0,1,2010,-1.0,-1,-1,1,,99,6,,,
4681,11,7,7,21,16,2,99,1,999,1,3.0,99.0,9999.0,1,2010,-1.0,-1,-1,9,,99,6,,,
4682,11,7,7,21,17,2,99,9,999,9,1.0,4.0,9999.0,1,2010,-1.0,-1,-1,9,,99,6,,,
4683,11,7,7,21,14,2,99,1,50,1,3.0,1.0,1986.0,1,2010,-1.0,-1,-1,1,,99,6,,,
4684,11,7,7,21,14,2,99,1,30,1,7.0,1.0,1995.0,1,2010,-1.0,-1,-1,1,,99,6,,,
4685,16,2,2,21,16,2,99,1,29,9,3.0,3.0,9999.0,1,2010,-1.0,-1,-1,1,,99,6,,,
4686,16,2,2,21,16,2,99,1,25,9,4.0,99.0,9999.0,1,2010,-1.0,-1,-1,1,,99,6,,,
4687,16,10,6,21,1,1,6,1,17,1,12.0,99.0,9999.0,1,2010,-1.0,-1,-1,2,,99,6,,,
4688,16,10,6,21,1,1,6,1,17,1,12.0,99.0,9999.0,1,2010,-1.0,-1,-1,2,,99,6,,,
4689,12,12,7,21,21,1,1,1,51,2,1.0,3.0,1998.0,1,2010,-1.0,-1,-1,1,,99,6,,,
4690,12,12,7,21,21,1,1,2,16,1,4.0,1.0,2008.0,1,2010,-1.0,-1,-1,2,,99,6,,,
4691,13,9,1,21,16,2,99,1,28,2,2.0,2.0,9999.0,1,2010,-1.0,-1,-1,1,,99,6,,,
4692,13,9,1,21,16,2,99,1,999,1,1.0,99.0,9999.0,1,2010,-1.0,-1,-1,9,,99,6,,,
4693,16,10,6,21,1,2,99,1,37,2,1.0,11.0,1986.0,1,2010,-1.0,-1,-1,1,,99,6,,,
4694,16,10,6,21,1,2,99,1,25,2,1.0,1.0,1986.0,1,2010,-1.0,-1,-1,1,,99,6,,,
4695,17,6,4,21,21,2,99,1,30,2,3.0,1.0,1990.0,1,2010,-1.0,-1,-1,1,,99,6,,,
4696,17,6,4,21,21,2,99,1,45,1,3.0,4.0,1995.0,1,2010,-1.0,-1,-1,1,,99,6,,,
4697,12,5,3,21,13,2,99,9,999,9,5.0,2.0,9999.0,1,2010,-1.0,-1,-1,9,,99,6,,,
4698,12,5,3,21,13,2,99,1,42,1,5.0,2.0,9999.0,1,2010,-1.0,-1,-1,1,,99,6,,,
4699,13,5,4,21,13,2,99,1,23,1,1.0,5.0,1997.0,1,2010,-1.0,-1,-1,1,,99,6,,,
4700,13,5,4,21,13,2,99,1,13,1,4.0,99.0,9999.0,1,2010,-1.0,-1,-1,2,,99,6,,,
4701,13,8,5,21,1,1,19,1,27,2,1.0,8.0,1995.0,1,2010,-1.0,-1,-1,1,,99,6,,,
4702,13,8,5,21,1,1,19,1,32,1,10.0,2.0,1997.0,1,2010,-1.0,-1,-1,1,,99,6,,,
4703,13,12,1,21,1,1,99,1,20,9,6.0,2.0,9999.0,1,2010,-1.0,-1,-1,1,,99,6,,,
4704,18,6,5,21,10,2,99,1,18,2,14.0,1.0,2004.0,1,2010,-1.0,-1,-1,1,,99,6,,,
4705,18,6,5,21,10,2,99,1,31,1,4.0,5.0,9999.0,1,2010,-1.0,-1,-1,1,,99,6,,,
4706,17,11,3,21,1,1,7,1,20,9,4.0,3.0,1986.0,1,2010,-1.0,-1,-1,1,,99,6,,,
4707,17,11,3,21,1,1,7,9,999,9,1.0,4.0,9999.0,1,2010,-1.0,-1,-1,9,,99,6,,,
4708,9,4,5,21,13,2,99,1,43,2,99.0,4.0,9999.0,1,2010,-1.0,-1,-1,1,,99,6,,,
4709,9,4,5,21,13,2,99,1,28,1,99.0,5.0,9999.0,1,2010,-1.0,-1,-1,1,,99,6,,,
4710,14,8,6,21,1,1,11,1,33,2,1.0,2.0,1987.0,1,2010,-1.0,-1,-1,1,,99,6,,,
4711,14,8,6,21,1,1,11,1,999,2,1.0,9.0,1987.0,1,2010,-1.0,-1,-1,9,,99,6,,,
4712,14,3,7,21,4,1,2,1,41,9,9.0,2.0,1987.0,1,2010,-1.0,-1,-1,1,,99,6,,,
4713,14,3,7,21,4,1,2,1,30,2,1.0,4.0,1987.0,1,2010,-1.0,-1,-1,1,,99,6,,,
4714,14,5,5,21,4,2,99,1,16,9,4.0,99.0,9999.0,1,2010,-1.0,-1,-1,2,,99,6,,,
4715,14,5,5,21,4,2,99,9,999,9,14.0,1.0,9999.0,1,2010,-1.0,-1,-1,9,,99,6,,,
4716,15,5,6,21,5,1,1,9,999,9,4.0,5.0,1978.0,1,2010,-1.0,-1,-1,9,,99,6,,,
4717,15,5,6,21,5,1,1,1,33,2,1.0,5.0,1989.0,1,2010,-1.0,-1,-1,1,,99,6,,,
4718,15,5,6,21,5,1,1,9,999,9,1.0,6.0,1993.0,1,2010,-1.0,-1,-1,9,,99,6,,,
4719,15,3,1,21,4,2,99,9,999,9,99.0,99.0,9999.0,1,2010,-1.0,-1,-1,9,,99,6,,,
4720,15,3,1,21,4,2,99,1,22,9,4.0,99.0,9999.0,1,2010,-1.0,-1,-1,1,,99,6,,,
4721,16,5,7,21,1,1,17,1,19,1,4.0,3.0,9999.0,1,2010,-1.0,-1,-1,1,,99,6,,,
4722,16,5,7,21,1,1,17,1,27,1,1.0,1.0,9999.0,1,2010,-1.0,-1,-1,1,,99,6,,,
4723,21,6,1,21,10,2,99,1,52,1,3.0,14.0,1990.0,1,2010,-1.0,-1,-1,1,,99,6,,,
4724,21,6,1,21,10,2,99,1,46,2,3.0,5.0,2000.0,1,2010,-1.0,-1,-1,1,,99,6,,,
4725,16,12,4,21,1,1,8,1,23,1,1.0,9.0,9999.0,1,2010,-1.0,-1,-1,1,,99,6,,,
4726,16,12,4,21,1,1,8,1,25,1,4.0,1.0,9999.0,1,2010,-1.0,-1,-1,1,,99,6,,,
4727,23,1,6,21,1,1,3,1,34,1,1.0,9.0,2001.0,1,2010,-1.0,-1,-1,1,,99,6,,,
4728,23,1,6,21,1,1,3,1,20,1,1.0,6.0,9999.0,1,2010,-1.0,-1,-1,1,,99,6,,,
4729,16,5,7,21,5,2,99,1,31,2,5.0,2.0,9999.0,1,2010,-1.0,-1,-1,1,,99,6,,,
4730,16,5,7,21,5,2,99,1,27,1,3.0,6.0,9999.0,1,2010,-1.0,-1,-1,1,,99,6,,,
4731,22,2,1,21,1,1,7,1,57,1,1.0,2.0,1999.0,1,2010,-1.0,-1,-1,1,,99,6,,,
4732,22,2,1,21,1,1,7,1,47,9,4.0,3.0,9999.0,1,2010,-1.0,-1,-1,1,,99,6,,,
4733,21,6,1,21,17,2,99,9,999,9,2.0,3.0,2003.0,1,2010,-1.0,-1,-1,9,,99,6,,,
4734,21,6,1,21,17,2,99,1,23,2,14.0,1.0,2010.0,1,2010,-1.0,-1,-1,1,,99,6,,,
4735,23,1,6,21,10,1,1,1,24,1,3.0,9.0,1985.0,1,2010,-1.0,-1,-1,1,,99,6,,,
4736,23,1,6,21,10,1,1,1,30,2,2.0,2.0,1997.0,1,2010,-1.0,-1,-1,1,,99,6,,,
4737,23,1,6,21,8,1,1,1,30,2,5.0,2.0,1988.0,1,2010,-1.0,-1,-1,1,,99,6,,,
4738,23,1,6,21,8,1,1,1,40,2,5.0,2.0,1988.0,1,2010,-1.0,-1,-1,1,,99,6,,,
4739,23,1,6,21,8,1,1,9,999,9,1.0,5.0,9999.0,1,2010,-1.0,-1,-1,9,,99,6,,,
4740,16,3,2,21,15,2,99,1,36,9,5.0,2.0,1994.0,1,2010,-1.0,-1,-1,1,,99,6,,,
4741,16,3,2,21,15,2,99,1,36,9,3.0,4.0,9999.0,1,2010,-1.0,-1,-1,1,,99,6,,,
4742,11,4,7,21,9,1,5,9,999,9,2.0,3.0,1976.0,1,2010,-1.0,-1,-1,9,,99,6,,,
4743,11,4,7,21,9,1,5,9,999,9,2.0,1.0,1994.0,1,2010,-1.0,-1,-1,9,,99,6,,,
4744,11,4,7,21,9,1,5,1,49,2,3.0,4.0,1996.0,1,2010,-1.0,-1,-1,1,,99,6,,,
4745,21,11,7,21,1,1,13,1,37,9,3.0,4.0,1991.0,1,2010,-1.0,-1,-1,1,,99,6,,,
4746,21,11,7,21,1,1,13,1,51,9,1.0,3.0,2001.0,1,2010,-1.0,-1,-1,1,,99,6,,,
4747,19,7,1,21,1,2,99,1,23,1,1.0,5.0,1997.0,1,2010,-1.0,-1,-1,1,,99,6,,,
4748,19,7,1,21,1,2,99,1,999,1,4.0,99.0,9999.0,1,2010,-1.0,-1,-1,9,,99,6,,,
4749,17,12,5,21,6,2,99,1,999,1,5.0,2.0,1989.0,1,2010,-1.0,-1,-1,9,,99,6,,,
4750,24,10,7,21,19,2,99,1,36,9,3.0,99.0,1987.0,1,2010,-1.0,-1,-1,1,,99,6,,,
4751,24,10,7,21,19,2,99,1,32,9,1.0,9.0,1991.0,1,2010,-1.0,-1,-1,1,,99,6,,,
4752,19,5,3,21,7,2,99,1,25,1,5.0,2.0,2010.0,1,2010,-1.0,-1,-1,1,,99,6,,,
4753,19,5,3,21,7,2,99,1,23,1,14.0,99.0,9999.0,1,2010,-1.0,-1,-1,1,,99,6,,,
4754,19,3,5,21,1,1,1,1,45,9,1.0,99.0,1998.0,1,2010,-1.0,-1,-1,1,,99,6,,,
4755,19,3,5,21,1,1,1,2,48,9,1.0,3.0,9999.0,1,2010,-1.0,-1,-1,1,,99,6,,,
4756,21,11,7,21,12,1,5,1,42,2,3.0,11.0,9999.0,1,2010,-1.0,-1,-1,1,,99,6,,,
4757,21,11,7,21,12,1,5,1,37,1,10.0,2.0,9999.0,1,2010,-1.0,-1,-1,1,,99,6,,,
4758,26,6,6,21,21,2,99,1,33,2,3.0,9.0,1994.0,1,2010,-1.0,-1,-1,1,,99,6,,,
4759,26,6,6,21,21,2,99,9,999,9,9.0,9.0,1995.0,1,2010,-1.0,-1,-1,9,,99,6,,,
4760,20,7,2,21,5,2,99,9,999,9,6.0,2.0,9999.0,1,2010,-1.0,-1,-1,9,,99,6,,,
4761,20,7,2,21,5,2,99,1,20,1,4.0,5.0,9999.0,1,2010,-1.0,-1,-1,1,,99,6,,,
4762,19,12,7,21,1,1,1,1,23,2,2.0,14.0,2004.0,1,2010,-1.0,-1,-1,1,,99,6,,,
4763,19,12,7,21,1,1,1,1,40,9,12.0,6.0,9999.0,1,2010,-1.0,-1,-1,1,,99,6,,,
4764,13,4,2,21,17,2,99,2,58,1,1.0,1.0,9999.0,1,2010,-1.0,-1,-1,1,,99,6,,,
4765,13,4,2,21,17,2,99,1,62,1,6.0,1.0,9999.0,1,2010,-1.0,-1,-1,1,,99,6,,,
4766,20,7,2,21,18,2,99,9,999,9,5.0,3.0,9999.0,1,2010,-1.0,-1,-1,9,,99,6,,,
4767,19,9,7,21,17,2,99,9,999,9,1.0,99.0,9999.0,1,2010,-1.0,-1,-1,9,,99,6,,,
4768,19,9,7,21,17,2,99,1,48,1,4.0,99.0,9999.0,1,2010,-1.0,-1,-1,1,,99,6,,,
4769,15,4,4,21,10,2,2,1,44,2,3.0,99.0,9999.0,1,2010,-1.0,-1,-1,1,,99,6,,,
4770,15,4,4,21,10,2,2,9,999,9,4.0,5.0,9999.0,1,2010,-1.0,-1,-1,9,,99,6,,,
4771,15,4,4,21,10,2,2,9,999,9,4.0,1.0,9999.0,1,2010,-1.0,-1,-1,9,,99,6,,,
4772,21,5,5,21,17,2,99,1,16,1,4.0,1.0,9999.0,1,2010,-1.0,-1,-1,2,,99,6,,,
4773,29,1,5,21,5,2,99,9,999,9,6.0,99.0,9999.0,1,2010,-1.0,-1,-1,9,,99,6,,,
4774,28,2,7,21,5,2,99,1,29,1,6.0,5.0,1998.0,1,2010,-1.0,-1,-1,1,,99,6,,,
4775,22,8,7,21,1,1,3,2,24,1,1.0,5.0,9999.0,1,2010,-1.0,-1,-1,1,,99,6,,,
4776,22,8,7,21,1,1,3,1,42,2,1.0,5.0,9999.0,1,2010,-1.0,-1,-1,1,,99,6,,,
4777,28,6,1,21,11,2,99,9,999,9,1.0,5.0,1989.0,1,2010,-1.0,-1,-1,9,,99,6,,,
4778,28,6,1,21,11,2,99,1,19,1,1.0,5.0,1989.0,1,2010,-1.0,-1,-1,1,,99,6,,,
4779,22,7,4,21,15,2,99,1,43,1,1.0,2.0,9999.0,1,2010,-1.0,-1,-1,1,,99,6,,,
4780,22,7,4,21,15,2,99,1,51,2,3.0,5.0,9999.0,1,2010,-1.0,-1,-1,1,,99,6,,,
4781,22,3,1,21,1,1,2,2,32,9,1.0,4.0,2006.0,1,2010,-1.0,-1,-1,1,,99,6,,,
4782,22,3,1,21,1,1,2,1,29,2,1.0,4.0,2010.0,1,2010,-1.0,-1,-1,1,,99,6,,,
4783,22,3,1,21,5,1,99,1,29,1,4.0,2.0,2009.0,1,2010,-1.0,-1,-1,1,,99,6,,,
4784,22,3,1,21,5,1,99,9,999,9,3.0,99.0,9999.0,1,2010,-1.0,-1,-1,9,,99,6,,,
4785,22,3,1,21,5,2,99,1,17,1,4.0,99.0,9999.0,1,2010,-1.0,-1,-1,2,,99,6,,,
4786,22,3,1,21,5,2,99,1,40,1,4.0,5.0,9999.0,1,2010,-1.0,-1,-1,1,,99,6,,,
4787,17,4,6,21,1,1,15,1,20,1,1.0,6.0,1991.0,1,2010,-1.0,-1,-1,1,,99,6,,,
4788,17,4,6,21,1,1,15,1,32,1,1.0,3.0,2002.0,1,2010,-1.0,-1,-1,1,,99,6,,,
4789,29,10,5,21,1,1,12,1,23,1,3.0,5.0,9999.0,1,2010,-1.0,-1,-1,1,,99,6,,,
4790,29,10,5,21,1,1,12,1,40,2,3.0,1.0,9999.0,1,2010,-1.0,-1,-1,1,,99,6,,,
4791,22,12,3,21,1,1,19,9,999,9,1.0,4.0,1998.0,1,2010,-1.0,-1,-1,9,,99,6,,,
4792,22,12,3,21,1,1,19,1,21,2,1.0,4.0,1998.0,1,2010,-1.0,-1,-1,1,,99,6,,,
4793,22,8,7,21,20,1,99,9,999,9,3.0,1.0,1984.0,1,2010,-1.0,-1,-1,9,,99,6,,,
4794,22,8,7,21,20,1,99,1,21,2,1.0,2.0,2001.0,1,2010,-1.0,-1,-1,1,,99,6,,,
4795,31,1,7,21,20,2,99,1,34,1,2.0,3.0,1999.0,1,2010,-1.0,-1,-1,1,,99,6,,,
4796,31,1,7,21,20,2,99,1,21,1,4.0,5.0,9999.0,1,2010,-1.0,-1,-1,1,,99,6,,,
4797,27,5,4,21,20,2,99,1,60,1,3.0,9.0,1996.0,1,2010,-1.0,-1,-1,1,,99,6,,,
4798,27,5,4,21,20,2,99,1,24,1,11.0,2.0,2003.0,1,2010,-1.0,-1,-1,1,,99,6,,,
4799,31,1,7,21,9,2,99,2,30,9,2.0,99.0,9999.0,1,2010,-1.0,-1,-1,1,,99,6,,,
4800,30,10,6,21,5,2,99,1,35,9,1.0,2.0,1999.0,1,2010,-1.0,-1,-1,1,,99,6,,,
4801,30,10,6,21,5,2,99,1,21,9,2.0,9.0,2001.0,1,2010,-1.0,-1,-1,1,,99,6,,,
4802,30,10,6,21,10,2,99,1,26,9,4.0,5.0,2008.0,1,2010,-1.0,-1,-1,1,,99,6,,,
4803,30,10,6,21,10,2,99,1,21,9,14.0,1.0,9999.0,1,2010,-1.0,-1,-1,1,,99,6,,,
4804,28,11,7,21,20,2,99,1,26,1,3.0,4.0,1993.0,1,2010,-1.0,-1,-1,1,,99,6,,,
4805,28,11,7,21,20,2,99,1,22,2,2.0,5.0,1999.0,1,2010,-1.0,-1,-1,1,,99,6,,,
4806,24,3,3,21,5,2,99,1,30,1,5.0,2.0,1994.0,1,2010,-1.0,-1,-1,1,,99,6,,,
4807,24,3,3,21,5,2,99,1,49,1,6.0,1.0,1998.0,1,2010,-1.0,-1,-1,1,,99,6,,,
4808,25,12,6,21,9,2,99,1,20,9,2.0,4.0,1987.0,1,2010,-1.0,-1,-1,1,,99,6,,,
4809,18,4,7,21,4,2,99,1,48,1,2.0,9.0,1986.0,1,2010,-1.0,-1,-1,1,,99,6,,,
4810,18,4,7,21,4,2,99,1,20,2,14.0,1.0,2004.0,1,2010,-1.0,-1,-1,1,,99,6,,,
4811,25,8,3,21,1,1,12,1,48,1,3.0,11.0,9999.0,1,2010,-1.0,-1,-1,1,,99,6,,,
4812,25,8,3,21,1,1,12,9,999,9,12.0,1.0,9999.0,1,2010,-1.0,-1,-1,9,,99,6,,,
4813,19,4,1,21,1,1,11,2,999,1,1.0,3.0,2000.0,1,2010,-1.0,-1,-1,9,,99,6,,,
4814,19,4,1,21,1,1,11,1,22,1,1.0,11.0,2008.0,1,2010,-1.0,-1,-1,1,,99,6,,,
4815,29,11,1,21,17,1,99,1,19,1,4.0,99.0,9999.0,1,2010,-1.0,-1,-1,1,,99,6,,,
4816,21,4,3,21,1,1,25,1,26,1,5.0,2.0,1992.0,1,2010,-1.0,-1,-1,1,,99,6,,,
4817,21,4,3,21,1,1,25,1,27,1,1.0,4.0,1996.0,1,2010,-1.0,-1,-1,1,,99,6,,,
4818,26,8,4,21,9,1,8,1,32,1,1.0,3.0,1997.0,1,2010,-1.0,-1,-1,1,,99,6,,,
4819,26,8,4,21,9,1,8,9,999,9,3.0,5.0,9999.0,1,2010,-1.0,-1,-1,9,,99,6,,,
4820,27,12,1,21,17,2,99,9,999,9,3.0,4.0,9999.0,1,2010,-1.0,-1,-1,9,,99,6,,,
4821,27,12,1,21,17,2,99,9,999,9,3.0,4.0,9999.0,1,2010,-1.0,-1,-1,9,,99,6,,,
4822,29,9,3,21,9,1,8,1,32,1,1.0,4.0,1999.0,1,2010,-1.0,-1,-1,1,,99,6,,,
4823,29,9,3,21,9,1,8,1,30,2,3.0,11.0,9999.0,1,2010,-1.0,-1,-1,1,,99,6,,,
4824,26,7,1,21,20,2,99,9,999,9,1.0,99.0,9999.0,1,2010,-1.0,-1,-1,9,,99,6,,,
4825,26,7,1,21,20,2,99,1,25,9,4.0,99.0,9999.0,1,2010,-1.0,-1,-1,1,,99,6,,,
4826,29,8,7,21,21,2,99,1,38,2,3.0,10.0,1998.0,1,2010,-1.0,-1,-1,1,,99,6,,,
4827,29,8,7,21,21,2,99,1,29,1,6.0,2.0,1999.0,1,2010,-1.0,-1,-1,1,,99,6,,,
4828,22,4,4,21,4,2,99,9,999,9,5.0,99.0,9999.0,1,2010,-1.0,-1,-1,9,,99,6,,,
4829,22,4,4,21,4,2,99,1,20,1,4.0,99.0,9999.0,1,2010,-1.0,-1,-1,1,,99,6,,,
4830,30,12,4,21,1,1,6,1,55,2,1.0,4.0,9999.0,1,2010,-1.0,-1,-1,1,,99,6,,,
4831,30,12,4,21,1,1,1,1,59,2,1.0,4.0,1987.0,2,2010,-1.0,-1,-1,1,,99,6,,,
4832,27,3,6,21,2,2,99,1,18,1,14.0,7.0,2009.0,1,2010,-1.0,-1,-1,1,,99,6,,,
4833,30,7,5,21,1,1,18,9,999,9,99.0,99.0,9999.0,1,2010,-1.0,-1,-1,9,,99,6,,,
4834,30,7,5,21,1,1,18,1,35,9,4.0,5.0,9999.0,1,2010,-1.0,-1,-1,1,,99,6,,,
4835,26,4,1,21,10,1,1,1,20,2,14.0,1.0,2005.0,1,2010,-1.0,-1,-1,1,,99,6,,,
4836,26,4,1,21,10,1,1,9,999,9,3.0,1.0,9999.0,1,2010,-1.0,-1,-1,9,,99,6,,,
4837,26,4,1,21,10,1,1,9,999,9,2.0,6.0,9999.0,1,2010,-1.0,-1,-1,9,,99,6,,,
4838,31,12,5,21,1,1,11,1,43,9,1.0,9.0,1991.0,1,2010,-1.0,-1,-1,1,,99,6,,,
4839,31,12,5,21,1,1,11,1,21,9,1.0,4.0,2002.0,1,2010,-1.0,-1,-1,1,,99,6,,,
4840,29,4,4,21,1,1,10,9,999,9,2.0,4.0,2009.0,1,2010,-1.0,-1,-1,9,,99,6,,,
4841,31,7,6,21,1,1,7,1,19,9,1.0,2.0,2000.0,1,2010,-1.0,-1,-1,1,,99,6,,,
4842,31,7,6,21,1,1,7,1,28,9,3.0,2.0,2000.0,1,2010,-1.0,-1,-1,1,,99,6,,,
4843,30,4,5,21,6,2,99,1,42,1,2.0,14.0,1992.0,1,2010,-1.0,-1,-1,1,,99,6,,,
4844,30,4,5,21,6,2,99,9,999,9,5.0,2.0,9999.0,1,2010,-1.0,-1,-1,9,,99,6,,,
4845,1,1,5,21,18,2,99,2,17,9,4.0,99.0,9999.0,4,2010,-1.0,-1,-1,2,,99,6,,,
4846,3,1,7,21,13,2,99,9,999,9,5.0,99.0,9999.0,2,2010,-1.0,-1,-1,9,,99,6,,,
4847,3,3,3,21,13,2,99,1,23,2,3.0,1.0,9999.0,2,2010,-1.0,-1,-1,1,,99,6,,,
4848,4,9,6,21,12,2,99,1,26,2,1.0,99.0,1998.0,2,2010,-1.0,-1,-1,1,,99,6,,,
4849,4,12,6,21,17,2,99,1,27,2,4.0,1.0,9999.0,3,2010,-1.0,-1,-1,1,,99,6,,,
4850,9,2,2,21,5,2,99,1,30,2,1.0,9.0,2000.0,1,2010,-1.0,-1,-1,1,,99,6,,,
4851,6,3,6,21,9,2,99,9,999,9,12.0,1.0,1991.0,3,2010,-1.0,-1,-1,9,,99,6,,,
4852,6,10,3,21,2,2,99,1,22,9,4.0,99.0,9999.0,3,2010,-1.0,-1,-1,1,,99,6,,,
4853,8,6,2,21,1,1,11,1,44,1,1.0,3.0,9999.0,2,2010,-1.0,-1,-1,1,,99,6,,,
4854,10,1,7,21,6,2,99,1,30,9,3.0,3.0,9999.0,2,2010,-1.0,-1,-1,1,,99,6,,,
4855,8,3,1,21,1,1,6,1,35,2,1.0,6.0,9999.0,1,2010,-1.0,-1,-1,1,,99,6,,,
4856,12,2,5,21,11,2,99,1,25,2,4.0,5.0,2010.0,2,2010,-1.0,-1,-1,1,,99,6,,,
4857,6,8,5,21,7,2,99,1,35,2,8.0,9.0,1992.0,2,2010,-1.0,-1,-1,1,,99,6,,,
4858,12,1,2,21,14,2,99,9,999,9,3.0,2.0,9999.0,3,2010,-1.0,-1,-1,9,,99,6,,,
4859,4,4,7,21,5,2,99,1,54,9,2.0,4.0,1995.0,2,2010,-1.0,-1,-1,1,,99,6,,,
4860,4,4,7,21,16,2,99,9,999,9,1.0,10.0,1980.0,2,2010,-1.0,-1,-1,9,,99,6,,,
4861,9,12,4,21,10,2,99,1,25,9,2.0,4.0,9999.0,2,2010,-1.0,-1,-1,1,,99,6,,,
4862,15,1,5,21,1,1,12,1,23,9,4.0,99.0,9999.0,4,2010,-1.0,-1,-1,1,,99,6,,,
4863,10,7,5,21,6,2,99,1,26,1,4.0,4.0,9999.0,4,2010,-1.0,-1,-1,1,,99,6,,,
4864,13,6,7,21,9,1,7,1,20,2,2.0,4.0,9999.0,2,2010,-1.0,-1,-1,1,,99,6,,,
4865,16,2,2,21,17,2,99,1,26,9,3.0,6.0,1994.0,3,2010,-1.0,-1,-1,1,,99,6,,,
4866,13,12,1,21,22,2,99,2,28,9,4.0,99.0,9999.0,2,2010,-1.0,-1,-1,1,,99,6,,,
4867,23,1,6,21,1,1,4,1,34,2,3.0,2.0,2006.0,3,2010,-1.0,-1,-1,1,,99,6,,,
4868,23,1,6,21,9,2,99,1,27,9,9.0,2.0,2007.0,3,2010,-1.0,-1,-1,1,,99,6,,,
4869,16,3,2,21,9,2,99,1,31,2,3.0,6.0,9999.0,2,2010,-1.0,-1,-1,1,,99,6,,,
4870,24,1,7,21,1,1,7,1,38,1,12.0,1.0,9999.0,2,2010,-1.0,-1,-1,1,,99,6,,,
4871,16,3,2,21,4,2,99,1,21,9,4.0,5.0,9999.0,1,2010,-1.0,-1,-1,1,,99,6,,,
4872,18,12,6,21,12,2,99,2,30,2,3.0,6.0,9999.0,2,2010,-1.0,-1,-1,1,,99,6,,,
4873,24,10,7,21,14,2,99,1,999,9,3.0,1.0,9999.0,4,2010,-1.0,-1,-1,9,,99,6,,,
4874,20,5,4,21,18,2,99,9,999,9,3.0,4.0,9999.0,2,2010,-1.0,-1,-1,9,,99,6,,,
4875,19,12,7,21,19,2,99,1,21,2,14.0,1.0,2006.0,3,2010,-1.0,-1,-1,1,,99,6,,,
4876,23,11,2,21,1,1,3,1,26,1,4.0,99.0,9999.0,1,2010,-1.0,-1,-1,1,,99,6,,,
4877,23,11,2,21,1,1,3,1,27,1,1.0,3.0,9999.0,1,2010,-1.0,-1,-1,1,,99,6,,,
4878,16,4,5,21,5,2,99,1,53,9,4.0,99.0,9999.0,4,2010,-1.0,-1,-1,1,,99,6,,,
4879,24,11,3,21,16,2,99,1,51,2,4.0,1.0,9999.0,2,2010,-1.0,-1,-1,1,,99,6,,,
4880,22,8,7,21,1,1,12,1,36,2,1.0,6.0,1994.0,2,2010,-1.0,-1,-1,1,,99,6,,,
4881,23,9,4,21,12,2,99,1,16,1,4.0,1.0,9999.0,4,2010,-1.0,-1,-1,2,,99,6,,,
4882,23,3,2,21,1,2,99,1,19,2,1.0,4.0,2002.0,2,2010,-1.0,-1,-1,1,,99,6,,,
4883,31,1,7,21,15,2,99,1,15,9,4.0,2.0,9999.0,4,2010,-1.0,-1,-1,2,,99,6,,,
4884,30,10,6,21,9,2,99,9,999,9,1.0,99.0,9999.0,1,2010,-1.0,-1,-1,9,,99,6,,,
4885,31,10,7,21,1,1,5,1,22,2,1.0,99.0,9999.0,2,2010,-1.0,-1,-1,1,,99,6,,,
4886,29,5,6,21,18,2,99,1,31,1,4.0,99.0,9999.0,4,2010,-1.0,-1,-1,1,,99,6,,,
4887,30,5,7,21,18,2,99,1,31,1,4.0,3.0,2008.0,4,2010,-1.0,-1,-1,1,,99,6,,,
4888,28,7,3,21,18,2,99,1,22,1,4.0,99.0,9999.0,2,2010,-1.0,-1,-1,1,,99,6,,,
4889,28,7,3,21,14,2,99,9,999,9,3.0,99.0,9999.0,4,2010,-1.0,-1,-1,9,,99,6,,,
4890,31,12,5,21,1,1,10,1,25,9,4.0,99.0,9999.0,2,2010,-1.0,-1,-1,1,,99,6,,,
4891,1,11,1,22,1,1,3,1,28,9,3.0,5.0,2005.0,1,2010,-1.0,-1,-1,1,,99,6,,,
4892,1,11,1,22,1,1,3,9,999,9,10.0,99.0,9999.0,1,2010,-1.0,-1,-1,9,,99,6,,,
4893,1,4,4,22,1,1,3,1,28,2,3.0,2.0,9999.0,2,2010,-1.0,-1,-1,1,,99,6,,,
4894,1,4,4,22,1,1,3,9,999,9,2.0,10.0,9999.0,2,2010,-1.0,-1,-1,9,,99,6,,,
4895,1,8,7,22,9,1,1,1,47,1,3.0,2.0,1994.0,1,2010,-1.0,-1,-1,1,,99,6,,,
4896,1,8,7,22,9,1,1,1,22,1,9.0,2.0,1997.0,1,2010,-1.0,-1,-1,1,,99,6,,,
4897,2,10,6,22,17,2,99,9,999,9,1.0,99.0,9999.0,1,2010,-1.0,-1,-1,9,,99,6,,,
4898,2,10,6,22,17,2,99,1,21,9,4.0,99.0,9999.0,1,2010,-1.0,-1,-1,1,,99,6,,,
4899,1,11,1,22,16,1,5,1,29,9,5.0,2.0,9999.0,1,2010,-1.0,-1,-1,1,,99,6,,,
4900,1,11,1,22,16,1,5,1,35,9,4.0,1.0,9999.0,1,2010,-1.0,-1,-1,1,,99,6,,,
4901,1,5,6,22,9,2,99,9,999,9,8.0,4.0,1995.0,1,2010,-1.0,-1,-1,9,,99,6,,,
4902,1,5,6,22,9,2,99,1,31,2,5.0,99.0,1997.0,1,2010,-1.0,-1,-1,1,,99,6,,,
4903,2,6,3,22,9,1,7,9,999,9,11.0,2.0,9999.0,1,2010,-1.0,-1,-1,9,,99,6,,,
4904,2,6,3,22,9,1,7,9,999,9,6.0,8.0,9999.0,1,2010,-1.0,-1,-1,9,,99,6,,,
4905,3,7,6,22,2,2,99,1,16,9,4.0,1.0,9999.0,1,2010,-1.0,-1,-1,2,,99,6,,,
4906,3,6,4,22,10,1,1,1,35,2,3.0,9.0,1990.0,1,2010,-1.0,-1,-1,1,,99,6,,,
4907,3,6,4,22,10,1,1,9,999,9,4.0,1.0,9999.0,1,2010,-1.0,-1,-1,9,,99,6,,,
4908,3,12,5,22,18,2,99,9,999,9,5.0,2.0,9999.0,1,2010,-1.0,-1,-1,9,,99,6,,,
4909,3,6,4,22,9,1,1,1,35,1,3.0,9.0,1997.0,1,2010,-1.0,-1,-1,1,,99,6,,,
4910,3,6,4,22,9,1,1,9,999,9,1.0,99.0,9999.0,1,2010,-1.0,-1,-1,9,,99,6,,,
4911,3,8,2,22,1,1,1,1,19,9,4.0,1.0,9999.0,1,2010,-1.0,-1,-1,1,,99,6,,,
4912,3,8,2,22,1,1,1,9,999,9,2.0,6.0,9999.0,1,2010,-1.0,-1,-1,9,,99,6,,,
4913,4,1,1,22,6,1,99,9,999,9,3.0,2.0,2005.0,1,2010,-1.0,-1,-1,9,,99,6,,,
4914,4,1,1,22,6,1,99,1,25,9,14.0,1.0,9999.0,1,2010,-1.0,-1,-1,1,,99,6,,,
4915,3,11,3,22,9,2,99,1,33,1,3.0,3.0,9999.0,1,2010,-1.0,-1,-1,1,,99,6,,,
4916,3,11,3,22,9,2,99,2,19,1,1.0,4.0,9999.0,1,2010,-1.0,-1,-1,1,,99,6,,,
4917,4,9,6,22,22,2,99,1,999,1,3.0,1.0,1987.0,1,2010,-1.0,-1,-1,9,,99,6,,,
4918,4,9,6,22,22,2,99,1,30,2,3.0,2.0,1996.0,1,2010,-1.0,-1,-1,1,,99,6,,,
4919,4,12,6,22,20,2,99,1,18,1,4.0,99.0,9999.0,1,2010,-1.0,-1,-1,1,,99,6,,,
4920,4,12,6,22,20,2,99,1,49,1,4.0,99.0,9999.0,1,2010,-1.0,-1,-1,1,,99,6,,,
4921,2,4,5,22,9,1,3,1,22,2,1.0,6.0,1994.0,1,2010,-1.0,-1,-1,1,,99,6,,,
4922,2,4,5,22,9,1,3,1,22,1,1.0,1.0,1996.0,1,2010,-1.0,-1,-1,1,,99,6,,,
4923,6,10,3,22,19,2,99,1,43,1,6.0,3.0,1986.0,1,2010,-1.0,-1,-1,1,,99,6,,,
4924,6,10,3,22,19,2,99,9,999,9,3.0,5.0,1986.0,1,2010,-1.0,-1,-1,9,,99,6,,,
4925,9,2,2,22,7,2,99,1,67,9,3.0,6.0,1996.0,1,2010,-1.0,-1,-1,1,,99,6,,,
4926,9,2,2,22,7,2,99,1,51,2,5.0,4.0,1998.0,1,2010,-1.0,-1,-1,1,,99,6,,,
4927,6,10,3,22,16,2,99,9,999,9,1.0,4.0,1985.0,1,2010,-1.0,-1,-1,9,,99,6,,,
4928,6,10,3,22,16,2,99,9,999,9,5.0,3.0,9999.0,1,2010,-1.0,-1,-1,9,,99,6,,,
4929,6,10,3,22,16,2,99,9,999,9,1.0,6.0,9999.0,1,2010,-1.0,-1,-1,9,,99,6,,,
4930,5,11,5,22,1,1,1,1,28,9,4.0,5.0,9999.0,1,2010,-1.0,-1,-1,1,,99,6,,,
4931,5,11,5,22,1,1,1,1,21,9,1.0,1.0,9999.0,1,2010,-1.0,-1,-1,1,,99,6,,,
4932,6,7,2,22,5,2,99,1,39,1,5.0,2.0,1996.0,1,2010,-1.0,-1,-1,1,,99,6,,,
4933,6,7,2,22,5,2,99,1,58,1,3.0,5.0,2009.0,1,2010,-1.0,-1,-1,1,,99,6,,,
4934,5,8,4,22,14,2,99,9,999,9,9.0,9.0,9999.0,1,2010,-1.0,-1,-1,9,,99,6,,,
4935,5,8,4,22,14,2,99,1,36,2,4.0,1.0,9999.0,1,2010,-1.0,-1,-1,1,,99,6,,,
4936,5,12,7,22,2,2,99,9,999,9,6.0,99.0,9999.0,1,2010,-1.0,-1,-1,9,,99,6,,,
4937,7,3,7,22,6,2,99,9,999,9,1.0,2.0,1993.0,1,2010,-1.0,-1,-1,9,,99,6,,,
4938,7,3,7,22,6,2,99,1,23,9,1.0,8.0,9999.0,1,2010,-1.0,-1,-1,1,,99,6,,,
4939,11,2,4,22,17,1,99,1,14,9,4.0,99.0,9999.0,1,2010,-1.0,-1,-1,2,,99,6,,,
4940,11,2,4,22,17,1,99,1,49,1,14.0,1.0,9999.0,1,2010,-1.0,-1,-1,1,,99,6,,,
4941,6,9,1,22,10,2,99,1,18,2,14.0,1.0,2008.0,1,2010,-1.0,-1,-1,1,,99,6,,,
4942,6,9,1,22,10,2,99,1,18,2,14.0,1.0,2009.0,1,2010,-1.0,-1,-1,1,,99,6,,,
4943,6,12,1,22,1,1,1,1,36,1,1.0,2.0,2000.0,1,2010,-1.0,-1,-1,1,,99,6,,,
4944,6,12,1,22,1,1,1,1,25,1,4.0,1.0,2001.0,1,2010,-1.0,-1,-1,1,,99,6,,,
4945,8,10,5,22,16,1,99,1,33,2,3.0,1.0,1991.0,1,2010,-1.0,-1,-1,1,,99,6,,,
4946,8,10,5,22,16,1,99,9,999,9,2.0,7.0,9999.0,1,2010,-1.0,-1,-1,9,,99,6,,,
4947,7,11,7,22,6,1,99,1,32,9,2.0,2.0,9999.0,1,2010,-1.0,-1,-1,1,,99,6,,,
4948,7,11,7,22,6,1,99,1,34,9,3.0,99.0,9999.0,1,2010,-1.0,-1,-1,1,,99,6,,,
4949,7,11,7,22,10,1,99,1,24,9,3.0,2.0,9999.0,1,2010,-1.0,-1,-1,1,,99,6,,,
4950,7,11,7,22,10,1,99,1,24,9,4.0,5.0,9999.0,1,2010,-1.0,-1,-1,1,,99,6,,,
4951,9,7,5,22,5,2,99,1,35,1,5.0,2.0,1994.0,1,2010,-1.0,-1,-1,1,,99,6,,,
4952,9,7,5,22,5,2,99,1,25,2,1.0,5.0,1999.0,1,2010,-1.0,-1,-1,1,,99,6,,,
4953,9,7,5,22,5,2,99,1,19,1,4.0,5.0,2007.0,1,2010,-1.0,-1,-1,1,,99,6,,,
4954,9,7,5,22,5,2,99,9,999,9,99.0,99.0,9999.0,1,2010,-1.0,-1,-1,9,,99,6,,,
4955,5,5,3,22,17,2,99,9,999,9,4.0,99.0,9999.0,1,2010,-1.0,-1,-1,9,,99,6,,,
4956,5,5,3,22,17,2,99,1,22,1,4.0,99.0,9999.0,1,2010,-1.0,-1,-1,1,,99,6,,,
4957,7,8,6,22,1,1,5,1,29,2,1.0,99.0,2003.0,1,2010,-1.0,-1,-1,1,,99,6,,,
4958,7,8,6,22,1,1,5,9,999,9,1.0,5.0,2008.0,1,2010,-1.0,-1,-1,9,,99,6,,,
4959,8,9,3,22,10,1,99,1,15,9,4.0,1.0,9999.0,1,2010,-1.0,-1,-1,2,,99,6,,,
4960,8,9,3,22,10,1,99,9,999,9,2.0,6.0,9999.0,1,2010,-1.0,-1,-1,9,,99,6,,,
4961,13,2,6,22,1,1,16,1,47,9,2.0,2.0,1986.0,1,2010,-1.0,-1,-1,1,,99,6,,,
4962,13,2,6,22,1,1,16,1,30,9,1.0,5.0,2006.0,1,2010,-1.0,-1,-1,1,,99,6,,,
4963,13,1,3,22,5,2,99,1,18,9,1.0,9.0,9999.0,1,2010,-1.0,-1,-1,1,,99,6,,,
4964,13,1,3,22,5,2,99,1,69,9,3.0,9.0,9999.0,1,2010,-1.0,-1,-1,1,,99,6,,,
4965,13,2,6,22,12,2,99,9,999,9,99.0,99.0,9999.0,1,2010,-1.0,-1,-1,9,,99,6,,,
4966,9,12,4,22,17,2,99,1,28,9,3.0,3.0,2011.0,1,2010,-1.0,-1,-1,1,,99,6,,,
4967,9,12,4,22,17,2,99,1,16,9,4.0,3.0,9999.0,1,2010,-1.0,-1,-1,2,,99,6,,,
4968,12,6,6,22,1,2,99,1,40,1,3.0,2.0,9999.0,1,2010,-1.0,-1,-1,1,,99,6,,,
4969,12,6,6,22,1,2,99,1,24,1,4.0,99.0,9999.0,1,2010,-1.0,-1,-1,1,,99,6,,,
4970,11,10,1,22,1,1,2,1,27,1,9.0,7.0,1992.0,1,2010,-1.0,-1,-1,1,,99,6,,,
4971,11,10,1,22,1,1,2,1,24,1,4.0,5.0,9999.0,1,2010,-1.0,-1,-1,1,,99,6,,,
4972,10,3,3,22,17,1,99,9,999,9,5.0,8.0,1991.0,1,2010,-1.0,-1,-1,9,,99,6,,,
4973,10,3,3,22,17,1,99,1,48,9,3.0,10.0,9999.0,1,2010,-1.0,-1,-1,1,,99,6,,,
4974,10,12,5,22,1,1,1,1,35,2,4.0,3.0,9999.0,1,2010,-1.0,-1,-1,1,,99,6,,,
4975,10,12,5,22,1,1,1,1,21,1,3.0,6.0,9999.0,1,2010,-1.0,-1,-1,1,,99,6,,,
4976,8,8,7,22,9,1,1,1,32,2,1.0,2.0,1994.0,1,2010,-1.0,-1,-1,1,,99,6,,,
4977,8,8,7,22,9,1,1,1,24,1,1.0,11.0,2003.0,1,2010,-1.0,-1,-1,1,,99,6,,,
4978,11,3,4,22,13,2,99,1,23,9,4.0,5.0,2008.0,1,2010,-1.0,-1,-1,1,,99,6,,,
4979,11,3,4,22,13,2,99,1,27,9,4.0,5.0,2008.0,1,2010,-1.0,-1,-1,1,,99,6,,,
4980,16,1,6,22,1,1,9,1,19,9,4.0,1.0,2000.0,1,2010,-1.0,-1,-1,1,,99,6,,,
4981,16,1,6,22,1,1,9,1,29,9,1.0,4.0,2001.0,1,2010,-1.0,-1,-1,1,,99,6,,,
4982,11,7,7,22,11,2,99,1,27,2,4.0,1.0,2008.0,1,2010,-1.0,-1,-1,1,,99,6,,,
4983,11,7,7,22,11,2,99,1,25,1,4.0,1.0,9999.0,1,2010,-1.0,-1,-1,1,,99,6,,,
4984,16,2,2,22,1,1,5,1,30,9,4.0,4.0,9999.0,1,2010,-1.0,-1,-1,1,,99,6,,,
4985,16,2,2,22,1,1,5,9,999,9,3.0,99.0,9999.0,1,2010,-1.0,-1,-1,9,,99,6,,,
4986,7,4,3,22,1,1,8,1,23,1,1.0,6.0,1993.0,1,2010,-1.0,-1,-1,1,,99,6,,,
4987,7,4,3,22,1,1,8,1,21,1,4.0,1.0,2008.0,1,2010,-1.0,-1,-1,1,,99,6,,,
4988,14,11,7,22,2,2,99,1,30,1,4.0,3.0,9999.0,1,2010,-1.0,-1,-1,1,,99,6,,,
4989,14,11,7,22,2,2,99,1,31,2,4.0,1.0,9999.0,1,2010,-1.0,-1,-1,1,,99,6,,,
4990,11,8,3,22,10,2,99,9,999,9,5.0,2.0,1992.0,1,2010,-1.0,-1,-1,9,,99,6,,,
4991,11,8,3,22,10,2,99,9,999,9,6.0,2.0,9999.0,1,2010,-1.0,-1,-1,9,,99,6,,,
4992,18,2,4,22,1,1,1,2,48,2,1.0,4.0,1998.0,1,2010,-1.0,-1,-1,1,,99,6,,,
4993,18,2,4,22,1,1,1,1,38,1,1.0,8.0,9999.0,1,2010,-1.0,-1,-1,1,,99,6,,,
4994,14,3,7,22,21,2,99,1,35,2,3.0,4.0,1990.0,1,2010,-1.0,-1,-1,1,,99,6,,,
4995,14,3,7,22,21,2,99,1,42,2,1.0,2.0,9999.0,1,2010,-1.0,-1,-1,1,,99,6,,,
4996,17,10,7,22,10,1,1,1,37,2,1.0,5.0,1988.0,1,2010,-1.0,-1,-1,1,,99,6,,,
4997,17,10,7,22,10,1,1,1,39,1,1.0,2.0,2004.0,1,2010,-1.0,-1,-1,1,,99,6,,,
4998,15,3,1,22,1,1,3,1,30,9,1.0,3.0,1983.0,1,2010,-1.0,-1,-1,1,,99,6,,,
4999,15,3,1,22,1,1,3,1,26,9,1.0,4.0,1983.0,1,2010,-1.0,-1,-1,1,,99,6,,,
5000,15,3,1,22,1,1,3,1,33,2,2.0,6.0,9999.0,1,2010,-1.0,-1,-1,1,,99,6,,,
5001,10,4,6,22,1,1,11,1,26,1,4.0,1.0,2007.0,1,2010,-1.0,-1,-1,1,,99,6,,,
5002,10,4,6,22,1,1,11,9,999,9,1.0,2.0,9999.0,1,2010,-1.0,-1,-1,9,,99,6,,,
5003,16,8,1,22,10,2,99,1,999,1,3.0,6.0,1993.0,1,2010,-1.0,-1,-1,9,,99,6,,,
5004,16,8,1,22,10,2,99,1,999,2,2.0,5.0,9999.0,1,2010,-1.0,-1,-1,9,,99,6,,,
5005,22,2,1,22,1,1,10,1,20,1,1.0,6.0,1996.0,1,2010,-1.0,-1,-1,1,,99,6,,,
5006,22,2,1,22,1,1,10,1,42,9,1.0,1.0,9999.0,1,2010,-1.0,-1,-1,1,,99,6,,,
5007,11,4,7,22,1,1,9,1,37,2,1.0,4.0,9999.0,1,2010,-1.0,-1,-1,1,,99,6,,,
5008,11,4,7,22,1,1,9,1,48,1,10.0,99.0,9999.0,1,2010,-1.0,-1,-1,1,,99,6,,,
5009,17,9,5,22,1,1,12,9,999,9,99.0,99.0,9999.0,1,2010,-1.0,-1,-1,9,,99,6,,,
5010,17,9,5,22,1,1,12,1,21,1,4.0,1.0,9999.0,1,2010,-1.0,-1,-1,1,,99,6,,,
5011,23,1,6,22,5,2,99,1,999,1,1.0,99.0,1994.0,1,2010,-1.0,-1,-1,9,,99,6,,,
5012,23,1,6,22,5,2,99,1,30,2,3.0,2.0,9999.0,1,2010,-1.0,-1,-1,1,,99,6,,,
5013,22,6,2,22,1,1,6,9,999,9,12.0,1.0,9999.0,1,2010,-1.0,-1,-1,9,,99,6,,,
5014,17,12,5,22,1,2,99,9,999,9,1.0,11.0,9999.0,1,2010,-1.0,-1,-1,9,,99,6,,,
5015,17,12,5,22,1,2,99,1,37,9,4.0,5.0,9999.0,1,2010,-1.0,-1,-1,1,,99,6,,,
5016,23,2,2,22,2,2,99,1,35,1,5.0,2.0,2000.0,1,2010,-1.0,-1,-1,1,,99,6,,,
5017,23,2,2,22,2,2,99,1,33,2,3.0,6.0,2002.0,1,2010,-1.0,-1,-1,1,,99,6,,,
5018,20,11,6,22,20,2,99,9,999,9,4.0,3.0,9999.0,1,2010,-1.0,-1,-1,9,,99,6,,,
5019,18,9,6,22,1,1,1,1,23,1,3.0,5.0,9999.0,1,2010,-1.0,-1,-1,1,,99,6,,,
5020,18,9,6,22,1,1,1,1,22,2,1.0,1.0,9999.0,1,2010,-1.0,-1,-1,1,,99,6,,,
5021,18,9,6,22,1,1,12,9,999,9,12.0,1.0,9999.0,2,2010,-1.0,-1,-1,9,,99,6,,,
5022,18,9,6,22,1,1,12,9,999,9,12.0,1.0,9999.0,2,2010,-1.0,-1,-1,9,,99,6,,,
5023,25,6,5,22,1,1,7,1,28,1,4.0,5.0,2008.0,1,2010,-1.0,-1,-1,1,,99,6,,,
5024,25,6,5,22,1,1,7,9,999,9,3.0,99.0,9999.0,1,2010,-1.0,-1,-1,9,,99,6,,,
5025,12,4,1,22,1,1,3,1,32,1,2.0,3.0,1992.0,1,2010,-1.0,-1,-1,1,,99,6,,,
5026,12,4,1,22,1,1,3,1,24,1,1.0,11.0,1999.0,1,2010,-1.0,-1,-1,1,,99,6,,,
5027,24,10,7,22,1,1,12,1,999,9,1.0,6.0,1994.0,1,2010,-1.0,-1,-1,9,,99,6,,,
5028,24,10,7,22,1,1,12,1,17,9,1.0,3.0,1999.0,1,2010,-1.0,-1,-1,2,,99,6,,,
5029,18,12,6,22,10,2,99,1,30,1,9.0,6.0,2003.0,1,2010,-1.0,-1,-1,1,,99,6,,,
5030,18,12,6,22,10,2,99,1,27,1,9.0,1.0,2011.0,1,2010,-1.0,-1,-1,1,,99,6,,,
5031,18,9,6,22,9,2,99,9,999,9,5.0,99.0,9999.0,1,2010,-1.0,-1,-1,9,,99,6,,,
5032,18,9,6,22,9,2,99,1,54,9,3.0,99.0,9999.0,1,2010,-1.0,-1,-1,1,,99,6,,,
5033,19,8,4,22,9,1,11,1,44,2,1.0,2.0,9999.0,1,2010,-1.0,-1,-1,1,,99,6,,,
5034,19,8,4,22,9,1,11,9,999,9,7.0,99.0,9999.0,1,2010,-1.0,-1,-1,9,,99,6,,,
5035,24,10,7,22,9,1,1,1,27,9,1.0,10.0,1975.0,1,2010,-1.0,-1,-1,1,,99,6,,,
5036,24,10,7,22,9,1,1,1,23,9,4.0,5.0,2008.0,1,2010,-1.0,-1,-1,1,,99,6,,,
5037,18,12,6,22,1,1,1,1,25,1,1.0,2.0,2005.0,1,2010,-1.0,-1,-1,1,,99,6,,,
5038,18,12,6,22,1,1,1,1,36,1,3.0,2.0,2008.0,1,2010,-1.0,-1,-1,1,,99,6,,,
5039,18,12,6,22,5,2,99,9,999,9,6.0,1.0,9999.0,1,2010,-1.0,-1,-1,9,,99,6,,,
5040,20,5,4,22,19,2,99,9,999,9,2.0,99.0,9999.0,1,2010,-1.0,-1,-1,9,,99,6,,,
5041,20,5,4,22,19,2,99,1,21,1,4.0,99.0,9999.0,1,2010,-1.0,-1,-1,1,,99,6,,,
5042,19,9,7,22,17,2,99,1,17,1,4.0,1.0,9999.0,1,2010,-1.0,-1,-1,2,,99,6,,,
5043,19,9,7,22,17,2,99,1,34,2,4.0,1.0,9999.0,1,2010,-1.0,-1,-1,1,,99,6,,,
5044,20,8,5,22,10,2,99,1,49,2,1.0,11.0,1991.0,1,2010,-1.0,-1,-1,1,,99,6,,,
5045,20,8,5,22,10,2,99,1,33,1,3.0,2.0,2007.0,1,2010,-1.0,-1,-1,1,,99,6,,,
5046,15,4,4,22,20,2,99,1,43,1,1.0,9.0,1987.0,1,2010,-1.0,-1,-1,1,,99,6,,,
5047,22,11,1,22,21,2,99,9,999,9,1.0,5.0,1997.0,1,2010,-1.0,-1,-1,9,,99,6,,,
5048,22,11,1,22,21,2,99,1,31,2,4.0,1.0,2008.0,1,2010,-1.0,-1,-1,1,,99,6,,,
5049,19,12,7,22,5,1,99,1,40,1,6.0,3.0,9999.0,1,2010,-1.0,-1,-1,1,,99,6,,,
5050,21,8,6,22,1,1,3,1,57,2,1.0,4.0,1982.0,1,2010,-1.0,-1,-1,1,,99,6,,,
5051,21,8,6,22,1,1,3,1,36,9,4.0,99.0,9999.0,1,2010,-1.0,-1,-1,1,,99,6,,,
5052,27,10,3,22,5,2,99,1,57,9,1.0,2.0,2006.0,1,2010,-1.0,-1,-1,1,,99,6,,,
5053,27,10,3,22,5,2,99,9,999,9,6.0,5.0,9999.0,1,2010,-1.0,-1,-1,9,,99,6,,,
5054,21,9,2,22,10,1,1,1,42,9,3.0,6.0,2008.0,1,2010,-1.0,-1,-1,1,,99,6,,,
5055,21,9,2,22,10,1,1,1,28,1,3.0,2.0,2010.0,1,2010,-1.0,-1,-1,1,,99,6,,,
5056,24,11,3,22,10,1,1,1,36,1,1.0,3.0,1997.0,1,2010,-1.0,-1,-1,1,,99,6,,,
5057,24,11,3,22,10,1,1,1,33,2,1.0,6.0,1997.0,1,2010,-1.0,-1,-1,1,,99,6,,,
5058,28,10,4,22,10,2,99,1,16,9,14.0,1.0,2010.0,1,2010,-1.0,-1,-1,2,,99,6,,,
5059,28,10,4,22,10,2,99,1,20,9,4.0,1.0,9999.0,1,2010,-1.0,-1,-1,1,,99,6,,,
5060,16,4,5,22,17,2,99,1,45,9,1.0,6.0,1994.0,1,2010,-1.0,-1,-1,1,,99,6,,,
5061,16,4,5,22,17,2,99,1,21,9,1.0,2.0,2004.0,1,2010,-1.0,-1,-1,1,,99,6,,,
5062,22,3,1,22,6,2,99,9,999,9,6.0,99.0,9999.0,1,2010,-1.0,-1,-1,9,,99,6,,,
5063,23,7,5,22,16,1,1,1,999,1,3.0,6.0,1994.0,1,2010,-1.0,-1,-1,9,,99,6,,,
5064,23,7,5,22,16,1,1,2,999,1,2.0,5.0,2001.0,1,2010,-1.0,-1,-1,9,,99,6,,,
5065,30,10,6,22,1,1,1,1,33,1,1.0,9.0,9999.0,1,2010,-1.0,-1,-1,1,,99,6,,,
5066,30,10,6,22,1,1,1,1,30,1,12.0,1.0,9999.0,1,2010,-1.0,-1,-1,1,,99,6,,,
5067,30,10,6,22,1,1,10,1,45,1,10.0,2.0,1992.0,1,2010,-1.0,-1,-1,1,,99,6,,,
5068,30,10,6,22,1,1,10,1,21,1,1.0,3.0,2002.0,1,2010,-1.0,-1,-1,1,,99,6,,,
5069,30,10,6,22,16,2,99,1,40,2,1.0,4.0,1994.0,1,2010,-1.0,-1,-1,1,,99,6,,,
5070,30,10,6,22,16,2,99,1,24,9,9.0,2.0,2009.0,1,2010,-1.0,-1,-1,1,,99,6,,,
5071,24,8,2,22,1,2,99,1,22,2,3.0,2.0,9999.0,1,2010,-1.0,-1,-1,1,,99,6,,,
5072,24,8,2,22,1,2,99,1,19,1,3.0,8.0,9999.0,1,2010,-1.0,-1,-1,1,,99,6,,,
5073,29,5,6,22,1,1,6,1,25,1,10.0,2.0,9999.0,1,2010,-1.0,-1,-1,1,,99,6,,,
5074,29,5,6,22,1,1,6,1,22,2,1.0,4.0,9999.0,1,2010,-1.0,-1,-1,1,,99,6,,,
5075,29,5,6,22,1,1,6,9,999,9,9.0,99.0,9999.0,1,2010,-1.0,-1,-1,9,,99,6,,,
5076,31,10,7,22,1,1,1,1,30,1,12.0,1.0,1991.0,1,2010,-1.0,-1,-1,1,,99,6,,,
5077,31,10,7,22,1,1,1,1,33,1,1.0,9.0,9999.0,1,2010,-1.0,-1,-1,1,,99,6,,,
5078,31,10,7,22,1,1,1,1,39,1,1.0,8.0,1987.0,1,2010,-1.0,-1,-1,1,,99,6,,,
5079,31,10,7,22,1,1,1,1,42,1,2.0,9.0,1992.0,1,2010,-1.0,-1,-1,1,,99,6,,,
5080,29,5,6,22,16,2,99,1,25,2,3.0,1.0,1983.0,2,2010,-1.0,-1,-1,1,,99,6,,,
5081,29,5,6,22,16,2,99,1,999,1,5.0,2.0,9999.0,2,2010,-1.0,-1,-1,9,,99,6,,,
5082,25,7,7,22,5,2,99,1,999,1,1.0,10.0,9999.0,1,2010,-1.0,-1,-1,9,,99,6,,,
5083,25,7,7,22,5,2,99,1,999,2,2.0,99.0,9999.0,1,2010,-1.0,-1,-1,9,,99,6,,,
5084,25,3,4,22,1,2,99,9,999,9,6.0,6.0,1998.0,2,2010,-1.0,-1,-1,9,,99,6,,,
5085,30,11,2,22,20,2,99,1,44,1,3.0,4.0,1989.0,1,2010,-1.0,-1,-1,1,,99,6,,,
5086,30,11,2,22,20,2,99,1,33,1,1.0,2.0,1991.0,1,2010,-1.0,-1,-1,1,,99,6,,,
5087,31,10,7,22,16,1,99,1,37,2,9.0,2.0,9999.0,1,2010,-1.0,-1,-1,1,,99,6,,,
5088,31,10,7,22,16,1,99,9,999,9,3.0,4.0,9999.0,1,2010,-1.0,-1,-1,9,,99,6,,,
5089,27,8,5,22,2,2,99,1,30,1,4.0,3.0,9999.0,1,2010,-1.0,-1,-1,1,,99,6,,,
5090,27,8,5,22,2,2,99,1,26,1,1.0,6.0,9999.0,1,2010,-1.0,-1,-1,1,,99,6,,,
5091,31,8,2,22,1,1,1,1,53,2,1.0,2.0,1995.0,1,2010,-1.0,-1,-1,1,,99,6,,,
5092,31,8,2,22,1,1,1,1,31,2,1.0,1.0,9999.0,1,2010,-1.0,-1,-1,1,,99,6,,,
5093,27,4,2,22,14,1,1,1,30,1,4.0,5.0,2009.0,1,2010,-1.0,-1,-1,1,,99,6,,,
5094,27,4,2,22,14,1,1,1,35,1,4.0,1.0,9999.0,1,2010,-1.0,-1,-1,1,,99,6,,,
5095,31,3,3,22,18,2,99,9,999,9,6.0,2.0,1998.0,1,2010,-1.0,-1,-1,9,,99,6,,,
5096,31,3,3,22,17,1,99,1,51,2,4.0,3.0,2007.0,1,2010,-1.0,-1,-1,1,,99,6,,,
5097,31,3,3,22,17,1,99,1,24,1,4.0,5.0,2008.0,1,2010,-1.0,-1,-1,1,,99,6,,,
5098,1,10,5,22,14,2,99,1,27,2,3.0,5.0,9999.0,2,2010,-1.0,-1,-1,1,,99,6,,,
5099,1,11,1,22,5,2,99,1,44,2,3.0,6.0,1995.0,4,2010,-1.0,-1,-1,1,,99,6,,,
5100,2,8,1,22,1,1,6,9,999,9,9.0,4.0,9999.0,4,2010,-1.0,-1,-1,9,,99,6,,,
5101,3,10,7,22,2,2,99,1,43,1,3.0,1.0,2004.0,2,2010,-1.0,-1,-1,1,,99,6,,,
5102,6,2,6,22,21,1,99,1,21,2,4.0,1.0,9999.0,2,2010,-1.0,-1,-1,1,,99,6,,,
5103,4,10,1,22,1,1,11,1,31,2,10.0,2.0,2003.0,2,2010,-1.0,-1,-1,1,,99,6,,,
5104,2,4,5,22,1,1,5,9,999,9,12.0,99.0,9999.0,2,2010,-1.0,-1,-1,9,,99,6,,,
5105,5,9,7,22,12,1,2,1,29,2,3.0,4.0,1989.0,2,2010,-1.0,-1,-1,1,,99,6,,,
5106,7,3,7,22,7,1,99,1,51,9,1.0,2.0,1985.0,2,2010,-1.0,-1,-1,1,,99,6,,,
5107,8,9,3,22,16,2,99,9,999,9,5.0,2.0,9999.0,2,2010,-1.0,-1,-1,9,,99,6,,,
5108,13,6,7,22,21,2,99,1,22,1,11.0,99.0,2009.0,2,2010,-1.0,-1,-1,1,,99,6,,,
5109,17,6,4,22,3,2,99,1,58,1,99.0,99.0,9999.0,2,2010,-1.0,-1,-1,1,,99,6,,,
5110,19,11,5,22,1,2,99,1,21,2,1.0,4.0,9999.0,4,2010,-1.0,-1,-1,1,,99,6,,,
5111,15,9,3,22,13,2,99,1,17,9,4.0,99.0,9999.0,3,2010,-1.0,-1,-1,2,,99,6,,,
5112,15,9,3,22,13,2,99,1,17,9,3.0,99.0,9999.0,3,2010,-1.0,-1,-1,2,,99,6,,,
5113,19,11,5,22,3,2,99,2,19,1,1.0,11.0,1999.0,2,2010,-1.0,-1,-1,1,,99,6,,,
5114,22,1,5,22,2,2,99,1,33,9,3.0,2.0,9999.0,2,2010,-1.0,-1,-1,1,,99,6,,,
5115,16,8,1,22,9,2,99,1,27,2,1.0,4.0,1997.0,2,2010,-1.0,-1,-1,1,,99,6,,,
5116,17,12,5,22,17,2,99,1,40,1,6.0,99.0,9999.0,1,2010,-1.0,-1,-1,1,,99,6,,,
5117,25,2,4,22,5,2,99,1,30,9,3.0,3.0,1991.0,3,2010,-1.0,-1,-1,1,,99,6,,,
5118,19,7,1,22,17,2,99,1,999,1,3.0,99.0,9999.0,3,2010,-1.0,-1,-1,9,,99,6,,,
5119,21,11,7,22,2,2,99,1,24,2,9.0,99.0,9999.0,3,2010,-1.0,-1,-1,1,,99,6,,,
5120,27,6,7,22,1,2,99,1,26,2,2.0,14.0,9999.0,2,2010,-1.0,-1,-1,1,,99,6,,,
5121,20,12,1,22,1,1,1,1,21,2,4.0,1.0,2008.0,2,2010,-1.0,-1,-1,1,,99,6,,,
5122,28,2,7,22,17,2,99,2,21,9,4.0,99.0,9999.0,4,2010,-1.0,-1,-1,1,,99,6,,,
5123,23,9,4,22,19,2,99,1,20,1,4.0,1.0,9999.0,4,2010,-1.0,-1,-1,1,,99,6,,,
5124,18,4,7,22,5,1,1,1,18,2,4.0,99.0,9999.0,2,2010,-1.0,-1,-1,1,,99,6,,,
5125,24,7,6,22,14,2,99,9,999,9,99.0,99.0,9999.0,2,2010,-1.0,-1,-1,9,,99,6,,,
5126,18,4,7,22,17,2,99,1,22,1,4.0,99.0,9999.0,4,2010,-1.0,-1,-1,1,,99,6,,,
5127,29,12,3,22,16,2,99,1,28,9,9.0,2.0,9999.0,2,2010,-1.0,-1,-1,1,,99,6,,,
5128,30,8,1,22,1,1,7,9,999,9,12.0,99.0,9999.0,1,2010,-1.0,-1,-1,9,,99,6,,,
5129,29,7,4,22,1,1,12,1,29,2,4.0,99.0,9999.0,2,2010,-1.0,-1,-1,1,,99,6,,,
5130,31,3,3,22,20,2,99,1,21,9,3.0,5.0,1999.0,3,2010,-1.0,-1,-1,1,,99,6,,,
5131,29,4,4,22,7,2,99,1,23,1,14.0,1.0,9999.0,3,2010,-1.0,-1,-1,1,,99,6,,,
5132,1,10,5,23,1,1,5,9,999,9,1.0,99.0,9999.0,1,2010,-1.0,-1,-1,9,,99,6,,,
5133,2,6,3,23,1,1,8,1,48,1,9.0,2.0,9999.0,1,2010,-1.0,-1,-1,1,,99,6,,,
5134,1,11,1,23,9,2,99,1,29,2,1.0,8.0,1993.0,1,2010,-1.0,-1,-1,1,,99,6,,,
5135,1,11,1,23,9,2,99,1,38,9,1.0,4.0,2004.0,1,2010,-1.0,-1,-1,1,,99,6,,,
5136,6,2,6,23,1,1,99,1,39,2,1.0,4.0,2001.0,1,2010,-1.0,-1,-1,1,,99,6,,,
5137,6,2,6,23,1,1,99,1,34,2,1.0,1.0,9999.0,1,2010,-1.0,-1,-1,1,,99,6,,,
5138,3,12,5,23,12,1,4,1,38,2,1.0,99.0,1984.0,1,2010,-1.0,-1,-1,1,,99,6,,,
5139,3,12,5,23,12,1,4,1,35,9,1.0,99.0,2003.0,1,2010,-1.0,-1,-1,1,,99,6,,,
5140,3,12,5,23,1,1,12,1,22,9,3.0,99.0,9999.0,1,2010,-1.0,-1,-1,1,,99,6,,,
5141,4,10,1,23,5,1,99,1,33,1,3.0,99.0,9999.0,3,2010,-1.0,-1,-1,1,,99,6,,,
5142,4,6,5,23,1,2,99,1,31,1,6.0,99.0,9999.0,1,2010,-1.0,-1,-1,1,,99,6,,,
5143,4,6,5,23,2,2,99,1,38,1,2.0,9.0,1997.0,1,2010,-1.0,-1,-1,1,,99,6,,,
5144,4,6,5,23,2,2,99,1,48,1,3.0,2.0,2006.0,1,2010,-1.0,-1,-1,1,,99,6,,,
5145,5,6,6,23,1,1,12,1,38,1,11.0,2.0,1996.0,1,2010,-1.0,-1,-1,1,,99,6,,,
5146,5,6,6,23,1,1,12,1,23,2,4.0,4.0,9999.0,1,2010,-1.0,-1,-1,1,,99,6,,,
5147,4,12,6,23,1,1,2,1,27,1,1.0,1.0,1992.0,1,2010,-1.0,-1,-1,1,,99,6,,,
5148,4,12,6,23,1,1,2,1,27,1,1.0,6.0,2002.0,1,2010,-1.0,-1,-1,1,,99,6,,,
5149,4,11,4,23,1,2,99,1,26,2,1.0,2.0,1996.0,1,2010,-1.0,-1,-1,1,,99,6,,,
5150,4,11,4,23,1,2,99,1,40,1,2.0,9.0,9999.0,1,2010,-1.0,-1,-1,1,,99,6,,,
5151,6,10,3,23,1,1,10,1,999,1,99.0,99.0,2009.0,1,2010,-1.0,-1,-1,9,,99,6,,,
5152,6,10,3,23,1,1,10,1,999,1,3.0,99.0,9999.0,1,2010,-1.0,-1,-1,9,,99,6,,,
5153,4,12,6,23,1,1,1,1,30,2,1.0,99.0,9999.0,1,2010,-1.0,-1,-1,1,,99,6,,,
5154,4,12,6,23,1,1,1,1,35,1,1.0,99.0,9999.0,1,2010,-1.0,-1,-1,1,,99,6,,,
5155,2,5,7,23,16,2,99,1,21,1,4.0,1.0,2008.0,1,2010,-1.0,-1,-1,1,,99,6,,,
5156,2,5,7,23,16,2,99,1,25,2,4.0,5.0,9999.0,1,2010,-1.0,-1,-1,1,,99,6,,,
5157,7,6,1,23,1,1,18,1,31,1,1.0,2.0,9999.0,1,2010,-1.0,-1,-1,1,,99,6,,,
5158,7,6,1,23,1,1,18,1,56,2,2.0,2.0,9999.0,1,2010,-1.0,-1,-1,1,,99,6,,,
5159,4,12,6,23,1,1,1,1,22,1,2.0,99.0,9999.0,1,2010,-1.0,-1,-1,1,,99,6,,,
5160,4,12,6,23,1,1,1,1,999,1,3.0,5.0,9999.0,1,2010,-1.0,-1,-1,9,,99,6,,,
5161,2,5,7,23,15,2,99,1,22,1,2.0,6.0,1998.0,1,2010,-1.0,-1,-1,1,,99,6,,,
5162,2,5,7,23,15,2,99,1,28,2,3.0,2.0,2002.0,1,2010,-1.0,-1,-1,1,,99,6,,,
5163,5,9,7,23,5,2,99,1,25,1,6.0,9.0,1997.0,1,2010,-1.0,-1,-1,1,,99,6,,,
5164,5,9,7,23,5,2,99,1,29,2,1.0,11.0,2003.0,1,2010,-1.0,-1,-1,1,,99,6,,,
5165,6,7,2,23,1,1,18,1,44,1,99.0,2.0,1999.0,1,2010,-1.0,-1,-1,1,,99,6,,,
5166,6,7,2,23,1,1,18,1,28,1,4.0,5.0,9999.0,1,2010,-1.0,-1,-1,1,,99,6,,,
5167,3,4,6,23,1,1,12,1,24,1,1.0,4.0,9999.0,1,2010,-1.0,-1,-1,1,,99,6,,,
5168,3,4,6,23,1,1,12,9,999,9,7.0,1.0,9999.0,1,2010,-1.0,-1,-1,9,,99,6,,,
5169,7,7,3,23,1,1,11,1,20,1,1.0,6.0,1998.0,1,2010,-1.0,-1,-1,1,,99,6,,,
5170,7,7,3,23,1,1,11,1,26,1,4.0,99.0,9999.0,1,2010,-1.0,-1,-1,1,,99,6,,,
5171,8,6,2,23,1,2,99,1,28,1,5.0,2.0,1989.0,1,2010,-1.0,-1,-1,1,,99,6,,,
5172,8,6,2,23,1,2,99,1,59,1,3.0,4.0,2008.0,1,2010,-1.0,-1,-1,1,,99,6,,,
5173,5,12,7,23,4,1,1,1,23,9,9.0,10.0,9999.0,1,2010,-1.0,-1,-1,1,,99,6,,,
5174,5,12,7,23,4,1,1,1,999,1,99.0,5.0,9999.0,1,2010,-1.0,-1,-1,9,,99,6,,,
5175,6,8,5,23,1,1,19,1,38,1,1.0,6.0,1998.0,1,2010,-1.0,-1,-1,1,,99,6,,,
5176,6,8,5,23,1,1,19,1,20,1,3.0,5.0,9999.0,1,2010,-1.0,-1,-1,1,,99,6,,,
5177,8,3,1,23,5,2,99,1,38,9,6.0,2.0,9999.0,1,2010,-1.0,-1,-1,1,,99,6,,,
5178,8,3,1,23,5,2,99,1,27,9,5.0,2.0,9999.0,1,2010,-1.0,-1,-1,1,,99,6,,,
5179,5,5,3,23,14,1,1,1,25,2,99.0,11.0,1984.0,1,2010,-1.0,-1,-1,1,,99,6,,,
5180,5,5,3,23,14,1,1,1,44,1,4.0,1.0,2003.0,1,2010,-1.0,-1,-1,1,,99,6,,,
5181,12,1,2,23,17,2,99,9,999,9,5.0,6.0,1991.0,1,2010,-1.0,-1,-1,9,,99,6,,,
5182,13,1,3,23,1,1,1,1,37,1,4.0,5.0,2006.0,1,2010,-1.0,-1,-1,1,,99,6,,,
5183,13,1,3,23,1,1,1,1,36,1,1.0,2.0,2006.0,1,2010,-1.0,-1,-1,1,,99,6,,,
5184,9,3,2,23,10,2,99,1,28,9,3.0,2.0,1985.0,1,2010,-1.0,-1,-1,1,,99,6,,,
5185,9,3,2,23,10,2,99,1,70,9,3.0,1.0,1986.0,1,2010,-1.0,-1,-1,1,,99,6,,,
5186,7,8,6,23,16,2,99,1,45,2,2.0,1.0,1984.0,1,2010,-1.0,-1,-1,1,,99,6,,,
5187,7,8,6,23,16,2,99,1,999,1,3.0,6.0,1994.0,1,2010,-1.0,-1,-1,9,,99,6,,,
5188,10,7,5,23,1,1,6,1,32,1,1.0,11.0,1998.0,1,2010,-1.0,-1,-1,1,,99,6,,,
5189,10,7,5,23,1,1,6,1,27,2,1.0,4.0,9999.0,1,2010,-1.0,-1,-1,1,,99,6,,,
5190,10,7,5,23,19,2,99,1,30,1,3.0,10.0,2001.0,1,2010,-1.0,-1,-1,1,,99,6,,,
5191,10,7,5,23,19,2,99,1,42,2,6.0,1.0,9999.0,1,2010,-1.0,-1,-1,1,,99,6,,,
5192,14,1,4,23,9,2,99,1,20,1,3.0,1.0,1987.0,1,2010,-1.0,-1,-1,1,,99,6,,,
5193,14,1,4,23,9,2,99,9,999,9,3.0,1.0,9999.0,1,2010,-1.0,-1,-1,9,,99,6,,,
5194,13,6,7,23,1,1,1,1,38,1,3.0,5.0,9999.0,1,2010,-1.0,-1,-1,1,,99,6,,,
5195,13,6,7,23,1,1,1,1,25,2,12.0,1.0,9999.0,1,2010,-1.0,-1,-1,1,,99,6,,,
5196,11,9,6,23,10,2,99,1,49,1,3.0,2.0,1974.0,1,2010,-1.0,-1,-1,1,,99,6,,,
5197,11,9,6,23,10,2,99,1,29,2,3.0,2.0,2001.0,1,2010,-1.0,-1,-1,1,,99,6,,,
5198,13,11,6,23,1,2,99,1,20,1,1.0,6.0,2001.0,1,2010,-1.0,-1,-1,1,,99,6,,,
5199,13,11,6,23,1,2,99,9,999,9,1.0,99.0,9999.0,1,2010,-1.0,-1,-1,9,,99,6,,,
5200,11,7,7,23,1,1,11,1,999,9,1.0,4.0,9999.0,1,2010,-1.0,-1,-1,9,,99,6,,,
5201,14,2,7,23,17,1,99,1,19,9,4.0,99.0,9999.0,1,2010,-1.0,-1,-1,1,,99,6,,,
5202,14,2,7,23,17,1,99,9,999,9,3.0,99.0,9999.0,1,2010,-1.0,-1,-1,9,,99,6,,,
5203,6,4,2,23,1,1,6,2,46,2,1.0,9.0,1992.0,1,2010,-1.0,-1,-1,1,,99,6,,,
5204,6,4,2,23,1,1,6,1,20,2,10.0,2.0,2000.0,1,2010,-1.0,-1,-1,1,,99,6,,,
5205,11,12,6,23,5,2,99,1,34,1,6.0,2.0,1999.0,1,2010,-1.0,-1,-1,1,,99,6,,,
5206,12,9,7,23,7,1,2,1,999,1,1.0,1.0,2006.0,1,2010,-1.0,-1,-1,9,,99,6,,,
5207,12,9,7,23,7,1,2,1,27,2,5.0,2.0,2008.0,1,2010,-1.0,-1,-1,1,,99,6,,,
5208,10,5,1,23,6,2,99,9,999,9,12.0,7.0,1991.0,1,2010,-1.0,-1,-1,9,,99,6,,,
5209,10,5,1,23,6,2,99,1,17,1,4.0,1.0,2009.0,1,2010,-1.0,-1,-1,2,,99,6,,,
5210,10,5,1,23,9,2,99,1,42,2,3.0,1.0,1981.0,1,2010,-1.0,-1,-1,1,,99,6,,,
5211,10,5,1,23,9,2,99,9,999,9,12.0,6.0,9999.0,1,2010,-1.0,-1,-1,9,,99,6,,,
5212,12,7,1,23,1,1,5,2,999,1,1.0,99.0,9999.0,1,2010,-1.0,-1,-1,9,,99,6,,,
5213,12,7,1,23,1,1,5,1,18,1,4.0,1.0,9999.0,1,2010,-1.0,-1,-1,1,,99,6,,,
5214,15,10,5,23,6,2,99,1,48,1,2.0,3.0,9999.0,1,2010,-1.0,-1,-1,1,,99,6,,,
5215,15,10,5,23,6,2,99,9,999,9,6.0,4.0,9999.0,1,2010,-1.0,-1,-1,9,,99,6,,,
5216,10,8,2,23,1,1,11,9,999,9,1.0,99.0,9999.0,1,2010,-1.0,-1,-1,9,,99,6,,,
5217,10,8,2,23,1,1,11,1,21,1,4.0,5.0,9999.0,1,2010,-1.0,-1,-1,1,,99,6,,,
5218,17,2,3,23,17,2,99,1,17,9,4.0,2.0,9999.0,1,2010,-1.0,-1,-1,2,,99,6,,,
5219,17,2,3,23,17,2,99,1,21,9,3.0,2.0,9999.0,1,2010,-1.0,-1,-1,1,,99,6,,,
5220,13,7,2,23,5,2,99,1,22,1,1.0,11.0,9999.0,1,2010,-1.0,-1,-1,1,,99,6,,,
5221,13,7,2,23,5,2,99,1,17,1,4.0,99.0,9999.0,1,2010,-1.0,-1,-1,2,,99,6,,,
5222,12,8,4,23,1,2,99,1,24,1,12.0,1.0,1999.0,1,2010,-1.0,-1,-1,1,,99,6,,,
5223,12,8,4,23,1,2,99,1,30,1,2.0,99.0,9999.0,1,2010,-1.0,-1,-1,1,,99,6,,,
5224,17,6,4,23,6,2,99,9,999,9,99.0,99.0,9999.0,1,2010,-1.0,-1,-1,9,,99,6,,,
5225,17,6,4,23,6,2,99,1,24,1,1.0,6.0,9999.0,1,2010,-1.0,-1,-1,1,,99,6,,,
5226,17,10,7,23,5,1,1,1,54,1,1.0,3.0,9999.0,1,2010,-1.0,-1,-1,1,,99,6,,,
5227,17,10,7,23,5,1,1,1,33,2,1.0,99.0,9999.0,1,2010,-1.0,-1,-1,1,,99,6,,,
5228,8,4,4,23,17,2,99,1,22,1,4.0,99.0,9999.0,1,2010,-1.0,-1,-1,1,,99,6,,,
5229,8,4,4,23,17,2,99,9,999,9,3.0,99.0,9999.0,1,2010,-1.0,-1,-1,9,,99,6,,,
5230,14,5,5,23,6,2,99,1,21,2,3.0,3.0,1986.0,1,2010,-1.0,-1,-1,1,,99,6,,,
5231,14,5,5,23,6,2,99,1,23,1,2.0,6.0,2000.0,1,2010,-1.0,-1,-1,1,,99,6,,,
5232,14,8,6,23,1,1,7,1,20,9,10.0,2.0,2001.0,1,2010,-1.0,-1,-1,1,,99,6,,,
5233,14,8,6,23,1,1,7,1,29,9,1.0,3.0,2008.0,1,2010,-1.0,-1,-1,1,,99,6,,,
5234,9,4,5,23,17,2,99,1,29,1,5.0,2.0,1994.0,1,2010,-1.0,-1,-1,1,,99,6,,,
5235,9,4,5,23,17,2,99,9,999,9,6.0,2.0,9999.0,1,2010,-1.0,-1,-1,9,,99,6,,,
5236,10,4,6,23,1,1,10,1,22,1,12.0,1.0,2000.0,1,2010,-1.0,-1,-1,1,,99,6,,,
5237,10,4,6,23,1,1,10,1,52,1,2.0,1.0,2008.0,1,2010,-1.0,-1,-1,1,,99,6,,,
5238,15,5,6,23,1,1,7,9,999,9,1.0,99.0,9999.0,1,2010,-1.0,-1,-1,9,,99,6,,,
5239,15,5,6,23,1,1,7,9,999,9,1.0,99.0,9999.0,1,2010,-1.0,-1,-1,9,,99,6,,,
5240,15,5,6,23,1,1,7,1,35,2,1.0,1.0,9999.0,1,2010,-1.0,-1,-1,1,,99,6,,,
5241,10,4,6,23,5,2,99,1,27,2,1.0,11.0,9999.0,1,2010,-1.0,-1,-1,1,,99,6,,,
5242,10,4,6,23,5,2,99,9,999,9,5.0,99.0,9999.0,1,2010,-1.0,-1,-1,9,,99,6,,,
5243,20,10,3,23,1,1,11,1,49,2,1.0,5.0,1990.0,1,2010,-1.0,-1,-1,1,,99,6,,,
5244,20,10,3,23,1,1,11,1,18,1,1.0,3.0,2003.0,1,2010,-1.0,-1,-1,1,,99,6,,,
5245,16,12,4,23,1,1,13,1,28,1,1.0,3.0,1998.0,1,2010,-1.0,-1,-1,1,,99,6,,,
5246,16,12,4,23,1,1,13,1,26,1,4.0,1.0,2005.0,1,2010,-1.0,-1,-1,1,,99,6,,,
5247,17,7,6,23,10,1,1,1,26,1,4.0,5.0,2004.0,1,2010,-1.0,-1,-1,1,,99,6,,,
5248,17,7,6,23,10,1,1,1,17,1,4.0,4.0,2007.0,1,2010,-1.0,-1,-1,2,,99,6,,,
5249,21,6,1,23,9,1,7,9,999,9,6.0,2.0,1996.0,1,2010,-1.0,-1,-1,9,,99,6,,,
5250,21,6,1,23,9,1,7,1,35,2,9.0,4.0,9999.0,1,2010,-1.0,-1,-1,1,,99,6,,,
5251,18,7,7,23,1,1,6,1,36,9,1.0,5.0,1989.0,1,2010,-1.0,-1,-1,1,,99,6,,,
5252,18,7,7,23,1,1,6,1,26,9,4.0,3.0,9999.0,1,2010,-1.0,-1,-1,1,,99,6,,,
5253,23,2,2,23,4,2,99,1,27,9,6.0,14.0,1995.0,1,2010,-1.0,-1,-1,1,,99,6,,,
5254,23,2,2,23,4,2,99,1,27,9,1.0,4.0,2000.0,1,2010,-1.0,-1,-1,1,,99,6,,,
5255,23,2,2,23,4,2,99,1,30,9,3.0,4.0,9999.0,1,2010,-1.0,-1,-1,1,,99,6,,,
5256,17,9,5,23,5,1,99,1,999,1,6.0,5.0,9999.0,1,2010,-1.0,-1,-1,9,,99,6,,,
5257,17,8,2,23,19,2,99,1,56,1,2.0,2.0,2003.0,1,2010,-1.0,-1,-1,1,,99,6,,,
5258,17,8,2,23,19,2,99,9,999,9,1.0,6.0,9999.0,1,2010,-1.0,-1,-1,9,,99,6,,,
5259,16,3,2,23,16,1,99,1,39,9,3.0,2.0,1983.0,2,2010,-1.0,-1,-1,1,,99,6,,,
5260,16,3,2,23,16,1,99,2,40,9,1.0,6.0,2006.0,99,2010,-1.0,-1,-1,1,,99,6,,,
5261,18,5,2,23,4,2,99,9,999,9,3.0,99.0,9999.0,1,2010,-1.0,-1,-1,9,,99,6,,,
5262,18,5,2,23,4,2,99,9,999,9,3.0,1.0,9999.0,1,2010,-1.0,-1,-1,9,,99,6,,,
5263,17,12,5,23,2,2,99,1,32,1,6.0,3.0,1986.0,1,2010,-1.0,-1,-1,1,,99,6,,,
5264,23,10,6,23,4,2,99,1,33,2,1.0,10.0,1987.0,1,2010,-1.0,-1,-1,1,,99,6,,,
5265,23,10,6,23,4,2,99,1,47,1,1.0,1.0,9999.0,1,2010,-1.0,-1,-1,1,,99,6,,,
5266,19,7,1,23,20,2,99,1,49,1,2.0,2.0,1999.0,1,2010,-1.0,-1,-1,1,,99,6,,,
5267,19,7,1,23,20,2,99,1,34,2,1.0,3.0,2000.0,1,2010,-1.0,-1,-1,1,,99,6,,,
5268,25,6,5,23,1,1,18,1,37,1,11.0,2.0,2006.0,1,2010,-1.0,-1,-1,1,,99,6,,,
5269,25,6,5,23,1,1,18,9,999,9,9.0,2.0,9999.0,1,2010,-1.0,-1,-1,9,,99,6,,,
5270,18,3,4,23,1,1,10,1,26,9,11.0,2.0,9999.0,1,2010,-1.0,-1,-1,1,,99,6,,,
5271,18,3,4,23,1,1,10,1,21,9,4.0,4.0,9999.0,1,2010,-1.0,-1,-1,1,,99,6,,,
5272,25,6,5,23,6,2,99,1,29,2,2.0,3.0,9999.0,1,2010,-1.0,-1,-1,1,,99,6,,,
5273,25,6,5,23,6,2,99,9,999,9,99.0,99.0,9999.0,1,2010,-1.0,-1,-1,9,,99,6,,,
5274,18,3,4,23,1,1,12,1,32,9,1.0,99.0,1991.0,1,2010,-1.0,-1,-1,1,,99,6,,,
5275,18,3,4,23,1,1,12,1,44,9,1.0,6.0,2004.0,1,2010,-1.0,-1,-1,1,,99,6,,,
5276,19,5,3,23,4,2,99,1,44,1,5.0,2.0,9999.0,1,2010,-1.0,-1,-1,1,,99,6,,,
5277,19,5,3,23,4,2,99,1,29,1,5.0,99.0,9999.0,1,2010,-1.0,-1,-1,1,,99,6,,,
5278,12,4,1,23,12,2,99,1,29,1,1.0,4.0,1995.0,1,2010,-1.0,-1,-1,1,,99,6,,,
5279,12,4,1,23,12,2,99,1,32,1,3.0,3.0,9999.0,1,2010,-1.0,-1,-1,1,,99,6,,,
5280,12,4,1,23,12,2,99,1,31,2,1.0,1.0,9999.0,1,2010,-1.0,-1,-1,1,,99,6,,,
5281,21,11,7,23,9,1,1,1,47,1,2.0,5.0,1999.0,1,2010,-1.0,-1,-1,1,,99,6,,,
5282,21,11,7,23,9,1,1,1,999,1,4.0,99.0,9999.0,1,2010,-1.0,-1,-1,9,,99,6,,,
5283,20,5,4,23,20,1,1,1,13,1,4.0,99.0,9999.0,1,2010,-1.0,-1,-1,2,,99,6,,,
5284,20,5,4,23,20,1,1,2,35,1,4.0,99.0,9999.0,1,2010,-1.0,-1,-1,1,,99,6,,,
5285,20,5,4,23,20,1,1,9,999,9,1.0,99.0,9999.0,1,2010,-1.0,-1,-1,9,,99,6,,,
5286,20,5,4,23,20,1,1,2,19,1,4.0,99.0,9999.0,1,2010,-1.0,-1,-1,1,,99,6,,,
5287,19,9,7,23,1,1,12,1,27,1,12.0,6.0,1997.0,1,2010,-1.0,-1,-1,1,,99,6,,,
5288,19,9,7,23,1,1,12,1,20,1,4.0,1.0,2009.0,1,2010,-1.0,-1,-1,1,,99,6,,,
5289,20,3,6,23,1,1,18,1,999,9,6.0,2.0,9999.0,1,2010,-1.0,-1,-1,9,,99,6,,,
5290,20,3,6,23,1,1,18,1,35,1,10.0,2.0,9999.0,1,2010,-1.0,-1,-1,1,,99,6,,,
5291,21,5,5,23,5,2,99,9,999,9,6.0,99.0,9999.0,1,2010,-1.0,-1,-1,9,,99,6,,,
5292,21,5,5,23,5,2,99,1,36,1,3.0,6.0,9999.0,1,2010,-1.0,-1,-1,1,,99,6,,,
5293,27,6,7,23,1,1,7,1,43,1,1.0,2.0,2003.0,1,2010,-1.0,-1,-1,1,,99,6,,,
5294,27,6,7,23,1,1,7,1,23,2,1.0,1.0,9999.0,1,2010,-1.0,-1,-1,1,,99,6,,,
5295,21,8,6,23,1,1,11,2,57,2,1.0,6.0,1999.0,1,2010,-1.0,-1,-1,1,,99,6,,,
5296,21,8,6,23,1,1,11,1,26,9,4.0,3.0,2005.0,1,2010,-1.0,-1,-1,1,,99,6,,,
5297,21,8,6,23,17,2,99,1,28,1,3.0,5.0,2009.0,1,2010,-1.0,-1,-1,1,,99,6,,,
5298,24,5,1,23,9,2,99,1,27,2,2.0,99.0,9999.0,1,2010,-1.0,-1,-1,1,,99,6,,,
5299,24,5,1,23,9,2,99,1,52,1,4.0,99.0,9999.0,1,2010,-1.0,-1,-1,1,,99,6,,,
5300,28,10,4,23,1,1,10,1,23,9,1.0,3.0,9999.0,1,2010,-1.0,-1,-1,1,,99,6,,,
5301,28,10,4,23,1,1,10,1,31,9,2.0,6.0,9999.0,1,2010,-1.0,-1,-1,1,,99,6,,,
5302,22,8,7,23,1,1,10,1,38,1,1.0,4.0,2006.0,1,2010,-1.0,-1,-1,1,,99,6,,,
5303,22,8,7,23,1,1,10,1,29,1,2.0,4.0,2006.0,1,2010,-1.0,-1,-1,1,,99,6,,,
5304,30,6,3,23,1,1,1,1,26,1,12.0,1.0,1989.0,1,2010,-1.0,-1,-1,1,,99,6,,,
5305,30,6,3,23,1,1,1,1,19,1,2.0,4.0,1998.0,1,2010,-1.0,-1,-1,1,,99,6,,,
5306,22,8,7,23,21,2,99,1,31,1,1.0,2.0,1994.0,1,2010,-1.0,-1,-1,1,,99,6,,,
5307,22,8,7,23,21,2,99,9,999,9,3.0,1.0,9999.0,1,2010,-1.0,-1,-1,9,,99,6,,,
5308,22,12,3,23,4,2,99,9,999,9,4.0,5.0,2007.0,1,2010,-1.0,-1,-1,9,,99,6,,,
5309,22,12,3,23,4,2,99,1,24,1,4.0,1.0,2009.0,1,2010,-1.0,-1,-1,1,,99,6,,,
5310,22,12,3,23,4,2,99,1,30,2,1.0,4.0,9999.0,1,2010,-1.0,-1,-1,1,,99,6,,,
5311,23,3,2,23,1,1,2,1,20,1,2.0,16.0,1997.0,1,2010,-1.0,-1,-1,1,,99,6,,,
5312,23,3,2,23,1,1,2,1,42,2,4.0,1.0,2008.0,1,2010,-1.0,-1,-1,1,,99,6,,,
5313,23,9,4,23,16,2,99,1,999,1,3.0,9.0,2001.0,1,2010,-1.0,-1,-1,9,,99,6,,,
5314,23,9,4,23,16,2,99,1,999,1,3.0,2.0,2002.0,1,2010,-1.0,-1,-1,9,,99,6,,,
5315,23,9,4,23,18,2,99,1,32,1,6.0,11.0,1989.0,1,2010,-1.0,-1,-1,1,,99,6,,,
5316,23,9,4,23,18,2,99,1,21,1,4.0,1.0,2007.0,1,2010,-1.0,-1,-1,1,,99,6,,,
5317,30,10,6,23,21,2,99,9,999,9,3.0,11.0,9999.0,1,2010,-1.0,-1,-1,9,,99,6,,,
5318,30,10,6,23,21,2,99,1,22,1,4.0,1.0,9999.0,1,2010,-1.0,-1,-1,1,,99,6,,,
5319,23,8,1,23,12,2,99,1,29,2,1.0,5.0,1996.0,1,2010,-1.0,-1,-1,1,,99,6,,,
5320,23,8,1,23,12,2,99,1,999,1,1.0,11.0,1999.0,1,2010,-1.0,-1,-1,9,,99,6,,,
5321,29,5,6,23,1,1,1,1,23,1,2.0,1.0,1989.0,1,2010,-1.0,-1,-1,1,,99,6,,,
5322,29,5,6,23,1,1,1,1,999,1,3.0,5.0,2008.0,1,2010,-1.0,-1,-1,9,,99,6,,,
5323,18,4,7,23,11,2,99,1,23,1,4.0,3.0,9999.0,1,2010,-1.0,-1,-1,1,,99,6,,,
5324,18,4,7,23,11,2,99,1,30,1,1.0,1.0,9999.0,1,2010,-1.0,-1,-1,1,,99,6,,,
5325,24,7,6,23,5,2,99,1,31,1,3.0,9.0,1995.0,1,2010,-1.0,-1,-1,1,,99,6,,,
5326,24,7,6,23,5,2,99,1,42,1,11.0,9.0,2000.0,1,2010,-1.0,-1,-1,1,,99,6,,,
5327,29,5,6,23,13,2,99,1,30,1,3.0,3.0,1982.0,1,2010,-1.0,-1,-1,1,,99,6,,,
5328,29,5,6,23,13,2,99,1,31,2,3.0,3.0,1985.0,1,2010,-1.0,-1,-1,1,,99,6,,,
5329,25,7,7,23,6,2,99,9,999,9,1.0,2.0,9999.0,1,2010,-1.0,-1,-1,9,,99,6,,,
5330,25,7,7,23,6,2,99,2,25,2,1.0,10.0,9999.0,1,2010,-1.0,-1,-1,1,,99,6,,,
5331,29,5,6,23,17,2,99,1,20,1,2.0,3.0,1996.0,1,2010,-1.0,-1,-1,1,,99,6,,,
5332,29,5,6,23,17,2,99,1,27,2,1.0,10.0,2002.0,1,2010,-1.0,-1,-1,1,,99,6,,,
5333,29,11,1,23,9,2,99,1,27,1,1.0,3.0,1990.0,1,2010,-1.0,-1,-1,1,,99,6,,,
5334,29,11,1,23,9,2,99,1,50,2,1.0,4.0,1994.0,1,2010,-1.0,-1,-1,1,,99,6,,,
5335,28,9,2,23,10,1,1,1,43,1,5.0,2.0,2001.0,1,2010,-1.0,-1,-1,1,,99,6,,,
5336,28,9,2,23,10,1,1,1,20,1,9.0,99.0,9999.0,1,2010,-1.0,-1,-1,1,,99,6,,,
5337,28,12,2,23,16,2,99,1,40,9,3.0,99.0,1982.0,1,2010,-1.0,-1,-1,1,,99,6,,,
5338,26,7,1,23,10,2,99,1,29,2,4.0,99.0,2008.0,1,2010,-1.0,-1,-1,1,,99,6,,,
5339,26,7,1,23,10,2,99,1,16,9,4.0,3.0,9999.0,1,2010,-1.0,-1,-1,2,,99,6,,,
5340,29,8,7,23,21,2,99,1,26,1,3.0,6.0,1994.0,1,2010,-1.0,-1,-1,1,,99,6,,,
5341,29,8,7,23,21,2,99,1,19,1,3.0,3.0,9999.0,1,2010,-1.0,-1,-1,1,,99,6,,,
5342,29,12,3,23,14,2,99,1,27,9,3.0,3.0,1986.0,1,2010,-1.0,-1,-1,1,,99,6,,,
5343,29,12,3,23,14,2,99,1,13,9,4.0,1.0,9999.0,1,2010,-1.0,-1,-1,2,,99,6,,,
5344,29,12,3,23,1,1,18,1,31,9,1.0,5.0,1986.0,1,2010,-1.0,-1,-1,1,,99,6,,,
5345,29,12,3,23,1,1,18,1,23,2,6.0,99.0,9999.0,1,2010,-1.0,-1,-1,1,,99,6,,,
5346,31,8,2,23,1,1,1,9,999,9,99.0,99.0,9999.0,1,2010,-1.0,-1,-1,9,,99,6,,,
5347,31,8,2,23,1,1,1,1,28,1,4.0,99.0,9999.0,1,2010,-1.0,-1,-1,1,,99,6,,,
5348,30,4,5,23,1,1,1,1,27,1,2.0,1.0,1996.0,1,2010,-1.0,-1,-1,1,,99,6,,,
5349,30,4,5,23,1,1,1,1,999,1,3.0,5.0,2008.0,1,2010,-1.0,-1,-1,9,,99,6,,,
5350,1,2,1,23,9,2,99,1,35,2,1.0,4.0,2004.0,2,2010,-1.0,-1,-1,1,,99,6,,,
5351,2,10,6,23,20,2,99,1,36,9,3.0,3.0,9999.0,2,2010,-1.0,-1,-1,1,,99,6,,,
5352,3,2,3,23,18,1,99,1,19,9,4.0,99.0,9999.0,4,2010,-1.0,-1,-1,1,,99,6,,,
5353,2,6,3,23,9,2,99,1,20,2,4.0,1.0,9999.0,4,2010,-1.0,-1,-1,1,,99,6,,,
5354,3,9,5,23,9,2,99,2,25,2,3.0,2.0,2010.0,2,2010,-1.0,-1,-1,1,,99,6,,,
5355,1,11,1,23,6,2,99,2,17,9,3.0,2.0,1977.0,3,2010,-1.0,-1,-1,2,,99,6,,,
5356,3,1,7,23,19,2,99,1,48,9,1.0,11.0,9999.0,3,2010,-1.0,-1,-1,1,,99,6,,,
5357,4,8,3,23,13,1,99,1,31,2,7.0,99.0,9999.0,2,2010,-1.0,-1,-1,1,,99,6,,,
5358,6,6,7,23,6,2,99,1,19,1,4.0,5.0,2004.0,2,2010,-1.0,-1,-1,1,,99,6,,,
5359,6,3,6,23,1,1,1,1,23,9,2.0,6.0,9999.0,2,2010,-1.0,-1,-1,1,,99,6,,,
5360,7,1,4,23,17,2,99,1,43,1,3.0,14.0,1989.0,2,2010,-1.0,-1,-1,1,,99,6,,,
5361,3,4,6,23,3,2,99,1,28,1,2.0,8.0,1991.0,2,2010,-1.0,-1,-1,1,,99,6,,,
5362,11,6,5,23,9,1,5,9,999,9,3.0,2.0,9999.0,2,2010,-1.0,-1,-1,9,,99,6,,,
5363,4,4,7,23,6,2,99,1,37,9,99.0,99.0,9999.0,3,2010,-1.0,-1,-1,1,,99,6,,,
5364,13,1,3,23,5,2,99,1,19,9,4.0,1.0,9999.0,4,2010,-1.0,-1,-1,1,,99,6,,,
5365,7,8,6,23,17,2,99,1,17,1,4.0,99.0,9999.0,4,2010,-1.0,-1,-1,2,,99,6,,,
5366,10,3,3,23,1,1,11,1,32,9,1.0,4.0,9999.0,2,2010,-1.0,-1,-1,1,,99,6,,,
5367,11,9,6,23,1,1,11,1,999,1,4.0,5.0,2009.0,2,2010,-1.0,-1,-1,9,,99,6,,,
5368,13,6,7,23,7,2,99,1,41,2,3.0,99.0,9999.0,4,2010,-1.0,-1,-1,1,,99,6,,,
5369,11,12,6,23,6,2,99,1,31,2,4.0,2.0,9999.0,4,2010,-1.0,-1,-1,1,,99,6,,,
5370,10,5,1,23,19,2,99,1,52,1,99.0,99.0,9999.0,3,2010,-1.0,-1,-1,1,,99,6,,,
5371,7,4,3,23,10,2,99,9,999,9,14.0,1.0,9999.0,2,2010,-1.0,-1,-1,9,,99,6,,,
5372,18,2,4,23,1,1,1,1,999,9,1.0,6.0,9999.0,2,2010,-1.0,-1,-1,9,,99,6,,,
5373,15,11,1,23,14,2,99,9,999,9,9.0,99.0,9999.0,2,2010,-1.0,-1,-1,9,,99,6,,,
5374,15,11,1,23,16,2,99,1,48,9,99.0,99.0,9999.0,2,2010,-1.0,-1,-1,1,,99,6,,,
5375,17,10,7,23,17,2,99,1,55,2,2.0,11.0,2007.0,2,2010,-1.0,-1,-1,1,,99,6,,,
5376,18,10,1,23,1,1,99,1,24,2,1.0,99.0,2003.0,2,2010,-1.0,-1,-1,1,,99,6,,,
5377,21,2,7,23,1,2,99,1,27,9,4.0,5.0,9999.0,2,2010,-1.0,-1,-1,1,,99,6,,,
5378,21,2,7,23,12,2,99,1,20,9,4.0,99.0,9999.0,2,2010,-1.0,-1,-1,1,,99,6,,,
5379,21,10,4,23,1,1,6,1,29,2,1.0,7.0,1978.0,2,2010,-1.0,-1,-1,1,,99,6,,,
5380,21,6,1,23,12,2,99,1,17,2,14.0,1.0,2009.0,4,2010,-1.0,-1,-1,2,,99,6,,,
5381,16,5,7,23,16,2,99,1,29,2,4.0,99.0,9999.0,4,2010,-1.0,-1,-1,1,,99,6,,,
5382,20,11,6,23,1,1,1,1,31,2,3.0,4.0,9999.0,2,2010,-1.0,-1,-1,1,,99,6,,,
5383,16,5,7,23,7,2,99,1,41,2,99.0,2.0,9999.0,3,2010,-1.0,-1,-1,1,,99,6,,,
5384,17,12,5,23,14,2,99,1,35,1,9.0,8.0,1990.0,4,2010,-1.0,-1,-1,1,,99,6,,,
5385,12,4,1,23,19,2,99,2,37,1,1.0,99.0,1998.0,2,2010,-1.0,-1,-1,1,,99,6,,,
5386,19,9,7,23,22,2,99,1,23,1,3.0,99.0,9999.0,3,2010,-1.0,-1,-1,1,,99,6,,,
5387,24,10,7,23,1,1,3,1,21,9,4.0,3.0,9999.0,2,2010,-1.0,-1,-1,1,,99,6,,,
5388,19,9,7,23,17,2,99,1,25,1,99.0,99.0,9999.0,4,2010,-1.0,-1,-1,1,,99,6,,,
5389,21,11,7,23,1,1,3,1,27,1,4.0,5.0,9999.0,2,2010,-1.0,-1,-1,1,,99,6,,,
5390,16,4,5,23,16,2,99,1,30,2,4.0,1.0,9999.0,2,2010,-1.0,-1,-1,1,,99,6,,,
5391,27,11,6,23,1,1,6,1,22,2,1.0,9.0,9999.0,2,2010,-1.0,-1,-1,1,,99,6,,,
5392,17,4,6,23,16,2,99,1,30,2,2.0,9.0,9999.0,2,2010,-1.0,-1,-1,1,,99,6,,,
5393,26,9,7,23,10,2,99,1,26,2,3.0,1.0,1991.0,2,2010,-1.0,-1,-1,1,,99,6,,,
5394,25,8,3,23,17,2,99,9,999,9,3.0,99.0,9999.0,2,2010,-1.0,-1,-1,9,,99,6,,,
5395,29,5,6,23,7,2,99,9,999,9,4.0,5.0,9999.0,13,2010,-1.0,-1,-1,9,,99,6,,,
5396,29,12,3,23,1,1,12,1,999,1,1.0,6.0,2000.0,2,2010,-1.0,-1,-1,9,,99,6,,,
5397,24,4,6,23,16,2,99,9,999,9,99.0,99.0,9999.0,3,2010,-1.0,-1,-1,9,,99,6,,,
5398,31,12,5,23,10,2,99,1,43,9,99.0,99.0,2005.0,1,2010,-1.0,-1,-1,1,,99,6,,,
5399,31,7,6,23,1,1,99,1,32,1,4.0,99.0,9999.0,2,2010,-1.0,-1,-1,1,,99,6,,,
0,1,1,7,12,1,1,3,1,40,1,1.0,6.0,1999.0,1,2012,,1,7,1,101.0,99,6,,,
1,1,1,7,12,1,1,3,1,65,1,1.0,1.0,1997.0,1,2012,,2,10,1,101.0,99,6,,,
2,1,1,7,17,1,1,18,1,44,2,1.0,2.0,9999.0,1,2012,,3,7,1,101.0,99,6,,,
3,1,1,7,17,1,1,18,1,999,1,3.0,5.0,9999.0,1,2012,,4,11,1,101.0,99,6,,,
4,1,1,7,10,1,2,99,1,52,1,3.0,4.0,9999.0,2,2012,,5,9,1,102.0,99,6,,,
5,1,1,7,17,1,1,11,2,35,1,1.0,2.0,1997.0,1,2012,,6,6,1,101.0,99,6,,,
6,1,1,7,17,1,1,11,1,44,2,3.0,4.0,9999.0,1,2012,,7,7,1,101.0,99,6,,,
7,1,1,7,17,1,1,11,1,999,1,3.0,99.0,9999.0,1,2012,,8,11,1,101.0,99,6,,,
8,1,1,7,9,1,1,6,1,19,2,4.0,2.0,9999.0,1,2012,,9,2,1,108.0,99,6,,,
9,1,1,7,9,1,1,6,1,28,1,4.0,1.0,9999.0,1,2012,,10,4,1,108.0,99,6,,,
10,1,1,7,12,1,2,1,1,40,2,12.0,1.0,1990.0,3,2012,,11,7,1,108.0,99,6,,,
11,1,1,7,11,1,2,99,1,43,1,4.0,1.0,2000.0,2,2012,,12,7,1,110.0,99,6,,,
12,1,1,7,10,22,2,99,1,31,1,3.0,1.0,9999.0,2,2012,,13,5,1,2215.0,99,6,,,
13,1,1,7,16,21,2,99,1,42,2,3.0,4.0,1987.0,1,2012,,14,7,1,2103.0,99,6,,,
14,1,1,7,16,21,2,99,1,23,1,4.0,1.0,2005.0,1,2012,,15,3,1,2103.0,99,6,,,
15,1,1,7,2,20,2,99,1,45,2,1.0,9.0,1978.0,1,2012,,16,8,1,2007.0,99,6,,,
16,1,1,7,2,20,2,99,1,19,2,1.0,5.0,1995.0,1,2012,,17,2,1,2007.0,99,6,,,
17,1,1,7,0,19,2,99,1,33,2,3.0,6.0,1994.0,3,2012,,18,5,1,1901.0,99,6,,,
18,1,1,7,19,19,2,99,1,999,2,2.0,11.0,9999.0,2,2012,,19,11,1,1903.0,99,6,,,
19,1,1,7,18,19,2,99,1,58,2,2.0,11.0,9999.0,1,2012,,20,10,1,1903.0,99,6,,,
20,1,1,7,18,19,2,99,1,41,1,2.0,2.0,2003.0,1,2012,,21,7,1,1903.0,99,6,,,
21,1,1,7,18,19,2,99,1,42,1,3.0,6.0,1995.0,1,2012,,22,7,1,1903.0,99,6,,,
22,1,1,7,22,19,2,99,1,38,1,3.0,3.0,9999.0,1,2012,,23,6,1,1903.0,99,6,,,
23,1,1,7,22,19,2,99,1,58,1,3.0,5.0,2010.0,1,2012,,24,10,1,1903.0,99,6,,,
24,1,1,7,17,5,2,99,1,35,2,3.0,7.0,2004.0,3,2012,,25,6,1,501.0,99,6,,,
25,1,1,7,11,5,2,99,1,999,1,3.0,99.0,9999.0,3,2012,,26,11,1,501.0,99,6,,,
26,1,1,7,12,10,2,99,1,76,1,3.0,99.0,9999.0,3,2012,,27,10,1,1002.0,99,6,,,
27,1,1,7,11,11,2,99,1,27,2,3.0,4.0,9999.0,1,2012,,28,4,1,1102.0,99,6,,,
28,1,1,7,11,11,2,99,1,43,1,1.0,5.0,2002.0,1,2012,,29,7,1,1102.0,99,6,,,
29,1,1,7,19,9,2,99,1,28,2,3.0,5.0,1990.0,1,2012,,30,4,1,918.0,99,6,,,
30,1,1,7,19,9,2,99,1,19,2,3.0,1.0,9999.0,1,2012,,31,2,1,918.0,99,6,,,
31,1,1,7,14,12,2,99,1,29,2,3.0,1.0,9999.0,1,2012,,32,4,1,1203.0,99,6,,,
32,1,1,7,14,12,2,99,1,29,1,1.0,11.0,2000.0,1,2012,,33,4,1,1203.0,99,6,,,
33,1,1,7,4,13,2,99,1,29,1,3.0,5.0,9999.0,3,2012,,34,4,1,1301.0,99,6,,,
34,1,1,7,15,13,2,99,9,999,9,2.0,99.0,9999.0,1,2012,,35,11,9,1301.0,99,6,,,
35,1,1,7,15,13,2,99,1,24,9,3.0,10.0,9999.0,1,2012,,36,3,1,1301.0,99,6,,,
36,1,1,7,6,13,2,99,1,29,2,3.0,5.0,9999.0,3,2012,,37,4,1,1301.0,99,6,,,
37,1,1,7,13,15,2,99,1,26,2,4.0,5.0,9999.0,2,2012,,38,4,1,1507.0,99,6,,,
38,1,1,7,17,2,2,99,1,27,2,14.0,1.0,2009.0,3,2012,,39,4,1,201.0,99,6,,,
39,1,1,7,2,18,2,99,9,999,9,4.0,1.0,9999.0,1,2012,,40,11,1,1801.0,99,6,,,
40,1,1,7,2,18,2,99,2,19,1,4.0,99.0,9999.0,1,2012,,41,2,1,1801.0,99,6,,,
41,1,1,7,2,17,2,99,1,46,1,3.0,99.0,9999.0,3,2012,,42,8,1,1712.0,99,6,,,
42,1,1,7,14,7,2,99,9,999,9,3.0,1.0,9999.0,2,2012,,43,11,1,701.0,99,6,,,
43,2,1,1,22,1,1,3,1,38,1,1.0,2.0,2002.0,1,2012,,44,6,1,101.0,99,6,,,
44,2,1,1,22,1,1,3,1,18,1,1.0,2.0,9999.0,1,2012,,45,2,1,101.0,99,6,,,
45,2,1,1,22,1,2,99,9,999,1,3.0,1.0,9999.0,1,2012,,46,11,1,113.0,99,6,,,
46,2,1,1,22,1,2,99,1,23,1,4.0,1.0,9999.0,1,2012,,47,3,1,113.0,99,6,,,
47,2,1,1,13,1,1,3,1,33,2,1.0,6.0,1994.0,1,2012,,48,5,1,108.0,99,6,,,
48,2,1,1,13,1,1,3,1,42,1,1.0,2.0,1991.0,1,2012,,49,7,1,108.0,99,6,,,
49,2,1,1,13,1,1,3,1,21,1,12.0,1.0,9999.0,1,2012,,50,3,1,108.0,99,6,,,
50,2,1,1,22,1,1,4,1,30,1,4.0,1.0,9999.0,3,2012,,51,5,1,108.0,99,6,,,
51,2,1,1,10,20,2,99,9,999,9,3.0,99.0,9999.0,3,2012,,52,11,1,2010.0,99,6,,,
52,2,1,1,17,6,2,99,1,32,1,3.0,4.0,1994.0,1,2012,,53,5,1,601.0,99,6,,,
53,2,1,1,17,6,2,99,1,54,1,3.0,5.0,1987.0,1,2012,,54,9,1,601.0,99,6,,,
54,2,1,1,17,6,2,99,1,21,1,9.0,2.0,2007.0,1,2012,,55,3,1,601.0,99,6,,,
55,2,1,1,22,10,2,99,1,45,2,1.0,14.0,1986.0,1,2012,,56,8,1,1001.0,99,6,,,
56,2,1,1,22,10,2,99,1,29,1,9.0,3.0,2008.0,1,2012,,57,4,1,1001.0,99,6,,,
57,2,1,1,7,10,1,1,1,22,9,4.0,1.0,2001.0,2,2012,,58,3,1,1001.0,99,6,,,
58,2,1,1,21,15,2,99,1,38,1,3.0,9.0,1998.0,3,2012,,59,6,1,1502.0,99,6,,,
59,2,1,1,22,2,2,99,9,999,9,3.0,99.0,9999.0,2,2012,,60,11,9,206.0,99,6,,,
60,2,1,1,11,7,2,99,1,58,1,9.0,6.0,2005.0,1,2012,,61,10,1,701.0,99,6,,,
61,2,1,1,11,7,2,99,1,42,1,6.0,5.0,9999.0,1,2012,,62,7,1,701.0,99,6,,,
62,2,1,1,16,7,2,99,1,56,1,3.0,9.0,9999.0,1,2012,,63,10,1,710.0,99,6,,,
63,3,1,2,19,1,2,99,1,24,1,4.0,1.0,1986.0,3,2012,,64,3,1,105.0,99,6,,,
64,3,1,2,6,1,2,99,1,25,9,6.0,11.0,9999.0,1,2012,,65,4,1,113.0,99,6,,,
65,3,1,2,6,1,2,99,2,26,9,1.0,6.0,9999.0,1,2012,,66,4,1,113.0,99,6,,,
66,3,1,2,6,1,2,99,1,33,9,2.0,10.0,1986.0,1,2012,,67,5,1,113.0,99,6,,,
67,3,1,2,18,1,1,10,1,53,1,1.0,1.0,2008.0,1,2012,,68,9,1,101.0,99,6,,,
68,3,1,2,18,1,1,10,2,35,1,2.0,4.0,2001.0,1,2012,,69,6,1,101.0,99,6,,,
69,3,1,2,9,10,2,99,1,76,1,5.0,99.0,9999.0,1,2012,,70,10,1,1020.0,99,6,,,
70,3,1,2,8,14,2,99,1,36,1,9.0,6.0,2009.0,1,2012,,71,6,1,1405.0,99,6,,,
71,3,1,2,8,14,2,99,1,27,1,4.0,99.0,9999.0,1,2012,,72,4,1,1405.0,99,6,,,
72,3,1,2,15,14,2,99,1,29,1,2.0,2.0,9999.0,2,2012,,73,4,1,1401.0,99,6,,,
73,3,1,2,9,10,2,99,1,31,1,3.0,2.0,1999.0,1,2012,,74,5,1,1020.0,99,6,,,
74,4,1,3,16,1,2,99,1,37,1,5.0,3.0,9999.0,1,2012,,75,6,1,115.0,99,6,,,
75,4,1,3,16,1,2,99,1,23,1,4.0,9.0,9999.0,1,2012,,76,3,1,115.0,99,6,,,
76,4,1,3,10,1,2,99,1,44,1,3.0,6.0,9999.0,2,2012,,77,7,1,115.0,99,6,,,
77,4,1,3,19,5,1,1,1,25,1,3.0,1.0,9999.0,1,2012,,78,4,1,501.0,99,6,,,
78,4,1,3,19,5,1,1,2,21,1,4.0,4.0,9999.0,1,2012,,79,3,1,501.0,99,6,,,
79,5,1,4,18,1,1,6,1,38,1,8.0,4.0,2003.0,1,2012,,80,6,1,101.0,99,6,,,
80,5,1,4,18,1,1,6,1,17,1,4.0,99.0,9999.0,1,2012,,81,2,2,101.0,99,6,,,
81,5,1,4,21,1,2,99,1,20,2,1.0,4.0,2006.0,1,2012,,82,3,1,102.0,99,6,,,
82,5,1,4,21,1,2,99,2,42,1,2.0,9.0,2008.0,1,2012,,83,7,1,102.0,99,6,,,
83,5,1,4,9,1,1,12,1,36,1,3.0,16.0,9999.0,1,2012,,84,6,1,115.0,99,6,,,
84,5,1,4,9,1,1,12,1,20,1,4.0,1.0,9999.0,1,2012,,85,3,1,115.0,99,6,,,
85,5,1,4,18,18,2,99,1,40,1,4.0,99.0,9999.0,1,2012,,86,7,1,1801.0,99,6,,,
86,5,1,4,18,18,2,99,9,999,9,6.0,99.0,9999.0,1,2012,,87,11,9,1801.0,99,6,,,
87,6,1,5,20,5,2,99,9,999,9,6.0,2.0,1999.0,1,2012,,88,11,9,501.0,99,6,,,
88,6,1,5,20,5,2,99,1,38,9,3.0,2.0,1981.0,1,2012,,89,6,1,501.0,99,6,,,
89,6,1,5,11,14,2,99,9,999,9,14.0,1.0,9999.0,4,2012,,90,11,9,1401.0,99,6,,,
90,7,1,6,21,1,1,1,1,31,1,2.0,2.0,9999.0,1,2012,,91,5,1,101.0,99,6,,,
91,7,1,6,21,1,1,1,1,27,1,3.0,5.0,9999.0,1,2012,,92,4,1,101.0,99,6,,,
92,7,1,6,22,1,1,17,1,25,1,1.0,2.0,2000.0,1,2012,,93,4,1,101.0,99,6,,,
93,7,1,6,22,1,1,17,1,33,1,3.0,1.0,1987.0,1,2012,,94,5,1,101.0,99,6,,,
94,7,1,6,18,22,2,99,1,36,9,4.0,1.0,2010.0,1,2012,,95,6,1,2201.0,99,6,,,
95,7,1,6,18,22,2,99,9,999,9,12.0,2.0,9999.0,1,2012,,96,11,9,2201.0,99,6,,,
96,7,1,6,20,6,2,99,1,56,9,5.0,2.0,9999.0,1,2012,,97,10,1,602.0,99,6,,,
97,7,1,6,20,6,2,99,1,999,9,2.0,4.0,9999.0,1,2012,,98,11,1,602.0,99,6,,,
98,7,1,6,11,11,2,99,1,32,9,4.0,1.0,9999.0,1,2012,,99,5,1,1101.0,99,6,,,
99,7,1,6,11,11,2,99,9,999,9,1.0,99.0,9999.0,1,2012,,100,11,9,1101.0,99,6,,,
100,7,1,6,22,9,2,99,1,21,2,9.0,1.0,9999.0,1,2012,,101,3,1,901.0,99,6,,,
101,7,1,6,22,9,2,99,9,999,9,1.0,6.0,1994.0,1,2012,,102,11,9,901.0,99,6,,,
102,7,1,6,1,15,2,99,1,999,1,1.0,3.0,9999.0,2,2012,,103,11,1,1501.0,99,6,,,
103,7,1,6,13,2,2,99,1,60,1,1.0,6.0,1997.0,2,2012,,104,10,1,201.0,99,6,,,
104,7,1,6,12,3,2,99,1,32,1,1.0,4.0,2001.0,1,2012,,105,5,1,301.0,99,6,,,
105,7,1,6,12,3,2,99,1,51,1,2.0,2.0,2002.0,1,2012,,106,9,1,301.0,99,6,,,
106,8,1,7,21,5,2,99,1,25,1,4.0,99.0,9999.0,1,2012,,107,4,1,502.0,99,6,,,
107,8,1,7,21,5,2,99,1,999,1,4.0,99.0,9999.0,1,2012,,108,11,1,502.0,99,6,,,
108,8,1,7,1,13,2,99,1,49,2,3.0,99.0,9999.0,2,2012,,109,8,1,1301.0,99,6,,,
109,8,1,7,1,1,1,12,1,23,9,1.0,99.0,2003.0,2,2012,,110,3,1,101.0,99,6,,,
110,8,1,7,16,17,1,99,1,28,9,4.0,99.0,9999.0,2,2012,,111,4,1,1704.0,99,6,,,
111,8,1,7,1,1,1,7,1,29,9,1.0,4.0,9999.0,1,2012,,112,4,1,108.0,99,6,,,
112,8,1,7,1,1,1,7,1,999,9,3.0,5.0,9999.0,1,2012,,113,11,1,108.0,99,6,,,
113,9,1,1,0,1,2,99,1,22,9,4.0,99.0,9999.0,3,2012,,114,3,1,102.0,99,6,,,
114,9,1,1,15,1,1,9,1,36,9,3.0,1.0,9999.0,1,2012,,115,6,1,117.0,99,6,,,
115,9,1,1,15,1,1,9,1,44,9,3.0,2.0,1986.0,1,2012,,116,7,1,117.0,99,6,,,
116,9,1,1,16,9,2,99,1,39,2,5.0,2.0,1990.0,1,2012,,117,6,1,909.0,99,6,,,
117,9,1,1,16,9,2,99,2,24,1,1.0,14.0,2011.0,1,2012,,118,3,1,909.0,99,6,,,
118,9,1,1,11,13,2,99,1,999,9,3.0,99.0,9999.0,3,2012,,119,11,9,1304.0,99,6,,,
119,9,1,1,20,8,2,99,1,44,2,3.0,4.0,9999.0,1,2012,,120,7,1,803.0,99,6,,,
120,9,1,1,20,8,2,99,1,36,1,3.0,7.0,2006.0,1,2012,,121,6,1,803.0,99,6,,,
121,9,1,1,7,7,2,99,1,34,1,5.0,14.0,1995.0,3,2012,,122,5,1,718.0,99,6,,,
122,9,1,1,5,4,2,99,9,999,9,7.0,6.0,9999.0,3,2012,,123,11,1,409.0,99,6,,,
123,9,1,1,7,4,2,99,9,999,9,7.0,6.0,9999.0,3,2012,,124,11,1,406.0,99,6,,,
124,9,1,1,15,3,2,99,1,27,2,3.0,5.0,9999.0,2,2012,,125,4,1,306.0,99,6,,,
125,9,1,1,11,3,2,99,1,999,9,1.0,2.0,9999.0,3,2012,,126,11,9,308.0,99,6,,,
126,10,1,2,20,9,2,99,1,32,1,4.0,8.0,9999.0,1,2012,,127,5,1,920.0,99,6,,,
127,10,1,2,20,9,2,99,1,26,1,4.0,4.0,2006.0,1,2012,,128,4,1,920.0,99,6,,,
128,10,1,2,12,9,1,1,1,24,1,1.0,6.0,9999.0,1,2012,,129,3,1,901.0,99,6,,,
129,10,1,2,12,9,1,1,1,26,1,4.0,5.0,2012.0,1,2012,,130,4,1,901.0,99,6,,,
130,10,1,2,1,9,2,99,9,999,9,12.0,1.0,1992.0,1,2012,,131,11,9,903.0,99,6,,,
131,10,1,2,1,9,2,99,9,999,9,12.0,6.0,1992.0,1,2012,,132,11,9,903.0,99,6,,,
132,10,1,2,19,12,2,99,1,31,2,9.0,5.0,1989.0,2,2012,,133,5,1,1202.0,99,6,,,
133,11,1,3,9,1,2,4,1,23,1,4.0,5.0,2007.0,1,2012,,134,3,1,115.0,99,6,,,
134,11,1,3,9,1,2,4,1,999,1,6.0,4.0,1997.0,1,2012,,135,11,1,115.0,99,6,,,
135,11,1,3,11,5,2,99,1,31,1,16.0,99.0,9999.0,3,2012,,136,5,1,502.0,99,6,,,
136,11,1,3,17,5,2,99,9,999,1,5.0,99.0,9999.0,1,2012,,137,11,1,511.0,99,6,,,
137,11,1,3,17,5,2,99,9,999,1,6.0,99.0,9999.0,1,2012,,138,11,1,511.0,99,6,,,
138,11,1,3,18,5,2,99,1,999,1,7.0,6.0,9999.0,3,2012,,139,11,1,511.0,99,6,,,
139,11,1,3,18,9,2,2,1,35,1,3.0,2.0,2004.0,1,2012,,140,6,1,901.0,99,6,,,
140,11,1,3,18,9,2,2,1,30,1,4.0,1.0,2008.0,1,2012,,141,5,1,901.0,99,6,,,
141,11,1,3,20,8,1,1,9,999,1,3.0,99.0,9999.0,1,2012,,142,11,9,803.0,99,6,,,
142,11,1,3,20,8,1,1,1,25,1,4.0,7.0,2007.0,1,2012,,143,4,1,803.0,99,6,,,
143,12,1,4,0,1,1,3,1,999,1,3.0,5.0,9999.0,1,2012,,144,11,1,101.0,99,6,,,
144,12,1,4,0,1,1,3,1,21,1,3.0,6.0,9999.0,1,2012,,145,3,1,101.0,99,6,,,
145,12,1,4,5,1,1,6,9,999,9,1.0,3.0,9999.0,2,2012,,146,11,9,101.0,99,6,,,
146,12,1,4,21,1,1,99,1,23,1,1.0,3.0,1992.0,1,2012,,147,3,1,117.0,99,6,,,
147,12,1,4,21,1,1,99,1,21,1,4.0,3.0,9999.0,1,2012,,148,3,1,117.0,99,6,,,
148,12,1,4,18,21,2,99,1,19,2,4.0,1.0,9999.0,2,2012,,149,2,1,2102.0,99,6,,,
149,12,1,4,8,20,2,99,1,51,1,1.0,9.0,1994.0,1,2012,,150,9,1,2007.0,99,6,,,
150,12,1,4,8,20,2,99,1,42,1,5.0,7.0,1997.0,1,2012,,151,7,1,2007.0,99,6,,,
151,12,1,4,8,5,2,99,1,24,1,5.0,2.0,1998.0,2,2012,,152,3,1,502.0,99,6,,,
152,12,1,4,20,9,2,99,1,36,1,7.0,2.0,9999.0,1,2012,,153,6,1,920.0,99,6,,,
153,12,1,4,20,9,2,99,1,30,1,4.0,5.0,9999.0,1,2012,,154,5,1,920.0,99,6,,,
154,12,1,4,10,12,2,99,9,999,9,3.0,4.0,9999.0,3,2012,,155,11,9,1202.0,99,6,,,
155,12,1,4,9,16,2,99,1,26,1,4.0,99.0,9999.0,1,2012,,156,4,1,1611.0,99,6,,,
156,12,1,4,9,16,2,99,1,24,1,4.0,99.0,9999.0,1,2012,,157,3,1,1611.0,99,6,,,
157,12,1,4,15,14,1,99,9,999,9,9.0,6.0,9999.0,3,2012,,158,11,9,1402.0,99,6,,,
158,13,1,6,4,1,2,11,1,22,2,1.0,2.0,2001.0,2,2012,,159,3,1,101.0,99,6,,,
159,13,1,6,17,21,1,99,1,22,1,4.0,3.0,9999.0,1,2012,,160,3,1,2106.0,99,6,,,
160,13,1,6,17,21,1,99,9,999,9,3.0,3.0,9999.0,1,2012,,161,11,9,2106.0,99,6,,,
161,13,1,6,23,19,1,99,1,31,9,3.0,4.0,1987.0,2,2012,,162,5,1,1904.0,99,6,,,
162,13,1,6,20,5,1,99,1,13,9,4.0,3.0,9999.0,1,2012,,163,1,2,501.0,99,6,,,
163,13,1,6,20,5,1,99,9,999,9,7.0,7.0,9999.0,1,2012,,164,11,9,501.0,99,6,,,
164,14,1,7,3,1,1,1,1,35,9,1.0,2.0,2001.0,1,2012,,165,6,1,101.0,99,6,,,
165,14,1,7,3,1,1,1,1,24,9,4.0,3.0,9999.0,1,2012,,166,3,1,101.0,99,6,,,
166,14,1,7,17,1,1,18,1,27,9,4.0,5.0,9999.0,1,2012,,167,4,1,101.0,99,6,,,
167,14,1,7,17,1,1,18,9,999,9,3.0,99.0,9999.0,1,2012,,168,11,9,101.0,99,6,,,
168,14,1,7,1,1,1,21,9,999,9,4.0,5.0,9999.0,1,2012,,169,11,9,101.0,99,6,,,
169,14,1,7,19,1,1,21,1,27,9,3.0,3.0,9999.0,1,2012,,170,4,1,101.0,99,6,,,
170,14,1,7,7,5,2,99,1,38,9,6.0,1.0,9999.0,1,2012,,171,6,1,501.0,99,6,,,
171,14,1,7,7,5,2,99,1,30,9,6.0,3.0,9999.0,1,2012,,172,5,1,501.0,99,6,,,
172,14,1,7,17,5,2,99,1,37,9,3.0,6.0,9999.0,3,2012,,173,6,1,506.0,99,6,,,
173,14,1,7,19,10,2,99,1,20,9,14.0,1.0,9999.0,1,2012,,174,3,1,1001.0,99,6,,,
174,14,1,7,19,10,2,99,9,999,9,4.0,1.0,9999.0,1,2012,,175,11,9,1001.0,99,6,,,
175,14,1,7,1,4,2,99,1,45,9,3.0,4.0,2006.0,1,2012,,176,8,1,409.0,99,6,,,
176,14,1,7,1,4,2,99,1,30,9,5.0,7.0,1997.0,1,2012,,177,5,1,409.0,99,6,,,
177,15,1,7,9,22,2,99,1,32,9,3.0,2.0,1998.0,1,2012,,178,5,1,2201.0,99,6,,,
178,15,1,7,9,22,2,99,1,20,9,14.0,1.0,2006.0,1,2012,,179,3,1,2201.0,99,6,,,
179,15,1,7,16,22,2,99,1,50,2,1.0,2.0,1993.0,1,2012,,180,9,1,2201.0,99,6,,,
180,15,1,7,16,22,2,99,1,30,1,4.0,5.0,9999.0,1,2012,,181,5,1,2201.0,99,6,,,
181,15,1,7,19,21,2,99,1,54,2,2.0,9.0,1993.0,2,2012,,182,9,1,2101.0,99,6,,,
182,15,1,7,8,5,2,99,1,18,9,3.0,1.0,9999.0,3,2012,,183,2,1,506.0,99,6,,,
183,15,1,7,13,5,2,99,1,26,1,3.0,3.0,9999.0,3,2012,,184,4,1,501.0,99,6,,,
184,15,1,7,20,6,2,99,1,28,1,4.0,5.0,2011.0,1,2012,,185,4,1,604.0,99,6,,,
185,15,1,7,20,6,2,99,2,28,1,4.0,3.0,9999.0,1,2012,,186,4,1,604.0,99,6,,,
186,15,1,7,17,10,2,99,1,28,9,4.0,4.0,2010.0,3,2012,,187,4,1,1001.0,99,6,,,
187,15,1,7,3,11,2,99,1,23,2,4.0,14.0,9999.0,3,2012,,188,3,1,1101.0,99,6,,,
188,15,1,7,22,15,2,99,1,16,1,4.0,1.0,9999.0,1,2012,,189,2,2,1501.0,99,6,,,
189,15,1,7,22,15,2,99,9,999,9,3.0,4.0,1994.0,1,2012,,190,11,9,1501.0,99,6,,,
190,15,1,7,18,18,2,99,1,46,2,4.0,3.0,2011.0,4,2012,,191,8,1,1801.0,99,6,,,
191,15,1,7,22,17,2,99,1,17,1,3.0,6.0,9999.0,2,2012,,192,2,2,1701.0,99,6,,,
192,16,1,1,3,1,2,99,1,19,1,1.0,3.0,9999.0,1,2012,,193,2,1,102.0,99,6,,,
193,16,1,1,3,1,2,99,1,40,1,6.0,6.0,9999.0,1,2012,,194,7,1,102.0,99,6,,,
194,16,1,1,3,20,2,99,1,26,1,4.0,1.0,9999.0,1,2012,,195,4,1,2001.0,99,6,,,
195,16,1,1,3,20,2,99,9,999,9,3.0,4.0,9999.0,1,2012,,196,11,9,2001.0,99,6,,,
196,16,1,1,21,11,2,99,1,28,2,14.0,1.0,2009.0,1,2012,,197,4,1,1101.0,99,6,,,
197,16,1,1,21,11,2,99,2,22,1,3.0,3.0,2000.0,1,2012,,198,3,1,1101.0,99,6,,,
198,16,1,1,14,2,2,99,1,36,1,3.0,3.0,1992.0,1,2012,,199,6,1,201.0,99,6,,,
199,16,1,1,14,2,2,99,1,31,2,1.0,14.0,9999.0,1,2012,,200,5,1,201.0,99,6,,,
200,16,1,1,22,17,2,99,1,25,2,4.0,1.0,9999.0,1,2012,,201,4,1,1701.0,99,6,,,
201,17,1,2,21,1,1,1,1,22,1,3.0,4.0,9999.0,1,2012,,202,3,1,101.0,99,6,,,
202,17,1,2,21,1,1,1,1,20,1,4.0,1.0,9999.0,1,2012,,203,3,1,101.0,99,6,,,
203,17,1,2,21,1,1,3,1,35,1,3.0,6.0,2007.0,1,2012,,204,6,1,101.0,99,6,,,
204,17,1,2,21,1,1,3,1,42,1,3.0,10.0,1982.0,1,2012,,205,7,1,101.0,99,6,,,
205,17,1,3,16,1,1,1,1,50,1,1.0,7.0,2011.0,1,2012,,206,9,1,101.0,99,6,,,
206,17,1,3,16,1,1,1,1,33,1,4.0,5.0,9999.0,1,2012,,207,5,1,101.0,99,6,,,
207,17,1,2,20,22,2,99,1,65,1,6.0,2.0,2000.0,1,2012,,208,10,1,2214.0,99,6,,,
208,17,1,2,20,22,2,99,1,24,1,4.0,5.0,9999.0,1,2012,,209,3,1,2214.0,99,6,,,
209,17,1,2,12,9,2,99,1,30,2,3.0,9.0,1991.0,3,2012,,210,5,1,902.0,99,6,,,
210,18,1,3,21,1,1,1,1,24,1,1.0,5.0,1995.0,1,2012,,211,3,1,101.0,99,6,,,
211,18,1,3,21,1,1,1,9,999,9,2.0,5.0,9999.0,1,2012,,212,11,9,101.0,99,6,,,
212,18,1,3,2,1,2,99,1,22,1,4.0,5.0,2010.0,2,2012,,213,3,1,113.0,99,6,,,
213,18,1,3,23,1,2,99,1,27,1,3.0,4.0,2009.0,1,2012,,214,4,1,102.0,99,6,,,
214,18,1,3,23,1,2,99,1,24,1,3.0,5.0,2007.0,1,2012,,215,3,1,102.0,99,6,,,
215,18,1,3,13,21,1,99,1,22,1,4.0,1.0,2011.0,1,2012,,216,3,1,2107.0,99,6,,,
216,18,1,3,13,21,1,99,1,22,1,4.0,6.0,2003.0,1,2012,,217,3,1,2107.0,99,6,,,
217,18,1,3,13,21,1,99,1,56,1,3.0,2.0,1995.0,1,2012,,218,10,1,2107.0,99,6,,,
218,18,1,3,8,6,2,99,1,40,1,2.0,4.0,2005.0,3,2012,,219,7,1,606.0,99,6,,,
219,18,1,3,18,6,2,99,2,50,9,2.0,2.0,1988.0,4,2012,,220,9,1,601.0,99,6,,,
220,18,1,3,2,10,2,99,9,999,9,4.0,5.0,9999.0,2,2012,,221,11,9,1001.0,99,6,,,
221,18,1,3,17,11,2,99,1,19,2,14.0,1.0,9999.0,1,2012,,222,2,1,1103.0,99,6,,,
222,18,1,3,17,11,2,99,1,36,1,4.0,3.0,9999.0,1,2012,,223,6,1,1103.0,99,6,,,
223,18,1,3,0,16,2,99,1,39,1,8.0,1.0,1986.0,2,2012,,224,6,1,1609.0,99,6,,,
224,18,1,3,7,18,2,99,1,33,1,4.0,99.0,9999.0,2,2012,,225,5,1,1801.0,99,6,,,
225,18,1,3,10,17,1,99,9,999,9,4.0,7.0,9999.0,1,2012,,226,11,9,1701.0,99,6,,,
226,18,1,3,10,17,1,99,9,999,9,4.0,9.0,9999.0,1,2012,,227,11,9,1701.0,99,6,,,
227,18,1,3,16,17,1,99,9,999,9,14.0,1.0,9999.0,4,2012,,228,11,9,1708.0,99,6,,,
228,18,1,3,19,17,2,99,9,999,9,5.0,99.0,9999.0,1,2012,,229,11,9,1705.0,99,6,,,
229,18,1,3,19,17,2,99,1,30,9,4.0,99.0,9999.0,1,2012,,230,5,1,1705.0,99,6,,,
230,18,1,3,6,14,2,99,1,19,9,5.0,1.0,1985.0,3,2012,,231,2,1,1409.0,99,6,,,
231,19,1,4,20,1,1,1,1,30,2,1.0,99.0,9999.0,1,2012,,232,5,1,101.0,99,6,,,
232,19,1,4,20,1,1,1,1,20,1,4.0,99.0,9999.0,1,2012,,233,3,1,101.0,99,6,,,
233,19,1,4,3,1,1,18,1,22,9,1.0,5.0,9999.0,2,2012,,234,3,1,101.0,99,6,,,
234,19,1,4,23,1,1,18,2,29,1,1.0,5.0,9999.0,1,2012,,235,4,1,101.0,99,6,,,
235,19,1,4,23,1,1,18,9,999,9,5.0,2.0,9999.0,1,2012,,236,11,9,101.0,99,6,,,
236,19,1,4,16,1,1,6,1,999,1,4.0,3.0,9999.0,1,2012,,237,11,1,101.0,99,6,,,
237,19,1,4,16,1,1,6,1,28,1,6.0,2.0,2011.0,1,2012,,238,4,1,101.0,99,6,,,
238,19,1,4,0,1,1,7,2,41,9,1.0,5.0,9999.0,3,2012,,239,7,1,101.0,99,6,,,
239,19,1,4,17,6,2,99,1,63,9,3.0,9.0,1984.0,1,2012,,240,10,1,601.0,99,6,,,
240,19,1,4,17,6,2,99,1,32,9,4.0,5.0,9999.0,1,2012,,241,5,1,601.0,99,6,,,
241,19,1,4,22,2,2,99,1,44,9,14.0,1.0,9999.0,2,2012,,242,7,1,205.0,99,6,,,
242,19,1,4,18,18,1,99,9,999,9,3.0,99.0,9999.0,1,2012,,243,11,9,1801.0,99,6,,,
243,19,1,4,18,18,1,99,1,18,1,4.0,99.0,9999.0,1,2012,,244,2,1,1801.0,99,6,,,
244,20,1,5,18,1,1,4,1,38,1,12.0,1.0,9999.0,1,2012,,245,6,1,108.0,99,6,,,
245,20,1,5,18,1,1,4,1,43,1,5.0,2.0,1997.0,1,2012,,246,7,1,108.0,99,6,,,
246,20,1,5,18,5,1,1,1,35,1,3.0,3.0,9999.0,1,2012,,247,6,1,501.0,99,6,,,
247,20,1,5,18,5,1,1,1,18,1,4.0,1.0,9999.0,1,2012,,248,2,1,501.0,99,6,,,
248,20,1,5,10,5,1,99,1,24,1,14.0,1.0,9999.0,1,2012,,249,3,1,507.0,99,6,,,
249,20,1,5,10,5,1,99,9,999,9,3.0,99.0,9999.0,1,2012,,250,11,9,507.0,99,6,,,
250,20,1,5,14,6,2,99,1,43,1,4.0,5.0,9999.0,1,2012,,251,7,1,608.0,99,6,,,
251,20,1,5,14,6,2,99,9,999,9,3.0,2.0,9999.0,1,2012,,252,11,1,608.0,99,6,,,
252,20,1,5,14,10,1,99,1,31,1,9.0,6.0,9999.0,1,2012,,253,5,1,1008.0,99,6,,,
253,20,1,5,14,10,1,99,2,38,1,4.0,5.0,2010.0,1,2012,,254,6,1,1008.0,99,6,,,
254,20,1,5,22,13,1,1,1,56,1,1.0,2.0,2002.0,1,2012,,255,10,1,1301.0,99,6,,,
255,20,1,5,22,13,1,1,1,21,2,4.0,3.0,9999.0,1,2012,,256,3,1,1301.0,99,6,,,
256,20,1,5,11,16,1,2,1,25,1,2.0,2.0,1999.0,1,2012,,257,4,1,1601.0,99,6,,,
257,20,1,5,11,16,1,2,1,35,1,1.0,4.0,2005.0,1,2012,,258,6,1,1601.0,99,6,,,
258,20,1,5,17,14,2,99,1,46,1,3.0,3.0,1992.0,4,2012,,259,8,1,1401.0,99,6,,,
259,20,1,5,14,4,1,2,1,46,2,3.0,11.0,9999.0,1,2012,,260,8,1,406.0,99,6,,,
260,20,1,5,14,4,1,2,1,35,1,4.0,1.0,9999.0,1,2012,,261,6,1,406.0,99,6,,,
261,21,1,6,21,1,1,1,1,29,1,12.0,1.0,9999.0,1,2012,,262,4,1,101.0,99,6,,,
262,21,1,6,21,1,1,1,1,61,2,1.0,1.0,1989.0,1,2012,,263,10,1,101.0,99,6,,,
263,21,1,6,7,1,1,9,2,36,1,1.0,2.0,1991.0,1,2012,,264,6,1,101.0,99,6,,,
264,21,1,6,7,1,1,9,1,26,1,4.0,3.0,9999.0,1,2012,,265,4,1,101.0,99,6,,,
265,21,1,6,20,1,1,1,1,25,1,4.0,3.0,9999.0,1,2012,,266,4,1,101.0,99,6,,,
266,21,1,6,20,1,1,1,9,999,9,3.0,99.0,9999.0,1,2012,,267,11,9,101.0,99,6,,,
267,21,1,6,18,1,1,1,1,32,1,4.0,5.0,9999.0,2,2012,,268,5,1,101.0,99,6,,,
268,21,1,6,22,1,1,6,1,31,1,1.0,9.0,1999.0,1,2012,,269,5,1,101.0,99,6,,,
269,21,1,6,22,1,1,6,1,20,1,4.0,4.0,2004.0,1,2012,,270,3,1,101.0,99,6,,,
270,21,1,6,15,1,1,5,2,27,1,3.0,6.0,1994.0,1,2012,,271,4,1,101.0,99,6,,,
271,21,1,6,15,1,1,5,1,41,1,4.0,1.0,2007.0,1,2012,,272,7,1,101.0,99,6,,,
272,21,1,6,2,1,1,7,1,26,2,4.0,99.0,9999.0,1,2012,,273,4,1,101.0,99,6,,,
273,21,1,6,2,1,1,7,9,999,9,1.0,99.0,9999.0,1,2012,,274,11,9,101.0,99,6,,,
274,21,1,6,2,1,1,11,1,25,9,3.0,2.0,9999.0,1,2012,,275,4,1,101.0,99,6,,,
275,21,1,6,2,1,1,11,9,999,9,6.0,2.0,9999.0,1,2012,,276,11,9,101.0,99,6,,,
276,21,1,6,13,1,1,11,1,999,9,4.0,5.0,9999.0,1,2012,,277,11,1,101.0,99,6,,,
277,21,1,6,13,1,1,11,9,999,9,5.0,99.0,9999.0,1,2012,,278,11,9,101.0,99,6,,,
278,21,1,6,15,1,1,12,1,41,1,9.0,11.0,9999.0,1,2012,,279,7,1,101.0,99,6,,,
279,21,1,6,15,1,1,12,1,999,1,3.0,99.0,9999.0,1,2012,,280,11,1,101.0,99,6,,,
280,21,1,6,22,1,1,1,1,47,1,3.0,4.0,1984.0,1,2012,,281,8,1,108.0,99,6,,,
281,21,1,6,22,1,1,1,1,24,2,4.0,1.0,9999.0,1,2012,,282,3,1,108.0,99,6,,,
282,21,1,6,23,5,1,1,1,23,2,4.0,1.0,9999.0,1,2012,,283,3,1,501.0,99,6,,,
283,21,1,6,23,5,1,1,1,28,2,4.0,5.0,9999.0,1,2012,,284,4,1,501.0,99,6,,,
284,21,1,6,19,13,2,99,1,19,2,1.0,4.0,9999.0,1,2012,,285,2,1,1303.0,99,6,,,
285,21,1,6,19,13,2,99,1,21,2,3.0,2.0,9999.0,1,2012,,286,3,1,1303.0,99,6,,,
286,21,1,6,19,13,2,99,1,25,1,4.0,99.0,9999.0,1,2012,,287,4,1,1303.0,99,6,,,
287,21,1,6,21,18,1,99,1,40,9,4.0,99.0,9999.0,1,2012,,288,7,1,1801.0,99,6,,,
288,21,1,6,21,18,1,99,9,999,9,2.0,99.0,9999.0,1,2012,,289,11,9,1801.0,99,6,,,
289,21,1,6,19,4,2,99,9,999,9,7.0,6.0,9999.0,2,2012,,290,11,9,409.0,99,6,,,
290,21,1,6,18,3,2,99,1,45,1,2.0,4.0,1992.0,1,2012,,291,8,1,304.0,99,6,,,
291,21,1,6,18,3,2,99,9,999,9,13.0,7.0,9999.0,1,2012,,292,11,9,304.0,99,6,,,
292,22,1,7,18,1,1,99,9,999,9,3.0,1.0,9999.0,3,2012,,293,11,9,115.0,99,6,,,
293,22,1,7,4,5,2,99,1,21,2,1.0,4.0,9999.0,2,2012,,294,3,1,505.0,99,6,,,
294,22,1,7,11,6,2,99,1,21,1,3.0,3.0,9999.0,2,2012,,295,3,1,601.0,99,6,,,
295,22,1,7,2,18,2,99,9,999,9,99.0,99.0,9999.0,1,2012,,296,11,9,1801.0,99,6,,,
296,22,1,7,2,18,2,99,9,22,9,4.0,5.0,9999.0,1,2012,,297,3,1,1801.0,99,6,,,
297,22,1,7,16,17,2,99,1,38,9,4.0,99.0,9999.0,3,2012,,298,6,1,1712.0,99,6,,,
298,22,1,7,17,17,2,99,1,18,9,4.0,5.0,9999.0,3,2012,,299,2,1,1708.0,99,6,,,
299,22,1,7,11,3,2,99,1,28,9,9.0,2.0,9999.0,1,2012,,300,4,1,303.0,99,6,,,
300,22,1,7,11,3,2,99,1,18,9,4.0,1.0,9999.0,1,2012,,301,2,1,303.0,99,6,,,
301,22,1,7,14,3,2,99,1,25,9,9.0,2.0,9999.0,1,2012,,302,4,1,308.0,99,6,,,
302,22,1,7,14,3,2,99,1,49,9,4.0,3.0,9999.0,1,2012,,303,8,1,308.0,99,6,,,
303,23,1,1,0,1,1,1,2,28,9,1.0,2.0,9999.0,1,2012,,304,4,1,101.0,99,6,,,
304,23,1,1,0,1,1,1,2,31,9,1.0,9.0,9999.0,1,2012,,305,5,1,101.0,99,6,,,
305,23,1,1,6,1,2,99,1,30,9,7.0,3.0,9999.0,1,2012,,306,5,1,110.0,99,6,,,
306,23,1,1,6,1,2,99,9,999,9,2.0,11.0,9999.0,1,2012,,307,11,9,110.0,99,6,,,
307,23,1,1,1,1,1,6,1,21,9,4.0,14.0,1981.0,3,2012,,308,3,1,108.0,99,6,,,
308,23,1,1,22,5,2,99,1,18,2,4.0,1.0,9999.0,2,2012,,309,2,1,501.0,99,6,,,
309,23,1,1,16,13,2,99,1,42,1,1.0,2.0,9999.0,2,2012,,310,7,1,1301.0,99,6,,,
310,23,1,1,18,16,2,99,1,44,9,4.0,1.0,9999.0,1,2012,,311,7,1,1615.0,99,6,,,
311,23,1,1,18,16,2,99,1,67,9,3.0,6.0,9999.0,1,2012,,312,10,1,1615.0,99,6,,,
312,24,1,2,15,1,1,11,1,35,9,7.0,1.0,9999.0,1,2012,,313,6,1,101.0,99,6,,,
313,24,1,2,15,1,1,11,1,26,9,5.0,2.0,9999.0,1,2012,,314,4,1,101.0,99,6,,,
314,24,1,2,12,1,2,99,1,41,9,4.0,1.0,1993.0,1,2012,,315,7,1,110.0,99,6,,,
315,24,1,2,12,1,2,99,1,25,9,5.0,7.0,1995.0,1,2012,,316,4,1,110.0,99,6,,,
316,24,1,2,12,20,1,4,1,44,9,4.0,1.0,9999.0,1,2012,,317,7,1,2001.0,99,6,,,
317,24,1,2,12,20,1,4,9,999,9,5.0,99.0,9999.0,1,2012,,318,11,9,2001.0,99,6,,,
318,24,1,2,19,10,2,99,9,999,9,7.0,99.0,9999.0,1,2012,,319,11,9,1001.0,99,6,,,
319,24,1,2,15,16,2,99,1,18,9,1.0,5.0,2006.0,1,2012,,320,2,1,1601.0,99,6,,,
320,25,1,3,8,1,1,5,2,33,1,2.0,2.0,9999.0,1,2012,,321,5,1,101.0,99,6,,,
321,25,1,3,8,1,1,5,1,50,1,4.0,1.0,2008.0,1,2012,,322,9,1,101.0,99,6,,,
322,25,1,3,11,16,2,99,1,28,9,3.0,1.0,9999.0,3,2012,,323,4,1,1601.0,99,6,,,
323,25,1,3,13,17,2,99,1,64,1,3.0,6.0,9999.0,1,2012,,324,10,1,1701.0,99,6,,,
324,25,1,3,13,17,2,99,1,16,1,4.0,3.0,9999.0,1,2012,,325,2,2,1701.0,99,6,,,
325,26,1,4,8,1,1,7,1,34,2,1.0,4.0,1997.0,1,2012,,326,5,1,101.0,99,6,,,
326,26,1,4,8,1,1,7,9,999,9,3.0,5.0,9999.0,1,2012,,327,11,9,101.0,99,6,,,
327,26,1,4,22,1,1,19,9,999,9,1.0,1.0,9999.0,1,2012,,328,11,9,101.0,99,6,,,
328,26,1,4,22,1,1,19,1,36,1,4.0,3.0,9999.0,1,2012,,329,6,1,101.0,99,6,,,
329,26,1,4,14,20,2,99,1,18,1,4.0,6.0,9999.0,1,2012,,330,2,1,2001.0,99,6,,,
330,26,1,4,14,20,2,99,9,999,9,1.0,16.0,9999.0,1,2012,,331,11,9,2001.0,99,6,,,
331,26,1,4,12,10,2,99,1,36,9,3.0,6.0,9999.0,4,2012,,332,6,1,1001.0,99,6,,,
332,26,1,4,0,16,2,99,2,35,9,1.0,2.0,1994.0,2,2012,,333,6,1,1601.0,99,6,,,
333,26,1,4,7,7,2,99,1,20,9,3.0,6.0,2000.0,1,2012,,334,3,1,712.0,99,6,,,
334,26,1,4,7,7,2,99,2,40,9,4.0,3.0,2007.0,1,2012,,335,7,1,712.0,99,6,,,
335,26,1,4,9,4,2,99,1,52,9,5.0,3.0,9999.0,3,2012,,336,9,1,401.0,99,6,,,
336,27,1,5,8,1,1,1,1,69,1,1.0,2.0,9999.0,1,2012,,337,10,1,101.0,99,6,,,
337,27,1,5,8,1,1,1,1,43,1,4.0,1.0,9999.0,1,2012,,338,7,1,101.0,99,6,,,
338,27,1,5,23,1,1,9,1,25,1,4.0,4.0,9999.0,1,2012,,339,4,1,101.0,99,6,,,
339,27,1,5,23,1,1,9,9,999,9,1.0,99.0,9999.0,1,2012,,340,11,9,101.0,99,6,,,
340,27,1,5,16,1,2,99,1,50,9,1.0,3.0,2006.0,1,2012,,341,9,1,113.0,99,6,,,
341,27,1,5,16,1,2,99,2,32,9,1.0,4.0,9999.0,1,2012,,342,5,1,113.0,99,6,,,
342,27,1,5,21,1,1,10,1,23,1,5.0,2.0,2005.0,1,2012,,343,3,1,101.0,99,6,,,
343,27,1,5,21,1,1,10,1,37,1,4.0,5.0,2012.0,1,2012,,344,6,1,101.0,99,6,,,
344,27,1,5,8,21,1,2,1,42,9,14.0,1.0,9999.0,1,2012,,345,7,1,2101.0,99,6,,,
345,27,1,5,8,21,1,2,9,999,9,12.0,99.0,9999.0,1,2012,,346,11,9,2101.0,99,6,,,
346,27,1,5,17,21,2,99,1,29,1,3.0,14.0,1986.0,1,2012,,347,4,1,2106.0,99,6,,,
347,27,1,5,17,21,2,99,9,999,9,14.0,6.0,9999.0,1,2012,,348,11,9,2106.0,99,6,,,
348,27,1,5,7,19,2,99,9,999,9,3.0,99.0,9999.0,2,2012,,349,11,9,1904.0,99,6,,,
349,27,1,5,15,6,2,99,1,29,9,4.0,99.0,9999.0,2,2012,,350,4,1,608.0,99,6,,,
350,27,1,5,15,12,2,99,1,44,2,3.0,99.0,9999.0,3,2012,,351,7,1,1215.0,99,6,,,
351,27,1,5,22,16,2,99,9,999,9,3.0,99.0,9999.0,2,2012,,352,11,9,1609.0,99,6,,,
352,27,1,5,19,18,2,99,1,23,9,4.0,99.0,9999.0,1,2012,,353,3,1,1801.0,99,6,,,
353,27,1,5,19,18,2,99,9,999,9,3.0,99.0,9999.0,1,2012,,354,11,9,1801.0,99,6,,,
354,28,1,6,0,1,1,1,1,22,1,4.0,3.0,2008.0,1,2012,,355,3,1,101.0,99,6,,,
355,28,1,6,0,1,1,1,1,27,1,1.0,3.0,1995.0,1,2012,,356,4,1,101.0,99,6,,,
356,28,1,6,0,1,1,7,1,20,9,4.0,7.0,9999.0,1,2012,,357,3,1,101.0,99,6,,,
357,28,1,6,0,1,1,7,9,999,9,99.0,99.0,9999.0,1,2012,,358,11,9,101.0,99,6,,,
358,28,1,6,5,1,1,7,9,999,9,1.0,99.0,9999.0,3,2012,,359,11,9,101.0,99,6,,,
359,28,1,6,7,1,1,3,9,999,9,3.0,4.0,1995.0,1,2012,,360,11,9,108.0,99,6,,,
360,28,1,6,11,20,1,99,1,19,1,9.0,2.0,9999.0,1,2012,,361,2,1,2001.0,99,6,,,
361,28,1,6,11,20,1,99,1,25,1,4.0,5.0,2009.0,1,2012,,362,4,1,2001.0,99,6,,,
362,28,1,6,20,20,2,99,1,35,9,4.0,2.0,9999.0,2,2012,,363,6,1,2005.0,99,6,,,
363,28,1,6,17,5,2,99,1,34,1,2.0,11.0,9999.0,1,2012,,364,5,1,509.0,99,6,,,
364,28,1,6,17,5,2,99,1,37,1,1.0,1.0,1991.0,1,2012,,365,6,1,509.0,99,6,,,
365,28,1,6,17,5,2,99,9,999,9,1.0,4.0,9999.0,1,2012,,366,11,9,509.0,99,6,,,
366,28,1,6,20,5,2,99,1,27,9,3.0,2.0,1994.0,3,2012,,367,4,1,508.0,99,6,,,
367,28,1,6,2,9,1,3,1,33,2,1.0,6.0,9999.0,1,2012,,368,5,1,920.0,99,6,,,
368,28,1,6,2,9,1,3,1,18,2,1.0,2.0,9999.0,1,2012,,369,2,1,920.0,99,6,,,
369,28,1,6,8,9,1,99,1,41,1,9.0,4.0,2006.0,1,2012,,370,7,1,920.0,99,6,,,
370,28,1,6,8,9,1,99,1,15,1,4.0,1.0,9999.0,1,2012,,371,2,2,920.0,99,6,,,
371,28,1,6,22,9,2,99,1,32,9,3.0,3.0,2007.0,1,2012,,372,5,1,901.0,99,6,,,
372,28,1,6,22,9,2,99,1,30,9,9.0,2.0,1985.0,1,2012,,373,5,1,901.0,99,6,,,
373,28,1,6,22,9,2,99,1,999,9,2.0,6.0,1994.0,1,2012,,374,11,1,901.0,99,6,,,
374,28,1,6,8,12,2,99,9,999,9,9.0,99.0,9999.0,2,2012,,375,11,9,1202.0,99,6,,,
375,28,1,6,20,2,2,99,1,38,2,3.0,1.0,9999.0,1,2012,,376,6,1,208.0,99,6,,,
376,28,1,6,20,2,2,99,1,999,1,6.0,2.0,2001.0,1,2012,,377,11,1,208.0,99,6,,,
377,28,1,6,20,2,2,99,2,999,1,1.0,99.0,9999.0,1,2012,,378,11,1,208.0,99,6,,,
378,28,1,6,15,4,2,99,1,50,2,1.0,1.0,2008.0,1,2012,,379,9,1,409.0,99,6,,,
379,28,1,6,15,4,2,99,1,25,1,1.0,10.0,2000.0,1,2012,,380,4,1,409.0,99,6,,,
380,29,1,7,21,1,1,10,1,24,1,1.0,8.0,1991.0,1,2012,,381,3,1,101.0,99,6,,,
381,29,1,7,21,1,1,10,2,53,1,2.0,99.0,2006.0,1,2012,,382,9,1,101.0,99,6,,,
382,29,1,7,21,1,1,10,9,999,9,2.0,4.0,1999.0,1,2012,,383,11,9,101.0,99,6,,,
383,29,1,7,9,1,1,99,1,71,1,4.0,1.0,9999.0,1,2012,,384,10,1,114.0,99,6,,,
384,29,1,7,9,1,1,99,9,999,9,3.0,99.0,9999.0,1,2012,,385,11,9,114.0,99,6,,,
385,29,1,7,16,1,1,4,1,24,1,4.0,6.0,9999.0,2,2012,,386,3,1,108.0,99,6,,,
386,29,1,7,1,1,1,4,2,31,1,1.0,2.0,1991.0,1,2012,,387,5,1,108.0,99,6,,,
387,29,1,7,1,1,1,4,1,23,1,4.0,5.0,2009.0,1,2012,,388,3,1,108.0,99,6,,,
388,29,1,7,2,1,1,2,1,22,1,4.0,14.0,2010.0,1,2012,,389,3,1,108.0,99,6,,,
389,29,1,7,2,1,1,2,9,999,9,3.0,99.0,9999.0,1,2012,,390,11,9,108.0,99,6,,,
390,29,1,7,16,1,1,4,1,26,9,4.0,99.0,9999.0,2,2012,,391,4,1,108.0,99,6,,,
391,29,1,7,10,22,2,99,1,42,9,3.0,1.0,9999.0,1,2012,,392,7,1,2206.0,99,6,,,
392,29,1,7,10,22,2,99,1,46,1,14.0,3.0,9999.0,1,2012,,393,8,1,2206.0,99,6,,,
393,29,1,7,1,21,1,6,1,38,2,3.0,4.0,2001.0,2,2012,,394,6,1,2101.0,99,6,,,
394,29,1,7,6,21,2,99,9,999,9,12.0,7.0,9999.0,4,2012,,395,11,9,2102.0,99,6,,,
395,29,1,7,18,20,2,99,1,19,2,1.0,6.0,9999.0,1,2012,,396,2,1,2007.0,99,6,,,
396,29,1,7,18,20,2,99,9,999,9,6.0,8.0,1979.0,1,2012,,397,11,9,2007.0,99,6,,,
397,29,1,7,10,20,2,99,9,999,9,3.0,9.0,9999.0,4,2012,,398,11,9,2004.0,99,6,,,
398,29,1,7,12,5,2,99,1,24,9,1.0,5.0,9999.0,1,2012,,399,3,1,501.0,99,6,,,
399,29,1,7,12,5,2,99,1,17,9,4.0,5.0,9999.0,1,2012,,400,2,2,501.0,99,6,,,
400,29,1,7,17,5,2,99,2,33,9,4.0,99.0,2008.0,1,2012,,401,5,1,513.0,99,6,,,
401,29,1,7,17,5,2,99,1,35,9,4.0,4.0,9999.0,1,2012,,402,6,1,513.0,99,6,,,
402,29,1,7,16,5,2,99,1,25,9,3.0,1.0,1989.0,1,2012,,403,4,1,509.0,99,6,,,
403,29,1,7,16,5,2,99,1,58,9,4.0,14.0,2001.0,1,2012,,404,10,1,509.0,99,6,,,
404,29,1,7,16,5,2,99,1,35,9,4.0,9.0,9999.0,1,2012,,405,6,1,507.0,99,6,,,
405,29,1,7,16,5,2,99,9,999,9,3.0,99.0,9999.0,1,2012,,406,11,9,507.0,99,6,,,
406,29,1,7,11,5,2,99,1,33,9,4.0,99.0,9999.0,1,2012,,407,5,1,509.0,99,6,,,
407,29,1,7,11,5,2,99,9,999,9,2.0,99.0,9999.0,1,2012,,408,11,9,509.0,99,6,,,
408,29,1,7,22,6,2,99,1,55,2,3.0,3.0,1992.0,1,2012,,409,10,1,602.0,99,6,,,
409,29,1,7,22,6,2,99,1,36,1,1.0,3.0,1997.0,1,2012,,410,6,1,602.0,99,6,,,
410,29,1,7,20,10,1,99,1,34,1,3.0,5.0,1999.0,1,2012,,411,5,1,1008.0,99,6,,,
411,29,1,7,20,10,1,99,1,22,1,4.0,99.0,9999.0,1,2012,,412,3,1,1008.0,99,6,,,
412,29,1,7,21,9,2,99,1,34,1,9.0,6.0,2007.0,1,2012,,413,5,1,909.0,99,6,,,
413,29,1,7,21,9,2,99,1,49,1,5.0,7.0,1986.0,1,2012,,414,8,1,909.0,99,6,,,
414,29,1,7,21,9,2,99,9,999,9,3.0,14.0,9999.0,1,2012,,415,11,9,909.0,99,6,,,
415,29,1,7,22,9,2,99,1,33,9,4.0,99.0,9999.0,1,2012,,416,5,1,914.0,99,6,,,
416,29,1,7,22,9,2,99,9,999,9,1.0,1.0,9999.0,1,2012,,417,11,9,914.0,99,6,,,
417,29,1,7,17,12,2,99,1,36,2,3.0,2.0,9999.0,2,2012,,418,6,1,1212.0,99,6,,,
418,29,1,7,17,12,2,99,1,999,1,2.0,6.0,9999.0,1,2012,,419,11,1,1201.0,99,6,,,
419,29,1,7,17,12,2,99,9,999,9,2.0,8.0,9999.0,1,2012,,420,11,9,1201.0,99,6,,,
420,29,1,7,19,16,1,99,1,39,2,3.0,6.0,1998.0,1,2012,,421,6,1,1616.0,99,6,,,
421,29,1,7,19,16,1,99,1,999,1,1.0,3.0,1992.0,1,2012,,422,11,1,1616.0,99,6,,,
422,29,1,7,19,18,2,99,1,29,1,4.0,3.0,9999.0,1,2012,,423,4,1,1801.0,99,6,,,
423,29,1,7,19,18,2,99,9,999,9,6.0,9.0,9999.0,1,2012,,424,11,9,1801.0,99,6,,,
424,29,1,7,6,4,2,99,9,999,9,7.0,99.0,1995.0,3,2012,,425,11,9,406.0,99,6,,,
425,29,1,7,20,4,2,99,1,60,1,4.0,99.0,9999.0,1,2012,,426,10,1,415.0,99,6,,,
426,29,1,7,20,4,2,99,9,999,9,3.0,99.0,9999.0,1,2012,,427,11,9,415.0,99,6,,,
427,29,1,7,20,3,2,99,1,37,1,1.0,11.0,2012.0,1,2012,,428,6,1,303.0,99,6,,,
428,29,1,7,20,3,2,99,9,999,9,6.0,2.0,9999.0,1,2012,,429,11,9,303.0,99,6,,,
429,30,1,1,4,1,1,1,1,33,1,1.0,6.0,2002.0,1,2012,,430,5,1,101.0,99,6,,,
430,30,1,1,4,1,1,1,2,22,1,1.0,1.0,1991.0,1,2012,,431,3,1,101.0,99,6,,,
431,30,1,1,5,22,2,99,1,32,9,5.0,2.0,2011.0,1,2012,,432,5,1,2216.0,99,6,,,
432,30,1,1,5,22,2,99,1,49,9,5.0,2.0,1995.0,1,2012,,433,8,1,2216.0,99,6,,,
433,30,1,1,5,22,2,99,1,22,1,1.0,4.0,9999.0,1,2012,,434,3,1,2216.0,99,6,,,
434,30,1,1,5,22,2,99,1,51,9,1.0,4.0,2001.0,1,2012,,435,9,1,2216.0,99,6,,,
435,30,1,1,5,22,2,99,1,24,9,1.0,8.0,9999.0,1,2012,,436,3,1,2216.0,99,6,,,
436,30,1,1,23,19,2,99,1,32,2,3.0,5.0,2008.0,2,2012,,437,5,1,1905.0,99,6,,,
437,30,1,1,11,5,2,99,1,34,1,5.0,2.0,9999.0,2,2012,,438,5,1,502.0,99,6,,,
438,30,1,1,22,10,2,99,1,21,1,4.0,99.0,9999.0,2,2012,,439,3,1,1002.0,99,6,,,
439,30,1,1,14,8,1,99,1,31,1,3.0,2.0,1985.0,3,2012,,440,5,1,805.0,99,6,,,
440,30,1,1,23,16,1,2,1,46,2,1.0,7.0,2012.0,1,2012,,441,8,1,1601.0,99,6,,,
441,30,1,1,23,16,1,2,9,999,9,2.0,6.0,1995.0,1,2012,,442,11,9,1601.0,99,6,,,
442,30,1,1,23,16,1,2,9,999,9,1.0,5.0,1997.0,1,2012,,443,11,9,1601.0,99,6,,,
443,30,1,1,2,18,1,99,1,27,2,4.0,5.0,9999.0,1,2012,,444,4,1,1801.0,99,6,,,
444,30,1,1,2,18,1,99,1,22,1,4.0,5.0,9999.0,1,2012,,445,3,1,1801.0,99,6,,,
445,30,1,1,11,17,2,99,9,999,9,1.0,9.0,9999.0,1,2012,,446,11,9,1709.0,99,6,,,
446,30,1,1,11,17,2,99,9,999,9,6.0,3.0,9999.0,1,2012,,447,11,9,1709.0,99,6,,,
447,30,1,1,7,14,1,99,1,40,1,5.0,99.0,9999.0,4,2012,,448,7,1,1416.0,99,6,,,
448,30,1,1,22,4,2,99,1,57,1,5.0,99.0,1989.0,1,2012,,449,10,1,406.0,99,6,,,
449,30,1,1,22,4,2,99,1,34,9,1.0,2.0,9999.0,1,2012,,450,5,1,406.0,99,6,,,
450,31,1,2,5,1,2,99,9,999,9,3.0,99.0,9999.0,1,2012,,451,11,9,113.0,99,6,,,
451,31,1,2,5,1,2,99,1,23,9,4.0,9.0,9999.0,1,2012,,452,3,1,113.0,99,6,,,
452,31,1,2,8,1,1,7,1,44,2,1.0,1.0,9999.0,1,2012,,453,7,1,117.0,99,6,,,
453,31,1,2,8,1,1,7,2,32,9,1.0,5.0,9999.0,1,2012,,454,5,1,117.0,99,6,,,
454,31,1,2,13,6,2,99,1,28,9,6.0,6.0,2000.0,4,2012,,455,4,1,605.0,99,6,,,
455,31,1,2,12,10,2,99,1,33,1,2.0,4.0,2003.0,1,2012,,456,5,1,1002.0,99,6,,,
456,31,1,2,12,10,2,99,1,34,1,4.0,1.0,2007.0,1,2012,,457,5,1,1002.0,99,6,,,
457,31,1,2,19,11,2,99,9,999,9,3.0,4.0,9999.0,1,2012,,458,11,9,1107.0,99,6,,,
458,31,1,2,19,11,2,99,9,999,9,3.0,6.0,9999.0,1,2012,,459,11,9,1107.0,99,6,,,
459,31,1,2,15,16,1,2,2,22,9,1.0,8.0,1990.0,1,2012,,460,3,1,1601.0,99,6,,,
460,31,1,2,15,16,1,2,1,41,9,9.0,6.0,1997.0,1,2012,,461,7,1,1601.0,99,6,,,
461,31,1,2,21,17,2,99,1,37,9,3.0,5.0,9999.0,2,2012,,462,6,1,1709.0,99,6,,,
462,31,1,2,19,14,2,99,1,21,9,1.0,4.0,2005.0,1,2012,,463,3,1,1401.0,99,6,,,
463,31,1,2,19,14,2,99,1,22,9,14.0,1.0,2007.0,1,2012,,464,3,1,1401.0,99,6,,,
464,31,1,2,21,3,2,99,1,31,9,1.0,3.0,9999.0,1,2012,,465,5,1,306.0,99,6,,,
465,31,1,2,21,3,2,99,1,44,9,1.0,4.0,9999.0,1,2012,,466,7,1,306.0,99,6,,,
466,31,1,2,17,1,1,12,1,25,9,12.0,2.0,2007.0,1,2012,,467,4,1,101.0,99,6,,,
467,31,1,2,17,1,1,12,1,47,9,4.0,3.0,9999.0,1,2012,,468,8,1,101.0,99,6,,,
468,31,1,2,23,3,2,99,1,999,9,3.0,5.0,9999.0,4,2012,,469,11,1,312.0,99,6,,,
469,1,2,3,13,20,2,99,1,28,9,4.0,1.0,2010.0,1,2012,,470,4,1,2001.0,99,6,,,
470,1,2,3,13,20,2,99,1,42,9,1.0,9.0,9999.0,1,2012,,471,7,1,2001.0,99,6,,,
471,1,2,3,9,12,2,99,1,44,9,3.0,3.0,9999.0,3,2012,,472,7,1,1212.0,99,6,,,
472,1,2,3,0,16,2,99,1,26,2,4.0,1.0,9999.0,1,2012,,473,4,1,1615.0,99,6,,,
473,1,2,3,0,16,2,99,1,17,9,4.0,1.0,2011.0,1,2012,,474,2,2,1615.0,99,6,,,
474,1,2,3,0,16,2,99,1,28,9,3.0,5.0,1996.0,1,2012,,475,4,1,1615.0,99,6,,,
475,1,2,3,0,16,2,99,1,29,9,5.0,2.0,1988.0,1,2012,,476,4,1,1615.0,99,6,,,
476,1,2,3,11,2,2,99,1,43,9,7.0,3.0,1998.0,1,2012,,477,7,1,201.0,99,6,,,
477,1,2,3,11,2,2,99,1,41,9,3.0,6.0,1993.0,1,2012,,478,7,1,201.0,99,6,,,
478,1,2,3,22,17,2,99,1,30,9,14.0,1.0,2007.0,3,2012,,479,5,1,1701.0,99,6,,,
479,1,2,3,1,14,2,99,9,999,9,3.0,1.0,9999.0,2,2012,,480,11,9,1406.0,99,6,,,
480,2,2,4,8,1,1,11,1,36,2,1.0,11.0,9999.0,1,2012,,481,6,1,101.0,99,6,,,
481,2,2,4,8,1,1,11,9,999,9,3.0,3.0,2008.0,1,2012,,482,11,9,101.0,99,6,,,
482,2,2,4,2,1,1,6,1,25,9,3.0,6.0,9999.0,2,2012,,483,4,1,108.0,99,6,,,
483,2,2,4,8,19,2,99,1,29,9,3.0,1.0,2006.0,1,2012,,484,4,1,1906.0,99,6,,,
484,2,2,4,8,19,2,99,1,39,9,6.0,2.0,2000.0,1,2012,,485,6,1,1906.0,99,6,,,
485,2,2,4,20,6,2,99,1,56,1,3.0,2.0,1990.0,1,2012,,486,10,1,602.0,99,6,,,
486,2,2,4,7,10,2,99,1,77,1,3.0,4.0,1987.0,1,2012,,487,10,1,1002.0,99,6,,,
487,2,2,4,7,10,2,99,1,26,1,4.0,5.0,2011.0,1,2012,,488,4,1,1002.0,99,6,,,
488,2,2,4,13,2,2,99,1,65,1,9.0,4.0,2008.0,1,2012,,489,10,1,201.0,99,6,,,
489,2,2,4,13,2,2,99,1,23,1,14.0,1.0,2011.0,1,2012,,490,3,1,201.0,99,6,,,
490,2,2,4,12,18,2,99,1,36,1,6.0,2.0,1997.0,1,2012,,491,6,1,1801.0,99,6,,,
491,2,2,4,12,18,2,99,1,41,1,9.0,4.0,9999.0,1,2012,,492,7,1,1801.0,99,6,,,
492,2,2,4,17,18,2,99,1,35,1,3.0,2.0,2011.0,1,2012,,493,6,1,1801.0,99,6,,,
493,2,2,4,17,18,2,99,1,64,1,1.0,6.0,9999.0,1,2012,,494,10,1,1801.0,99,6,,,
494,2,2,4,18,17,2,99,1,29,1,1.0,6.0,1993.0,2,2012,,495,4,1,1701.0,99,6,,,
495,3,2,5,0,1,2,99,1,24,1,4.0,6.0,9999.0,1,2012,,496,3,1,110.0,99,6,,,
496,3,2,5,0,1,2,99,1,30,2,1.0,4.0,9999.0,1,2012,,497,5,1,110.0,99,6,,,
497,3,2,5,18,1,2,6,1,26,1,1.0,4.0,2000.0,1,2012,,498,4,1,101.0,99,6,,,
498,3,2,5,18,1,2,6,1,17,1,4.0,1.0,9999.0,1,2012,,499,2,2,101.0,99,6,,,
499,3,2,5,0,11,1,99,1,21,2,4.0,1.0,9999.0,2,2012,,500,3,1,1101.0,99,6,,,
500,3,2,5,0,11,1,99,1,18,1,4.0,1.0,2008.0,1,2012,,501,2,1,1107.0,99,6,,,
501,3,2,5,13,8,2,99,1,26,1,2.0,2.0,1998.0,1,2012,,502,4,1,801.0,99,6,,,
502,3,2,5,13,8,2,99,1,38,2,1.0,6.0,9999.0,1,2012,,503,6,1,801.0,99,6,,,
503,3,2,5,0,16,2,99,1,17,1,4.0,1.0,2011.0,3,2012,,504,2,2,1601.0,99,6,,,
504,3,2,5,0,16,2,99,1,29,2,1.0,6.0,1997.0,1,2012,,505,4,1,1615.0,99,6,,,
505,3,2,5,0,16,2,99,1,33,1,4.0,5.0,9999.0,1,2012,,506,5,1,1615.0,99,6,,,
506,4,2,6,14,1,1,1,2,24,1,5.0,6.0,2005.0,1,2012,,507,3,1,101.0,99,6,,,
507,4,2,6,14,1,1,1,1,19,1,4.0,5.0,9999.0,1,2012,,508,2,1,101.0,99,6,,,
508,4,2,6,1,1,1,1,1,19,1,4.0,5.0,9999.0,1,2012,,509,2,1,101.0,99,6,,,
509,4,2,6,1,1,1,10,1,20,1,4.0,1.0,9999.0,2,2012,,510,3,1,101.0,99,6,,,
510,4,2,6,16,20,2,99,1,23,1,3.0,6.0,9999.0,1,2012,,511,3,1,2001.0,99,6,,,
511,4,2,6,16,20,2,99,1,33,1,4.0,1.0,9999.0,1,2012,,512,5,1,2001.0,99,6,,,
512,4,2,6,16,20,2,99,1,33,1,4.0,6.0,9999.0,1,2012,,513,5,1,2001.0,99,6,,,
513,4,2,6,0,19,2,99,1,25,1,6.0,8.0,2000.0,1,2012,,514,4,1,1901.0,99,6,,,
514,4,2,6,0,19,2,99,1,47,1,5.0,2.0,1995.0,1,2012,,515,8,1,1901.0,99,6,,,
515,4,2,6,0,5,2,99,1,26,1,1.0,3.0,9999.0,1,2012,,516,4,1,501.0,99,6,,,
516,4,2,6,0,5,2,99,9,999,9,1.0,6.0,9999.0,1,2012,,517,11,9,501.0,99,6,,,
517,4,2,6,9,12,1,3,2,31,1,4.0,2.0,9999.0,1,2012,,518,5,1,1201.0,99,6,,,
518,4,2,6,9,12,1,3,1,31,1,4.0,1.0,9999.0,1,2012,,519,5,1,1201.0,99,6,,,
519,4,2,6,0,16,1,7,1,26,2,4.0,5.0,2011.0,1,2012,,520,4,1,1601.0,99,6,,,
520,4,2,6,0,16,1,7,9,999,9,5.0,2.0,2000.0,1,2012,,521,11,9,1601.0,99,6,,,
521,5,2,7,15,20,2,99,2,20,9,1.0,9.0,1999.0,1,2012,,522,3,1,2001.0,99,6,,,
522,5,2,7,15,20,2,99,1,24,9,4.0,5.0,9999.0,1,2012,,523,3,1,2001.0,99,6,,,
523,5,2,7,12,20,2,99,9,999,9,3.0,5.0,9999.0,3,2012,,524,11,9,2005.0,99,6,,,
524,5,2,7,14,9,2,99,1,24,9,1.0,5.0,9999.0,1,2012,,525,3,1,901.0,99,6,,,
525,5,2,7,14,9,2,99,9,999,9,3.0,3.0,9999.0,1,2012,,526,11,9,901.0,99,6,,,
526,5,2,7,14,9,2,99,9,999,9,3.0,6.0,9999.0,1,2012,,527,11,9,901.0,99,6,,,
527,5,2,7,14,2,2,99,1,24,9,5.0,2.0,9999.0,2,2012,,528,3,1,208.0,99,6,,,
528,5,2,7,21,2,2,99,1,37,9,5.0,2.0,9999.0,2,2012,,529,6,1,203.0,99,6,,,
529,5,2,7,22,17,2,99,1,28,9,4.0,1.0,9999.0,2,2012,,530,4,1,1703.0,99,6,,,
530,5,2,7,14,17,2,99,1,27,9,3.0,5.0,9999.0,2,2012,,531,4,1,1701.0,99,6,,,
531,5,2,7,4,4,2,99,1,24,9,4.0,99.0,9999.0,2,2012,,532,3,1,401.0,99,6,,,
532,6,2,1,19,1,1,99,1,32,1,2.0,3.0,2004.0,1,2012,,533,5,1,105.0,99,6,,,
533,6,2,1,19,1,1,99,9,999,9,5.0,99.0,9999.0,1,2012,,534,11,9,105.0,99,6,,,
534,6,2,1,5,1,1,18,1,30,1,4.0,3.0,9999.0,1,2012,,535,5,1,101.0,99,6,,,
535,6,2,1,5,1,1,18,1,30,1,12.0,3.0,9999.0,1,2012,,536,5,1,101.0,99,6,,,
536,6,2,1,11,1,1,13,1,20,9,4.0,5.0,2009.0,1,2012,,537,3,1,101.0,99,6,,,
537,6,2,1,11,1,1,13,1,30,9,2.0,2.0,1999.0,1,2012,,538,5,1,101.0,99,6,,,
538,6,2,1,11,1,1,13,1,24,9,1.0,3.0,9999.0,1,2012,,539,3,1,101.0,99,6,,,
539,6,2,1,19,1,2,13,1,22,1,2.0,4.0,2000.0,1,2012,,540,3,1,101.0,99,6,,,
540,6,2,1,19,1,2,13,1,26,1,4.0,99.0,9999.0,1,2012,,541,4,1,101.0,99,6,,,
541,6,2,1,21,10,2,99,1,30,9,1.0,99.0,9999.0,3,2012,,542,5,1,1001.0,99,6,,,
542,6,2,1,7,9,2,99,1,44,9,3.0,6.0,1994.0,2,2012,,543,7,1,920.0,99,6,,,
543,6,2,1,16,12,2,99,1,63,9,3.0,5.0,1993.0,2,2012,,544,10,1,1219.0,99,6,,,
544,6,2,1,19,13,2,99,1,29,9,3.0,2.0,2012.0,3,2012,,545,4,1,1305.0,99,6,,,
545,6,2,1,13,2,2,99,1,44,9,5.0,2.0,2000.0,1,2012,,546,7,1,208.0,99,6,,,
546,6,2,1,13,2,2,99,1,38,9,1.0,10.0,9999.0,1,2012,,547,6,1,208.0,99,6,,,
547,6,2,1,0,18,1,99,1,22,2,4.0,10.0,9999.0,1,2012,,548,3,1,1801.0,99,6,,,
548,6,2,1,0,18,1,99,1,29,1,1.0,4.0,1994.0,1,2012,,549,4,1,1801.0,99,6,,,
549,6,2,1,7,18,1,99,1,46,1,4.0,1.0,9999.0,1,2012,,550,8,1,1801.0,99,6,,,
550,6,2,1,7,18,1,99,1,54,1,1.0,4.0,2001.0,1,2012,,551,9,1,1801.0,99,6,,,
551,6,2,1,9,7,2,99,1,49,1,1.0,3.0,9999.0,1,2012,,552,8,1,701.0,99,6,,,
552,6,2,1,9,7,2,99,9,999,9,5.0,99.0,9999.0,1,2012,,553,11,9,701.0,99,6,,,
553,6,2,1,18,7,2,99,1,59,1,3.0,99.0,1986.0,1,2012,,554,10,1,701.0,99,6,,,
554,6,2,1,18,7,2,99,1,43,1,3.0,3.0,9999.0,1,2012,,555,7,1,701.0,99,6,,,
555,7,2,2,20,1,1,7,1,32,2,2.0,8.0,9999.0,1,2012,,556,5,1,101.0,99,6,,,
556,7,2,2,20,1,1,7,9,999,9,1.0,2.0,9999.0,1,2012,,557,11,9,101.0,99,6,,,
557,7,2,2,20,1,1,7,9,999,9,1.0,4.0,2007.0,1,2012,,558,11,9,101.0,99,6,,,
558,7,2,2,19,6,2,99,1,25,1,4.0,5.0,9999.0,2,2012,,559,4,1,602.0,99,6,,,
559,7,2,2,23,12,1,4,1,27,2,1.0,11.0,1993.0,1,2012,,560,4,1,1202.0,99,6,,,
560,7,2,2,23,12,1,4,9,999,9,1.0,2.0,1993.0,1,2012,,561,11,9,1202.0,99,6,,,
561,7,2,2,9,2,2,99,1,41,1,5.0,2.0,1993.0,1,2012,,562,7,1,201.0,99,6,,,
562,7,2,2,9,2,2,99,1,22,1,3.0,5.0,9999.0,1,2012,,563,3,1,201.0,99,6,,,
563,7,2,2,15,17,2,99,1,32,1,4.0,3.0,2007.0,1,2012,,564,5,1,1703.0,99,6,,,
564,7,2,2,15,17,2,99,1,21,1,4.0,5.0,2005.0,1,2012,,565,3,1,1703.0,99,6,,,
565,7,2,2,14,7,2,99,1,42,1,2.0,4.0,9999.0,2,2012,,566,7,1,706.0,99,6,,,
566,7,2,2,12,4,2,99,1,49,1,5.0,2.0,1996.0,1,2012,,567,8,1,409.0,99,6,,,
567,7,2,2,12,4,2,99,1,28,1,3.0,5.0,9999.0,1,2012,,568,4,1,409.0,99,6,,,
568,7,2,2,22,4,2,99,1,22,9,4.0,99.0,9999.0,2,2012,,569,3,1,401.0,99,6,,,
569,8,2,3,8,1,1,10,1,25,1,2.0,5.0,9999.0,1,2012,,570,4,1,101.0,99,6,,,
570,8,2,3,8,1,1,10,1,28,1,1.0,5.0,9999.0,1,2012,,571,4,1,101.0,99,6,,,
571,8,2,3,11,1,1,99,1,77,1,1.0,6.0,9999.0,1,2012,,572,10,1,114.0,99,6,,,
572,8,2,3,11,1,1,99,1,16,1,4.0,1.0,9999.0,1,2012,,573,2,2,114.0,99,6,,,
573,8,2,3,6,1,1,5,1,999,1,3.0,5.0,9999.0,1,2012,,574,11,1,108.0,99,6,,,
574,8,2,3,6,1,1,5,1,45,9,12.0,1.0,9999.0,1,2012,,575,8,1,108.0,99,6,,,
575,8,2,3,13,21,2,99,1,40,2,3.0,3.0,9999.0,2,2012,,576,7,1,2101.0,99,6,,,
576,8,2,3,9,19,2,99,1,26,2,3.0,1.0,1993.0,2,2012,,577,4,1,1905.0,99,6,,,
577,8,2,3,17,10,1,2,1,30,2,2.0,6.0,1994.0,1,2012,,578,5,1,1001.0,99,6,,,
578,8,2,3,17,10,1,2,1,50,1,9.0,2.0,2004.0,1,2012,,579,9,1,1001.0,99,6,,,
579,8,2,3,20,16,1,99,1,35,2,4.0,1.0,2009.0,1,2012,,580,6,1,1615.0,99,6,,,
580,8,2,3,20,16,1,99,9,999,9,3.0,4.0,2012.0,1,2012,,581,11,9,1615.0,99,6,,,
581,8,2,3,22,15,2,99,2,28,9,3.0,1.0,9999.0,4,2012,,582,4,1,1508.0,99,6,,,
582,8,2,3,21,2,2,99,1,34,9,3.0,9.0,2006.0,1,2012,,583,5,1,207.0,99,6,,,
583,8,2,3,21,2,2,99,1,59,9,4.0,1.0,2007.0,1,2012,,584,10,1,207.0,99,6,,,
584,8,2,3,20,18,1,99,1,58,2,3.0,4.0,1992.0,1,2012,,585,10,1,1801.0,99,6,,,
585,8,2,3,20,18,1,99,2,37,1,4.0,1.0,2010.0,1,2012,,586,6,1,1801.0,99,6,,,
586,8,2,3,12,18,1,99,1,30,1,4.0,99.0,9999.0,1,2012,,587,5,1,1801.0,99,6,,,
587,8,2,3,12,18,1,99,9,999,9,1.0,99.0,9999.0,1,2012,,588,11,9,1801.0,99,6,,,
588,8,2,3,15,14,1,99,1,38,2,3.0,2.0,9999.0,1,2012,,589,6,1,1412.0,99,6,,,
589,8,2,3,15,14,1,99,9,999,9,4.0,1.0,9999.0,1,2012,,590,11,9,1412.0,99,6,,,
590,8,2,3,6,7,2,99,1,45,1,5.0,2.0,9999.0,3,2012,,591,8,1,705.0,99,6,,,
591,9,2,4,14,20,2,99,1,47,1,1.0,2.0,1991.0,1,2012,,592,8,1,2001.0,99,6,,,
592,9,2,4,14,20,2,99,1,28,1,1.0,4.0,2011.0,1,2012,,593,4,1,2001.0,99,6,,,
593,9,2,4,11,19,2,99,1,58,1,7.0,2.0,1984.0,1,2012,,594,10,1,1901.0,99,6,,,
594,9,2,4,11,19,2,99,1,29,1,9.0,6.0,1999.0,1,2012,,595,4,1,1901.0,99,6,,,
595,9,2,4,14,19,1,99,9,999,9,4.0,99.0,9999.0,2,2012,,596,11,9,1903.0,99,6,,,
596,9,2,4,2,5,1,2,1,41,1,4.0,3.0,9999.0,1,2012,,597,7,1,501.0,99,6,,,
597,9,2,4,2,5,1,2,9,999,9,1.0,99.0,9999.0,1,2012,,598,11,9,501.0,99,6,,,
598,9,2,4,6,12,2,99,9,999,9,4.0,99.0,9999.0,2,2012,,599,11,9,1215.0,99,6,,,
599,9,2,4,22,2,2,99,9,999,9,3.0,99.0,9999.0,4,2012,,600,11,9,201.0,99,6,,,
600,9,2,4,14,17,2,99,1,999,1,3.0,5.0,9999.0,2,2012,,601,11,1,1703.0,99,6,,,
601,9,2,4,22,14,2,99,1,28,9,3.0,5.0,2008.0,1,2012,,602,4,1,1404.0,99,6,,,
602,9,2,4,22,14,2,99,1,21,9,4.0,1.0,9999.0,1,2012,,603,3,1,1404.0,99,6,,,
603,9,2,4,23,4,2,99,1,24,9,4.0,1.0,2010.0,1,2012,,604,3,1,401.0,99,6,,,
604,9,2,4,23,4,2,99,9,999,9,1.0,99.0,9999.0,1,2012,,605,11,9,401.0,99,6,,,
605,10,2,5,15,10,2,99,1,30,9,4.0,99.0,2005.0,1,2012,,606,5,1,1001.0,99,6,,,
606,10,2,5,15,10,2,99,1,27,9,3.0,1.0,2010.0,1,2012,,607,4,1,1001.0,99,6,,,
607,10,2,5,0,11,2,99,1,29,9,1.0,9.0,9999.0,1,2012,,608,4,1,1101.0,99,6,,,
608,10,2,5,0,11,2,99,1,34,9,3.0,1.0,9999.0,1,2012,,609,5,1,1101.0,99,6,,,
609,10,2,5,20,12,2,99,1,23,9,1.0,9.0,9999.0,1,2012,,610,3,1,1215.0,99,6,,,
610,10,2,5,20,12,2,99,9,999,9,3.0,1.0,9999.0,1,2012,,611,11,9,1215.0,99,6,,,
611,10,2,5,17,2,2,99,2,39,9,3.0,3.0,9999.0,3,2012,,612,6,1,207.0,99,6,,,
612,10,2,5,17,7,2,99,1,40,9,3.0,5.0,1990.0,4,2012,,613,7,1,705.0,99,6,,,
613,11,2,6,0,1,1,1,1,27,2,1.0,11.0,1999.0,1,2012,,614,4,1,101.0,99,6,,,
614,11,2,6,0,1,1,1,1,31,1,1.0,2.0,2007.0,1,2012,,615,5,1,101.0,99,6,,,
615,11,2,6,2,1,1,6,1,41,2,1.0,4.0,9999.0,1,2012,,616,7,1,108.0,99,6,,,
616,11,2,6,2,1,1,6,1,34,1,1.0,2.0,2007.0,1,2012,,617,5,1,108.0,99,6,,,
617,11,2,6,2,1,1,6,1,45,1,1.0,5.0,1988.0,1,2012,,618,8,1,108.0,99,6,,,
618,11,2,6,2,1,1,6,1,24,1,4.0,1.0,2008.0,1,2012,,619,3,1,108.0,99,6,,,
619,11,2,6,22,19,2,99,1,30,1,4.0,1.0,2009.0,1,2012,,620,5,1,1901.0,99,6,,,
620,11,2,6,22,19,2,99,9,999,9,4.0,1.0,2011.0,1,2012,,621,11,9,1901.0,99,6,,,
621,11,2,6,16,5,2,99,1,33,9,7.0,6.0,9999.0,3,2012,,622,5,1,501.0,99,6,,,
622,11,2,6,18,11,2,99,1,27,9,6.0,6.0,9999.0,1,2012,,623,4,1,1101.0,99,6,,,
623,11,2,6,18,11,2,99,1,38,9,3.0,3.0,9999.0,1,2012,,624,6,1,1101.0,99,6,,,
624,11,2,6,1,16,2,99,1,30,9,4.0,1.0,9999.0,1,2012,,625,5,1,1601.0,99,6,,,
625,11,2,6,16,14,2,99,1,37,9,4.0,1.0,2008.0,1,2012,,626,6,1,1401.0,99,6,,,
626,11,2,6,10,7,2,99,1,27,9,5.0,3.0,2005.0,1,2012,,627,4,1,701.0,99,6,,,
627,11,2,6,11,7,2,99,1,24,9,1.0,2.0,1999.0,1,2012,,628,3,1,701.0,99,6,,,
628,11,2,6,11,7,2,99,1,33,9,5.0,1.0,1992.0,1,2012,,629,5,1,701.0,99,6,,,
629,11,2,6,9,3,2,99,9,999,9,9.0,3.0,9999.0,1,2012,,630,11,9,301.0,99,6,,,
630,12,2,7,0,1,1,8,1,29,9,1.0,4.0,2002.0,1,2012,,631,4,1,101.0,99,6,,,
631,12,2,7,0,1,1,8,1,33,9,1.0,3.0,1987.0,1,2012,,632,5,1,101.0,99,6,,,
632,12,2,7,9,1,1,6,1,30,9,1.0,6.0,9999.0,1,2012,,633,5,1,101.0,99,6,,,
633,12,2,7,9,1,1,6,1,48,9,1.0,3.0,9999.0,1,2012,,634,8,1,101.0,99,6,,,
634,12,2,7,14,1,2,99,1,23,9,3.0,5.0,9999.0,1,2012,,635,3,1,110.0,99,6,,,
635,12,2,7,14,1,2,99,1,30,9,1.0,6.0,9999.0,1,2012,,636,5,1,110.0,99,6,,,
636,12,2,7,14,1,2,99,1,39,9,1.0,3.0,9999.0,1,2012,,637,6,1,110.0,99,6,,,
637,12,2,7,14,1,2,99,1,59,9,1.0,1.0,9999.0,1,2012,,638,10,1,110.0,99,6,,,
638,12,2,7,21,10,2,99,1,32,9,3.0,9.0,1994.0,3,2012,,639,5,1,1002.0,99,6,,,
639,12,2,7,9,10,2,99,1,37,9,5.0,2.0,1985.0,1,2012,,640,6,1,1004.0,99,6,,,
640,12,2,7,9,10,2,99,1,46,9,3.0,4.0,2010.0,1,2012,,641,8,1,1004.0,99,6,,,
641,12,2,7,9,10,2,99,1,69,9,3.0,2.0,1987.0,1,2012,,642,10,1,1004.0,99,6,,,
642,12,2,7,9,10,2,99,2,24,9,4.0,1.0,2008.0,1,2012,,643,3,1,1004.0,99,6,,,
643,12,2,7,9,9,2,99,1,43,9,3.0,4.0,9999.0,3,2012,,644,7,1,901.0,99,6,,,
644,12,2,7,14,9,2,99,1,34,9,4.0,1.0,9999.0,1,2012,,645,5,1,920.0,99,6,,,
645,12,2,7,14,9,2,99,1,37,9,1.0,1.0,1994.0,1,2012,,646,6,1,920.0,99,6,,,
646,12,2,7,17,2,2,99,1,35,9,9.0,9.0,1988.0,4,2012,,647,6,1,202.0,99,6,,,
647,12,2,7,2,7,2,99,1,31,9,5.0,2.0,1996.0,1,2012,,648,5,1,701.0,99,6,,,
648,12,2,7,2,7,2,99,9,999,9,5.0,2.0,9999.0,1,2012,,649,11,9,701.0,99,6,,,
649,12,2,7,18,4,2,99,1,22,9,4.0,3.0,9999.0,1,2012,,650,3,1,401.0,99,6,,,
650,12,2,7,18,4,2,99,9,999,9,1.0,6.0,9999.0,1,2012,,651,11,9,401.0,99,6,,,
651,13,2,1,11,1,1,11,1,21,9,1.0,4.0,9999.0,1,2012,,652,3,1,101.0,99,6,,,
652,13,2,1,11,1,1,11,1,30,9,3.0,2.0,2005.0,1,2012,,653,5,1,101.0,99,6,,,
653,13,2,1,11,1,1,19,1,38,9,1.0,6.0,1999.0,1,2012,,654,6,1,101.0,99,6,,,
654,13,2,1,11,1,1,19,1,31,9,4.0,5.0,2008.0,1,2012,,655,5,1,101.0,99,6,,,
655,13,2,1,23,22,2,99,1,40,9,3.0,3.0,1988.0,1,2012,,656,7,1,2217.0,99,6,,,
656,13,2,1,21,20,2,99,1,32,9,3.0,4.0,2011.0,1,2012,,657,5,1,2001.0,99,6,,,
657,13,2,1,21,20,2,99,1,34,9,3.0,1.0,2006.0,1,2012,,658,5,1,2001.0,99,6,,,
658,13,2,1,23,10,2,99,1,22,9,1.0,1.0,1998.0,1,2012,,659,3,1,1002.0,99,6,,,
659,13,2,1,20,10,2,99,1,20,9,14.0,1.0,2004.0,1,2012,,660,3,1,1004.0,99,6,,,
660,13,2,1,20,10,2,99,1,20,9,9.0,3.0,9999.0,1,2012,,661,3,1,1004.0,99,6,,,
661,14,2,2,20,1,2,99,1,43,9,2.0,2.0,1993.0,1,2012,,662,7,1,102.0,99,6,,,
662,14,2,2,20,1,2,99,1,32,9,4.0,1.0,2008.0,1,2012,,663,5,1,102.0,99,6,,,
663,14,2,2,1,1,1,8,1,39,9,1.0,6.0,2000.0,1,2012,,664,6,1,108.0,99,6,,,
664,14,2,2,1,1,1,8,1,25,9,4.0,1.0,2005.0,1,2012,,665,4,1,108.0,99,6,,,
665,14,2,2,21,21,2,99,9,999,9,3.0,4.0,9999.0,3,2012,,666,11,1,2103.0,99,6,,,
666,14,2,2,7,12,2,99,1,40,9,5.0,99.0,9999.0,3,2012,,667,7,1,1215.0,99,6,,,
667,14,2,2,0,16,2,99,1,30,9,3.0,1.0,1994.0,2,2012,,668,5,1,1601.0,99,6,,,
668,14,2,2,18,7,2,99,1,38,9,3.0,99.0,2005.0,1,2012,,669,6,1,701.0,99,6,,,
669,14,2,2,18,7,2,99,9,999,9,3.0,2.0,9999.0,1,2012,,670,11,9,701.0,99,6,,,
670,15,2,3,2,9,1,5,1,24,9,1.0,14.0,9999.0,2,2012,,671,3,1,901.0,99,6,,,
671,15,2,3,14,8,2,99,9,999,9,5.0,2.0,9999.0,1,2012,,672,11,9,803.0,99,6,,,
672,15,2,3,14,8,2,99,1,42,9,3.0,3.0,9999.0,1,2012,,673,7,1,803.0,99,6,,,
673,15,2,3,0,16,2,99,1,41,9,3.0,4.0,9999.0,1,2012,,674,7,1,1604.0,99,6,,,
674,15,2,3,0,16,2,99,1,33,9,4.0,1.0,9999.0,1,2012,,675,5,1,1604.0,99,6,,,
675,15,2,3,0,18,1,99,1,33,9,3.0,5.0,9999.0,1,2012,,676,5,1,1801.0,99,6,,,
676,15,2,3,0,18,1,99,1,26,9,4.0,99.0,9999.0,1,2012,,677,4,1,1801.0,99,6,,,
677,15,2,3,10,1,1,13,1,45,9,1.0,2.0,9999.0,1,2012,,678,8,1,101.0,99,6,,,
678,15,2,3,22,1,1,9,2,22,1,2.0,9.0,2002.0,1,2012,,679,3,1,101.0,99,6,,,
679,15,2,3,22,1,1,9,1,31,1,4.0,3.0,2006.0,1,2012,,680,5,1,101.0,99,6,,,
680,15,2,3,9,1,1,10,1,37,9,5.0,1.0,9999.0,1,2012,,681,6,1,101.0,99,6,,,
681,15,2,3,9,1,1,10,1,24,9,4.0,2.0,9999.0,1,2012,,682,3,1,101.0,99,6,,,
682,15,2,3,14,1,2,99,1,39,9,5.0,2.0,2000.0,1,2012,,683,6,1,114.0,99,6,,,
683,15,2,3,14,1,2,99,1,999,9,4.0,2.0,9999.0,1,2012,,684,11,1,114.0,99,6,,,
684,15,2,3,23,3,2,99,1,17,2,1.0,2.0,1996.0,1,2012,,685,2,2,301.0,99,6,,,
685,15,2,3,23,3,2,99,9,999,9,3.0,5.0,9999.0,1,2012,,686,11,2,301.0,99,6,,,
686,16,2,4,2,1,1,9,1,22,2,4.0,4.0,9999.0,2,2012,,687,3,1,101.0,99,6,,,
687,16,2,4,6,1,1,9,1,34,9,7.0,3.0,1992.0,1,2012,,688,5,1,101.0,99,6,,,
688,16,2,4,6,1,1,9,9,999,9,5.0,4.0,9999.0,1,2012,,689,11,9,101.0,99,6,,,
689,16,2,4,15,1,1,12,1,41,9,5.0,2.0,9999.0,1,2012,,690,7,1,101.0,99,6,,,
690,16,2,4,15,1,1,12,1,67,9,4.0,1.0,9999.0,1,2012,,691,10,1,101.0,99,6,,,
691,16,2,4,23,1,2,99,1,28,2,1.0,14.0,1992.0,1,2012,,692,4,1,116.0,99,6,,,
692,16,2,4,23,1,2,99,1,32,1,1.0,3.0,9999.0,1,2012,,693,5,1,116.0,99,6,,,
693,16,2,4,9,21,2,99,1,67,1,2.0,4.0,2001.0,1,2012,,694,10,1,2106.0,99,6,,,
694,16,2,4,9,21,2,99,1,40,9,3.0,1.0,2004.0,1,2012,,695,7,1,2106.0,99,6,,,
695,16,2,4,14,19,2,99,1,34,9,3.0,5.0,2004.0,1,2012,,696,5,1,1905.0,99,6,,,
696,16,2,4,14,19,2,99,1,25,9,1.0,9.0,1997.0,1,2012,,697,4,1,1905.0,99,6,,,
697,16,2,4,17,5,2,99,1,24,2,3.0,2.0,9999.0,2,2012,,698,3,1,504.0,99,6,,,
698,16,2,4,22,10,2,99,1,47,9,6.0,2.0,1996.0,1,2012,,699,8,1,1001.0,99,6,,,
699,16,2,4,22,10,2,99,1,44,9,4.0,3.0,9999.0,1,2012,,700,7,1,1001.0,99,6,,,
700,16,2,4,14,17,2,99,1,26,9,5.0,14.0,9999.0,4,2012,,701,4,1,1710.0,99,6,,,
701,17,2,5,20,1,1,1,1,51,1,1.0,4.0,2003.0,1,2012,,702,9,1,101.0,99,6,,,
702,17,2,5,20,1,1,1,2,36,1,1.0,3.0,1999.0,1,2012,,703,6,1,101.0,99,6,,,
703,17,2,5,10,1,1,18,1,43,1,11.0,2.0,9999.0,1,2012,,704,7,1,101.0,99,6,,,
704,17,2,5,10,1,1,18,1,999,9,4.0,1.0,9999.0,1,2012,,705,11,1,101.0,99,6,,,
705,17,2,5,15,1,1,1,1,37,9,6.0,2.0,9999.0,1,2012,,706,6,1,108.0,99,6,,,
706,17,2,5,15,1,1,1,1,25,9,1.0,1.0,9999.0,1,2012,,707,4,1,108.0,99,6,,,
707,17,2,5,18,22,2,99,1,19,1,14.0,99.0,9999.0,1,2012,,708,2,1,2212.0,99,6,,,
708,17,2,5,18,22,2,99,1,17,1,4.0,99.0,9999.0,1,2012,,709,2,2,2212.0,99,6,,,
709,17,2,5,7,9,2,99,1,27,1,7.0,99.0,9999.0,3,2012,,710,4,1,920.0,99,6,,,
710,17,2,5,13,16,2,99,1,43,1,3.0,9.0,1994.0,4,2012,,711,7,1,1608.0,99,6,,,
711,17,2,5,22,14,2,99,1,18,2,4.0,99.0,9999.0,2,2012,,712,2,1,1412.0,99,6,,,
712,17,2,5,0,4,2,99,1,22,2,1.0,4.0,1990.0,1,2012,,713,3,1,401.0,99,6,,,
713,17,2,5,0,4,2,99,1,999,1,3.0,5.0,9999.0,1,2012,,714,11,1,401.0,99,6,,,
714,18,2,6,19,1,1,2,2,56,2,1.0,3.0,2000.0,1,2012,,715,10,1,101.0,99,6,,,
715,18,2,6,19,1,1,2,1,56,1,1.0,3.0,2003.0,1,2012,,716,10,1,101.0,99,6,,,
716,18,2,6,20,1,2,99,1,29,9,4.0,5.0,2009.0,1,2012,,717,4,1,106.0,99,6,,,
717,18,2,6,20,1,2,99,1,39,1,3.0,99.0,2008.0,1,2012,,718,6,1,106.0,99,6,,,
718,18,2,6,19,1,1,10,1,59,9,2.0,4.0,1999.0,1,2012,,719,10,1,101.0,99,6,,,
719,18,2,6,19,1,1,10,1,22,9,3.0,9.0,9999.0,1,2012,,720,3,1,101.0,99,6,,,
720,18,2,6,15,19,1,99,1,33,1,5.0,2.0,2007.0,1,2012,,721,5,1,1901.0,99,6,,,
721,18,2,6,15,19,1,99,2,46,9,4.0,1.0,9999.0,1,2012,,722,8,1,1901.0,99,6,,,
722,18,2,6,4,5,2,99,9,999,9,99.0,99.0,9999.0,1,2012,,723,11,9,501.0,99,6,,,
723,18,2,6,4,5,2,99,1,17,9,4.0,99.0,9999.0,1,2012,,724,2,2,501.0,99,6,,,
724,18,2,6,16,18,2,99,1,30,1,4.0,5.0,2010.0,1,2012,,725,5,1,1801.0,99,6,,,
725,18,2,6,16,18,2,99,1,35,2,6.0,1.0,1992.0,1,2012,,726,6,1,1801.0,99,6,,,
726,18,2,6,11,3,2,99,1,54,1,5.0,3.0,1996.0,1,2012,,727,9,1,312.0,99,6,,,
727,18,2,6,11,3,2,99,1,38,1,5.0,2.0,2003.0,1,2012,,728,6,1,312.0,99,6,,,
728,18,2,6,11,3,2,99,1,61,1,5.0,2.0,2008.0,1,2012,,729,10,1,312.0,99,6,,,
729,18,2,6,14,15,2,99,1,22,9,4.0,99.0,9999.0,4,2012,,730,3,1,1503.0,99,6,,,
730,18,2,6,23,15,2,99,1,22,2,4.0,1.0,2010.0,4,2012,,731,3,1,1502.0,99,6,,,
731,18,2,6,0,1,2,25,9,999,9,99.0,99.0,9999.0,1,2012,,732,11,9,101.0,99,6,,,
732,18,2,6,0,1,2,25,1,50,2,4.0,7.0,9999.0,1,2012,,733,9,1,101.0,99,6,,,
733,19,2,7,2,1,1,10,1,22,1,1.0,5.0,9999.0,1,2012,,734,3,1,101.0,99,6,,,
734,19,2,7,2,1,1,10,1,999,1,4.0,1.0,9999.0,1,2012,,735,11,1,101.0,99,6,,,
735,19,2,7,10,1,1,1,2,29,1,1.0,5.0,2002.0,1,2012,,736,4,1,101.0,99,6,,,
736,19,2,7,10,1,1,1,1,33,1,12.0,1.0,1992.0,1,2012,,737,5,1,101.0,99,6,,,
737,19,2,7,0,1,1,1,1,19,9,4.0,99.0,9999.0,1,2012,,738,2,1,101.0,99,6,,,
738,19,2,7,0,1,1,1,9,999,9,1.0,99.0,9999.0,1,2012,,739,11,9,101.0,99,6,,,
739,19,2,7,0,1,1,1,1,19,9,4.0,4.0,9999.0,1,2012,,740,2,1,101.0,99,6,,,
740,19,2,7,0,1,1,1,9,999,9,1.0,99.0,9999.0,1,2012,,741,11,9,101.0,99,6,,,
741,19,2,7,0,1,1,12,1,22,9,2.0,6.0,2003.0,1,2012,,742,3,1,101.0,99,6,,,
742,19,2,7,0,1,1,12,1,999,9,4.0,99.0,9999.0,1,2012,,743,11,1,101.0,99,6,,,
743,19,2,7,22,1,1,7,1,38,2,2.0,3.0,9999.0,1,2012,,744,6,1,101.0,99,6,,,
744,19,2,7,22,1,1,7,1,29,1,1.0,2.0,9999.0,1,2012,,745,4,1,101.0,99,6,,,
745,19,2,7,21,1,1,99,1,26,9,9.0,4.0,1991.0,1,2012,,746,4,1,116.0,99,6,,,
746,19,2,7,21,1,1,99,1,21,9,4.0,3.0,2006.0,1,2012,,747,3,1,116.0,99,6,,,
747,19,2,7,22,1,1,99,1,28,9,1.0,8.0,1991.0,1,2012,,748,4,1,117.0,99,6,,,
748,19,2,7,22,1,1,99,2,27,9,99.0,99.0,9999.0,1,2012,,749,4,1,117.0,99,6,,,
749,19,2,7,22,1,1,99,1,29,9,4.0,7.0,9999.0,4,2012,,750,4,1,115.0,99,6,,,
750,19,2,7,4,1,2,99,1,28,9,4.0,99.0,9999.0,4,2012,,751,4,1,110.0,99,6,,,
751,19,2,7,17,19,2,99,1,37,9,4.0,99.0,9999.0,4,2012,,752,6,1,1903.0,99,6,,,
752,19,2,7,1,19,2,99,1,999,9,3.0,1.0,9999.0,1,2012,,753,11,1,1906.0,99,6,,,
753,19,2,7,1,19,2,99,1,37,9,4.0,7.0,2005.0,1,2012,,754,6,1,1906.0,99,6,,,
754,19,2,7,3,5,2,99,9,999,9,3.0,1.0,9999.0,1,2012,,755,11,9,510.0,99,6,,,
755,19,2,7,3,5,2,99,1,42,9,4.0,1.0,9999.0,1,2012,,756,7,1,510.0,99,6,,,
756,19,2,7,7,10,1,99,1,52,9,7.0,7.0,9999.0,1,2012,,757,9,1,1001.0,99,6,,,
757,19,2,7,7,10,1,99,1,24,9,4.0,5.0,9999.0,1,2012,,758,3,1,1001.0,99,6,,,
758,19,2,7,16,10,2,99,1,32,2,2.0,4.0,9999.0,1,2012,,759,5,1,1010.0,99,6,,,
759,19,2,7,16,10,2,99,1,37,1,3.0,2.0,2007.0,1,2012,,760,6,1,1010.0,99,6,,,
760,19,2,7,16,10,2,99,1,39,1,3.0,1.0,1985.0,1,2012,,761,6,1,1010.0,99,6,,,
761,19,2,7,21,9,1,3,1,23,2,2.0,2.0,9999.0,1,2012,,762,3,1,901.0,99,6,,,
762,19,2,7,21,9,1,3,9,999,9,99.0,99.0,9999.0,1,2012,,763,11,9,901.0,99,6,,,
763,19,2,7,17,13,1,5,1,23,2,4.0,99.0,9999.0,1,2012,,764,3,1,1302.0,99,6,,,
764,19,2,7,17,13,1,5,9,999,9,2.0,99.0,9999.0,1,2012,,765,11,9,1302.0,99,6,,,
765,19,2,7,19,16,1,11,1,27,2,5.0,7.0,1995.0,1,2012,,766,4,1,1601.0,99,6,,,
766,19,2,7,19,16,1,11,1,40,1,3.0,2.0,1999.0,1,2012,,767,7,1,1601.0,99,6,,,
767,19,2,7,11,2,2,99,1,51,2,3.0,14.0,1985.0,1,2012,,768,9,1,203.0,99,6,,,
768,19,2,7,11,2,2,99,1,42,1,4.0,3.0,2007.0,1,2012,,769,7,1,203.0,99,6,,,
769,19,2,7,1,18,2,99,1,19,2,1.0,2.0,9999.0,2,2012,,770,2,1,1801.0,99,6,,,
770,19,2,7,18,18,2,99,1,40,9,3.0,2.0,9999.0,2,2012,,771,7,1,1804.0,99,6,,,
771,19,2,7,22,17,2,99,1,40,9,4.0,99.0,9999.0,4,2012,,772,7,1,1701.0,99,6,,,
772,20,2,1,21,1,2,99,1,48,1,1.0,3.0,2006.0,1,2012,,773,8,1,102.0,99,6,,,
773,20,2,1,21,1,2,99,1,31,1,2.0,6.0,1992.0,1,2012,,774,5,1,102.0,99,6,,,
774,20,2,1,17,1,1,5,9,999,9,1.0,4.0,9999.0,1,2012,,775,11,9,101.0,99,6,,,
775,20,2,1,17,1,1,5,1,20,1,4.0,3.0,9999.0,1,2012,,776,3,1,101.0,99,6,,,
776,20,2,1,19,1,1,7,1,39,2,1.0,6.0,9999.0,1,2012,,777,6,1,101.0,99,6,,,
777,20,2,1,19,1,1,7,1,43,1,2.0,10.0,2006.0,1,2012,,778,7,1,101.0,99,6,,,
778,20,2,1,18,1,2,99,1,29,1,3.0,3.0,1991.0,1,2012,,779,4,1,110.0,99,6,,,
779,20,2,1,18,1,2,99,1,58,1,4.0,4.0,2010.0,1,2012,,780,10,1,110.0,99,6,,,
780,20,2,1,17,22,2,99,1,24,1,3.0,9.0,1992.0,2,2012,,781,3,1,2201.0,99,6,,,
781,20,2,1,10,21,2,99,1,39,1,1.0,9.0,1997.0,1,2012,,782,6,1,2106.0,99,6,,,
782,20,2,1,10,21,2,99,1,31,1,14.0,1.0,1998.0,1,2012,,783,5,1,2106.0,99,6,,,
783,20,2,1,18,21,1,2,1,12,2,2.0,4.0,1984.0,2,2012,,784,1,2,2101.0,99,6,,,
784,20,2,1,8,20,2,99,1,29,1,2.0,6.0,2005.0,1,2012,,785,4,1,2001.0,99,6,,,
785,20,2,1,8,20,2,99,1,62,9,4.0,1.0,2005.0,1,2012,,786,10,1,2001.0,99,6,,,
786,20,2,1,0,5,2,99,1,24,2,1.0,99.0,2003.0,3,2012,,787,3,1,501.0,99,6,,,
787,20,2,1,14,5,2,99,1,30,2,3.0,9.0,9999.0,2,2012,,788,5,1,507.0,99,6,,,
788,20,2,1,5,10,2,99,1,34,1,3.0,10.0,1989.0,1,2012,,789,5,1,1020.0,99,6,,,
789,20,2,1,5,10,2,99,1,50,1,1.0,6.0,1997.0,1,2012,,790,9,1,1020.0,99,6,,,
790,20,2,1,16,11,2,99,1,26,1,1.0,99.0,1987.0,1,2012,,791,4,1,1101.0,99,6,,,
791,20,2,1,16,11,2,99,1,18,9,14.0,1.0,9999.0,1,2012,,792,2,1,1101.0,99,6,,,
792,20,2,1,11,9,2,99,1,54,2,2.0,1.0,9999.0,1,2012,,793,9,1,920.0,99,6,,,
793,20,2,1,11,9,2,99,9,999,9,3.0,9.0,9999.0,1,2012,,794,11,9,920.0,99,6,,,
794,20,2,1,11,9,2,99,9,999,9,3.0,3.0,9999.0,1,2012,,795,11,9,920.0,99,6,,,
795,20,2,1,11,9,2,99,9,999,9,4.0,11.0,9999.0,1,2012,,796,11,9,920.0,99,6,,,
796,20,2,1,11,9,2,99,9,999,9,4.0,1.0,9999.0,1,2012,,797,11,9,920.0,99,6,,,
797,20,2,1,11,9,2,99,9,999,9,4.0,1.0,9999.0,1,2012,,798,11,9,920.0,99,6,,,
798,20,2,1,14,9,2,99,1,24,9,4.0,1.0,9999.0,4,2012,,799,3,1,920.0,99,6,,,
799,20,2,1,0,4,2,99,9,999,9,7.0,3.0,9999.0,3,2012,,800,11,9,401.0,99,6,,,
800,21,2,2,17,10,2,99,1,28,9,1.0,9.0,9999.0,2,2012,,801,4,1,1001.0,99,6,,,
801,21,2,2,16,10,2,99,1,28,1,5.0,2.0,2003.0,1,2012,,802,4,1,1001.0,99,6,,,
802,21,2,2,16,10,2,99,2,21,1,4.0,2.0,2011.0,1,2012,,803,3,1,1001.0,99,6,,,
803,21,2,2,15,13,2,99,1,34,1,9.0,2.0,2006.0,1,2012,,804,5,1,1324.0,99,6,,,
804,21,2,2,15,13,2,99,1,18,1,4.0,6.0,9999.0,1,2012,,805,2,1,1324.0,99,6,,,
805,21,2,2,10,17,2,99,9,999,9,1.0,99.0,9999.0,1,2012,,806,11,9,1701.0,99,6,,,
806,21,2,2,10,17,2,99,2,60,9,4.0,99.0,9999.0,1,2012,,807,10,1,1701.0,99,6,,,
807,22,2,3,10,1,1,1,1,33,9,12.0,1.0,9999.0,1,2012,,808,5,1,101.0,99,6,,,
808,22,2,3,10,1,1,1,1,72,9,2.0,2.0,9999.0,1,2012,,809,10,1,101.0,99,6,,,
809,22,2,3,18,1,1,15,1,53,9,1.0,1.0,2000.0,1,2012,,810,9,1,101.0,99,6,,,
810,22,2,3,18,1,1,15,1,17,9,4.0,3.0,2011.0,1,2012,,811,2,2,101.0,99,6,,,
811,22,2,3,10,22,2,99,1,73,9,3.0,1.0,9999.0,1,2012,,812,10,1,2201.0,99,6,,,
812,22,2,3,10,22,2,99,1,59,9,4.0,1.0,9999.0,1,2012,,813,10,1,2201.0,99,6,,,
813,22,2,3,1,20,2,99,1,72,9,3.0,3.0,9999.0,1,2012,,814,10,1,2001.0,99,6,,,
814,22,2,3,21,10,2,99,1,26,9,2.0,6.0,1993.0,1,2012,,815,4,1,1001.0,99,6,,,
815,22,2,3,21,10,2,99,1,28,9,14.0,1.0,2012.0,1,2012,,816,4,1,1001.0,99,6,,,
816,22,2,3,0,11,2,99,1,25,9,1.0,1.0,1995.0,1,2012,,817,4,1,1101.0,99,6,,,
817,22,2,3,0,11,2,99,1,27,9,4.0,1.0,2000.0,1,2012,,818,4,1,1101.0,99,6,,,
818,23,2,4,12,1,1,18,2,22,1,1.0,2.0,2003.0,1,2012,,819,3,1,101.0,99,6,,,
819,23,2,4,12,1,1,18,1,25,1,1.0,4.0,1997.0,1,2012,,820,4,1,101.0,99,6,,,
820,23,2,4,17,5,2,99,9,999,9,5.0,99.0,9999.0,1,2012,,821,11,9,502.0,99,6,,,
821,23,2,4,17,5,2,99,1,36,9,4.0,5.0,9999.0,1,2012,,822,6,1,502.0,99,6,,,
822,23,2,4,8,9,1,5,9,999,9,12.0,7.0,9999.0,3,2012,,823,11,9,901.0,99,6,,,
823,23,2,4,16,2,2,99,1,43,2,3.0,2.0,1985.0,1,2012,,824,7,1,203.0,99,6,,,
824,23,2,4,16,2,2,99,1,38,9,1.0,6.0,2006.0,1,2012,,825,6,1,203.0,99,6,,,
825,24,2,5,12,1,1,1,1,25,1,5.0,2.0,1996.0,1,2012,,826,4,1,101.0,99,6,,,
826,24,2,5,12,1,1,1,1,73,1,3.0,3.0,9999.0,1,2012,,827,10,1,101.0,99,6,,,
827,24,2,5,1,22,2,99,9,999,9,3.0,6.0,9999.0,1,2012,,828,11,9,2212.0,99,6,,,
828,24,2,5,1,22,2,99,9,999,9,3.0,6.0,9999.0,1,2012,,829,11,9,2212.0,99,6,,,
829,24,2,5,18,22,2,99,1,23,9,5.0,2.0,2010.0,3,2012,,830,3,1,2216.0,99,6,,,
830,24,2,5,22,5,2,99,9,999,9,99.0,99.0,9999.0,1,2012,,831,11,9,507.0,99,6,,,
831,24,2,5,7,10,2,99,1,32,9,4.0,99.0,9999.0,1,2012,,832,5,1,1002.0,99,6,,,
832,24,2,5,7,10,2,99,1,25,9,1.0,2.0,1989.0,1,2012,,833,4,1,1002.0,99,6,,,
833,24,2,5,7,18,2,99,9,999,9,99.0,99.0,9999.0,1,2012,,834,11,9,1801.0,99,6,,,
834,24,2,5,7,18,2,99,1,30,9,4.0,1.0,9999.0,1,2012,,835,5,1,1801.0,99,6,,,
835,24,2,5,15,17,2,99,9,999,9,99.0,99.0,9999.0,1,2012,,836,11,9,1701.0,99,6,,,
836,24,2,5,15,17,2,99,1,24,9,4.0,99.0,9999.0,1,2012,,837,3,1,1701.0,99,6,,,
837,24,2,5,1,14,2,99,1,33,9,4.0,99.0,9999.0,4,2012,,838,5,1,1409.0,99,6,,,
838,24,2,5,22,4,2,99,1,19,2,9.0,10.0,9999.0,1,2012,,839,2,1,406.0,99,6,,,
839,24,2,5,22,4,2,99,1,45,1,6.0,1.0,9999.0,1,2012,,840,8,1,406.0,99,6,,,
840,24,2,5,6,3,2,99,1,27,9,9.0,1.0,2011.0,1,2012,,841,4,1,308.0,99,6,,,
841,24,2,5,6,3,2,99,1,40,9,4.0,3.0,9999.0,1,2012,,842,7,1,308.0,99,6,,,
842,24,2,5,8,1,1,1,1,33,9,1.0,2.0,2002.0,1,2012,,843,5,1,101.0,99,6,,,
843,24,2,5,8,1,1,1,1,52,9,1.0,6.0,1999.0,1,2012,,844,9,1,101.0,99,6,,,
844,24,2,5,19,20,2,99,1,32,2,2.0,3.0,2001.0,1,2012,,845,5,1,2001.0,99,6,,,
845,24,2,5,19,20,2,99,1,24,1,4.0,3.0,2001.0,1,2012,,846,3,1,2001.0,99,6,,,
846,24,2,5,22,9,1,1,1,32,1,5.0,2.0,2011.0,1,2012,,847,5,1,901.0,99,6,,,
847,24,2,5,22,9,1,1,1,52,1,1.0,9.0,9999.0,1,2012,,848,9,1,901.0,99,6,,,
848,24,2,5,7,4,2,99,9,999,9,5.0,99.0,9999.0,1,2012,,849,11,9,409.0,99,6,,,
849,24,2,5,7,4,2,99,1,999,9,3.0,5.0,9999.0,1,2012,,850,11,1,409.0,99,6,,,
850,25,2,6,4,1,1,1,1,23,2,1.0,11.0,9999.0,1,2012,,851,3,1,101.0,99,6,,,
851,25,2,6,4,1,1,1,1,32,2,1.0,99.0,1991.0,1,2012,,852,5,1,101.0,99,6,,,
852,25,2,6,12,1,1,1,1,33,1,11.0,2.0,2006.0,1,2012,,853,5,1,101.0,99,6,,,
853,25,2,6,12,1,1,1,1,40,1,4.0,5.0,2011.0,1,2012,,854,7,1,101.0,99,6,,,
854,25,2,6,7,1,1,8,9,999,9,12.0,7.0,9999.0,1,2012,,855,11,9,101.0,99,6,,,
855,25,2,6,7,1,1,8,2,24,9,4.0,5.0,9999.0,1,2012,,856,3,1,101.0,99,6,,,
856,25,2,6,15,1,1,4,1,999,1,3.0,5.0,9999.0,1,2012,,857,11,1,108.0,99,6,,,
857,25,2,6,15,1,1,4,1,31,1,5.0,7.0,2008.0,1,2012,,858,5,1,108.0,99,6,,,
858,25,2,6,16,1,1,6,1,68,1,1.0,2.0,1997.0,1,2012,,859,10,1,101.0,99,6,,,
859,25,2,6,16,1,1,6,1,18,1,4.0,4.0,2009.0,1,2012,,860,2,1,101.0,99,6,,,
860,25,2,6,20,1,1,12,1,41,9,1.0,4.0,2008.0,1,2012,,861,7,1,101.0,99,6,,,
861,25,2,6,20,1,1,12,1,18,9,4.0,1.0,9999.0,1,2012,,862,2,1,101.0,99,6,,,
862,25,2,6,11,22,2,99,1,42,9,1.0,8.0,1985.0,1,2012,,863,7,1,2205.0,99,6,,,
863,25,2,6,11,22,2,99,1,77,9,2.0,1.0,9999.0,1,2012,,864,10,1,2205.0,99,6,,,
864,25,2,6,13,10,1,2,1,29,2,14.0,1.0,9999.0,2,2012,,865,4,1,1001.0,99,6,,,
865,25,2,6,17,9,2,7,1,53,9,3.0,1.0,1996.0,1,2012,,866,9,1,901.0,99,6,,,
866,25,2,6,17,9,2,7,9,999,9,12.0,12.0,1994.0,1,2012,,867,11,9,901.0,99,6,,,
867,25,2,6,23,9,2,99,1,21,2,3.0,4.0,2005.0,1,2012,,868,3,1,902.0,99,6,,,
868,25,2,6,23,9,2,99,1,999,1,3.0,7.0,9999.0,1,2012,,869,11,1,902.0,99,6,,,
869,25,2,6,15,13,2,99,9,999,9,3.0,9.0,9999.0,3,2012,,870,11,9,1305.0,99,6,,,
870,25,2,6,0,16,2,99,1,30,9,5.0,2.0,9999.0,4,2012,,871,5,1,1607.0,99,6,,,
871,25,2,6,15,17,2,99,1,63,9,2.0,9.0,1991.0,1,2012,,872,10,1,1701.0,99,6,,,
872,25,2,6,15,17,2,99,1,999,9,4.0,99.0,9999.0,1,2012,,873,11,1,1701.0,99,6,,,
873,25,2,6,19,3,2,99,2,41,9,1.0,4.0,9999.0,1,2012,,874,7,1,301.0,99,6,,,
874,25,2,6,19,3,2,99,9,999,9,99.0,99.0,9999.0,1,2012,,875,11,9,301.0,99,6,,,
875,25,2,6,19,3,2,99,9,999,9,99.0,99.0,9999.0,1,2012,,876,11,9,301.0,99,6,,,
876,25,2,6,17,18,2,99,1,33,9,1.0,99.0,9999.0,1,2012,,877,5,1,1801.0,99,6,,,
877,25,2,6,17,18,2,99,1,24,9,11.0,99.0,9999.0,1,2012,,878,3,1,1801.0,99,6,,,
878,25,2,6,4,5,2,99,1,26,2,1.0,99.0,1992.0,1,2012,,879,4,1,511.0,99,6,,,
879,25,2,6,4,5,2,99,1,25,2,1.0,1.0,1995.0,1,2012,,880,4,1,511.0,99,6,,,
880,25,2,6,0,5,2,99,9,999,9,5.0,2.0,1995.0,1,2012,,881,11,9,505.0,99,6,,,
881,25,2,6,0,5,2,99,1,36,9,5.0,2.0,1995.0,1,2012,,882,6,1,505.0,99,6,,,
882,25,2,6,12,9,2,99,9,999,9,3.0,3.0,1981.0,3,2012,,883,11,9,917.0,99,6,,,
883,25,2,6,20,4,1,2,1,34,2,4.0,1.0,9999.0,3,2012,,884,5,1,401.0,99,6,,,
884,26,2,7,1,1,2,99,9,999,2,1.0,1.0,9999.0,1,2012,,885,11,9,115.0,99,6,,,
885,26,2,7,1,1,2,99,9,999,2,1.0,2.0,9999.0,1,2012,,886,11,9,115.0,99,6,,,
886,26,2,7,7,1,2,99,1,21,9,4.0,99.0,9999.0,2,2012,,887,3,1,114.0,99,6,,,
887,26,2,7,11,1,2,99,1,33,9,1.0,4.0,9999.0,1,2012,,888,5,1,116.0,99,6,,,
888,26,2,7,11,1,2,99,1,33,9,4.0,6.0,9999.0,1,2012,,889,5,1,116.0,99,6,,,
889,26,2,7,8,20,2,99,9,999,9,3.0,99.0,9999.0,3,2012,,890,11,9,2005.0,99,6,,,
890,26,2,7,11,19,2,99,9,999,9,1.0,5.0,9999.0,1,2012,,891,11,9,1902.0,99,6,,,
891,26,2,7,11,19,2,99,1,55,9,4.0,3.0,9999.0,1,2012,,892,10,1,1902.0,99,6,,,
892,26,2,7,9,5,2,99,1,52,9,2.0,2.0,9999.0,3,2012,,893,9,1,501.0,99,6,,,
893,26,2,7,11,6,2,99,1,999,9,3.0,5.0,9999.0,1,2012,,894,11,1,614.0,99,6,,,
894,26,2,7,11,6,2,99,1,18,9,4.0,99.0,9999.0,1,2012,,895,2,1,614.0,99,6,,,
895,26,2,7,11,10,1,99,1,30,9,9.0,3.0,9999.0,1,2012,,896,5,1,1001.0,99,6,,,
896,26,2,7,11,10,1,99,1,22,9,9.0,2.0,9999.0,1,2012,,897,3,1,1001.0,99,6,,,
897,26,2,7,23,10,2,99,1,23,1,4.0,1.0,2011.0,3,2012,,898,3,1,1002.0,99,6,,,
898,26,2,7,0,10,2,99,1,42,2,4.0,5.0,9999.0,3,2012,,899,7,1,1002.0,99,6,,,
899,26,2,7,20,11,2,99,9,999,9,2.0,99.0,9999.0,1,2012,,900,11,9,1101.0,99,6,,,
900,26,2,7,20,11,2,99,1,20,9,8.0,99.0,9999.0,1,2012,,901,3,1,1101.0,99,6,,,
901,26,2,7,0,9,2,99,1,29,2,4.0,99.0,9999.0,1,2012,,902,4,1,901.0,99,6,,,
902,26,2,7,0,9,2,99,1,23,1,1.0,4.0,1999.0,1,2012,,903,3,1,901.0,99,6,,,
903,26,2,7,16,9,2,99,1,63,1,4.0,5.0,2007.0,1,2012,,904,10,1,920.0,99,6,,,
904,26,2,7,16,9,2,99,9,999,9,4.0,99.0,9999.0,1,2012,,905,11,9,920.0,99,6,,,
905,26,2,7,22,12,2,99,1,20,9,4.0,3.0,9999.0,2,2012,,906,3,1,1202.0,99,6,,,
906,26,2,7,4,16,2,99,1,27,9,4.0,5.0,9999.0,1,2012,,907,4,1,1602.0,99,6,,,
907,26,2,7,4,16,2,99,1,999,9,3.0,4.0,2011.0,1,2012,,908,11,1,1602.0,99,6,,,
908,26,2,7,10,2,2,99,1,30,9,4.0,8.0,9999.0,1,2012,,909,5,1,208.0,99,6,,,
909,26,2,7,10,2,2,99,1,47,9,3.0,4.0,2008.0,1,2012,,910,8,1,208.0,99,6,,,
910,26,2,7,11,4,2,99,1,51,9,9.0,6.0,2011.0,1,2012,,911,9,1,416.0,99,6,,,
911,26,2,7,11,4,2,99,1,28,9,4.0,5.0,9999.0,1,2012,,912,4,1,416.0,99,6,,,
912,26,2,7,3,3,2,99,1,32,9,3.0,1.0,9999.0,1,2012,,913,5,1,301.0,99,6,,,
913,26,2,7,3,3,2,99,1,36,9,3.0,4.0,1994.0,1,2012,,914,6,1,301.0,99,6,,,
914,26,2,7,23,1,2,99,1,40,9,4.0,3.0,9999.0,1,2012,,915,7,1,117.0,99,6,,,
915,26,2,7,5,3,2,99,1,32,2,3.0,1.0,9999.0,1,2012,,916,5,1,301.0,99,6,,,
916,26,2,7,5,3,2,99,1,36,2,1.0,2.0,1994.0,1,2012,,917,6,1,301.0,99,6,,,
917,26,2,7,0,3,2,99,1,36,2,1.0,2.0,1994.0,1,2012,,918,6,1,301.0,99,6,,,
918,27,2,1,13,1,1,1,9,999,9,3.0,1.0,9999.0,1,2012,,919,11,9,113.0,99,6,,,
919,27,2,1,13,1,1,1,1,18,9,3.0,1.0,1995.0,1,2012,,920,2,1,113.0,99,6,,,
920,27,2,1,0,21,1,1,1,21,2,4.0,5.0,9999.0,1,2012,,921,3,1,2101.0,99,6,,,
921,27,2,1,0,21,1,1,2,35,9,1.0,4.0,2004.0,1,2012,,922,6,1,2101.0,99,6,,,
922,27,2,1,4,21,1,99,9,999,9,2.0,99.0,9999.0,1,2012,,923,11,9,2103.0,99,6,,,
923,27,2,1,4,21,1,99,1,999,9,5.0,99.0,9999.0,1,2012,,924,11,1,2103.0,99,6,,,
924,27,2,1,4,21,1,99,1,999,9,3.0,99.0,9999.0,1,2012,,925,11,1,2103.0,99,6,,,
925,27,2,1,19,9,1,9,1,51,2,2.0,10.0,1981.0,1,2012,,926,9,1,901.0,99,6,,,
926,27,2,1,1,13,2,99,9,999,9,1.0,2.0,9999.0,4,2012,,927,11,9,1312.0,99,6,,,
927,27,2,1,18,18,2,99,1,59,9,3.0,3.0,9999.0,2,2012,,928,10,1,1805.0,99,6,,,
928,27,2,1,23,4,2,99,1,25,2,5.0,2.0,1992.0,1,2012,,929,4,1,401.0,99,6,,,
929,27,2,1,23,4,2,99,1,999,1,3.0,5.0,9999.0,1,2012,,930,11,1,401.0,99,6,,,
930,27,2,1,11,1,2,99,2,43,1,1.0,2.0,9999.0,1,2012,,931,7,1,116.0,99,6,,,
931,27,2,1,11,1,2,99,1,42,1,4.0,3.0,9999.0,1,2012,,932,7,1,116.0,99,6,,,
932,27,2,1,20,18,2,99,1,19,1,1.0,6.0,1999.0,1,2012,,933,2,1,1801.0,99,6,,,
933,27,2,1,20,18,2,99,1,62,1,3.0,2.0,2010.0,1,2012,,934,10,1,1801.0,99,6,,,
934,27,2,1,16,1,1,99,1,33,2,3.0,4.0,2008.0,1,2012,,935,5,1,117.0,99,6,,,
935,27,2,1,16,1,1,99,1,32,1,3.0,4.0,2000.0,1,2012,,936,5,1,117.0,99,6,,,
936,27,2,1,19,6,2,99,1,51,9,5.0,99.0,9999.0,1,2012,,937,9,1,604.0,99,6,,,
937,27,2,1,18,4,2,99,1,84,9,5.0,2.0,9999.0,4,2012,,938,10,1,403.0,99,6,,,
938,27,2,1,22,4,2,99,1,19,9,4.0,3.0,9999.0,1,2012,,939,2,1,412.0,99,6,,,
939,27,2,1,22,4,2,99,1,999,9,3.0,5.0,9999.0,1,2012,,940,11,1,412.0,99,6,,,
940,28,2,2,1,1,1,13,1,29,9,99.0,2.0,2004.0,1,2012,,941,4,1,101.0,99,6,,,
941,28,2,2,10,1,1,12,1,23,9,4.0,2.0,1975.0,1,2012,,942,3,1,101.0,99,6,,,
942,28,2,2,10,1,1,12,1,20,9,3.0,2.0,2009.0,1,2012,,943,3,1,101.0,99,6,,,
943,28,2,2,15,1,1,5,1,30,2,2.0,9.0,1987.0,1,2012,,944,5,1,101.0,99,6,,,
944,28,2,2,15,1,1,5,1,28,1,3.0,2.0,2005.0,1,2012,,945,4,1,101.0,99,6,,,
945,28,2,2,23,1,1,10,1,27,2,4.0,5.0,2008.0,4,2012,,946,4,1,101.0,99,6,,,
946,28,2,2,23,1,2,99,1,25,9,5.0,2.0,9999.0,1,2012,,947,4,1,113.0,99,6,,,
947,28,2,2,23,1,2,99,1,49,9,2.0,4.0,9999.0,1,2012,,948,8,1,113.0,99,6,,,
948,28,2,2,10,20,2,99,9,999,9,3.0,99.0,9999.0,2,2012,,949,11,9,2001.0,99,6,,,
949,28,2,2,10,5,2,99,1,32,9,99.0,99.0,2000.0,3,2012,,950,5,1,501.0,99,6,,,
950,28,2,2,23,5,1,99,1,16,9,4.0,99.0,9999.0,2,2012,,951,2,2,501.0,99,6,,,
951,28,2,2,23,12,1,2,1,32,2,3.0,5.0,1991.0,1,2012,,952,5,1,1201.0,99,6,,,
952,28,2,2,23,12,1,2,1,36,1,1.0,9.0,1998.0,1,2012,,953,6,1,1201.0,99,6,,,
953,28,2,2,13,18,2,99,1,999,9,6.0,2.0,9999.0,1,2012,,954,11,1,1804.0,99,6,,,
954,28,2,2,13,18,2,99,1,19,9,4.0,5.0,2008.0,1,2012,,955,2,1,1804.0,99,6,,,
955,28,2,2,14,4,2,99,1,16,9,3.0,99.0,9999.0,1,2012,,956,2,2,409.0,99,6,,,
956,28,2,2,14,4,2,99,9,999,9,2.0,99.0,9999.0,1,2012,,957,11,9,409.0,99,6,,,
957,28,2,2,11,6,2,99,1,30,2,4.0,1.0,2007.0,1,2012,,958,5,1,604.0,99,6,,,
958,28,2,2,11,6,2,99,1,34,1,4.0,1.0,9999.0,1,2012,,959,5,1,604.0,99,6,,,
959,28,2,2,23,5,2,99,1,36,9,6.0,1.0,2003.0,1,2012,,960,6,1,511.0,99,6,,,
960,28,2,2,23,5,2,99,1,35,9,6.0,3.0,1990.0,1,2012,,961,6,1,511.0,99,6,,,
961,28,2,2,7,7,2,99,1,51,9,3.0,3.0,9999.0,1,2012,,962,9,1,701.0,99,6,,,
962,28,2,2,7,7,2,99,2,57,9,1.0,3.0,9999.0,1,2012,,963,10,1,701.0,99,6,,,
963,29,2,3,14,1,1,8,1,28,2,1.0,2.0,1999.0,1,2012,,964,4,1,101.0,99,6,,,
964,29,2,3,14,1,1,8,9,999,9,3.0,11.0,1985.0,1,2012,,965,11,1,101.0,99,6,,,
965,29,2,3,0,1,1,18,1,37,9,9.0,2.0,2006.0,1,2012,,966,6,1,101.0,99,6,,,
966,29,2,3,0,1,1,18,1,20,9,4.0,5.0,2011.0,1,2012,,967,3,1,101.0,99,6,,,
967,29,2,3,7,1,1,12,1,19,1,4.0,1.0,9999.0,1,2012,,968,2,1,101.0,99,6,,,
968,29,2,3,7,1,1,12,9,999,9,1.0,99.0,9999.0,1,2012,,969,11,9,101.0,99,6,,,
969,29,2,3,19,22,2,99,1,26,9,4.0,7.0,9999.0,1,2012,,970,4,1,2217.0,99,6,,,
970,29,2,3,19,22,2,99,9,999,9,99.0,99.0,9999.0,1,2012,,971,11,9,2217.0,99,6,,,
971,29,2,3,19,20,2,99,2,21,9,4.0,3.0,9999.0,3,2012,,972,3,1,2005.0,99,6,,,
972,29,2,3,19,20,2,99,1,17,9,4.0,6.0,9999.0,3,2012,,973,2,2,2005.0,99,6,,,
973,29,2,3,14,6,2,99,1,23,9,4.0,99.0,9999.0,1,2012,,974,3,1,608.0,99,6,,,
974,29,2,3,14,6,2,99,9,999,9,3.0,1.0,9999.0,1,2012,,975,11,9,608.0,99,6,,,
975,29,2,3,15,13,1,8,1,36,2,2.0,3.0,9999.0,1,2012,,976,6,1,1301.0,99,6,,,
976,29,2,3,15,13,1,8,1,47,2,4.0,1.0,9999.0,1,2012,,977,8,1,1301.0,99,6,,,
977,29,2,3,9,18,2,99,1,24,9,4.0,99.0,9999.0,1,2012,,978,3,1,1801.0,99,6,,,
978,29,2,3,9,18,2,99,9,999,9,3.0,99.0,9999.0,1,2012,,979,11,9,1801.0,99,6,,,
979,29,2,3,12,17,2,99,1,20,9,4.0,3.0,9999.0,3,2012,,980,3,1,1701.0,99,6,,,
980,29,2,3,2,1,1,6,1,28,2,4.0,7.0,2011.0,2,2012,,981,4,1,101.0,99,6,,,
981,1,3,4,12,1,1,12,1,24,1,1.0,2.0,9999.0,1,2012,,982,3,1,115.0,99,6,,,
982,1,3,4,12,1,1,12,1,41,2,1.0,2.0,9999.0,1,2012,,983,7,1,115.0,99,6,,,
983,1,3,4,10,22,2,99,1,33,1,1.0,1.0,9999.0,3,2012,,984,5,1,2201.0,99,6,,,
984,1,3,4,18,6,2,99,1,18,1,4.0,99.0,9999.0,1,2012,,985,2,1,602.0,99,6,,,
985,1,3,4,18,6,2,99,9,999,9,2.0,6.0,9999.0,1,2012,,986,11,9,602.0,99,6,,,
986,1,3,4,18,17,2,99,1,29,9,4.0,3.0,9999.0,3,2012,,987,4,1,1701.0,99,6,,,
987,1,3,4,5,17,2,99,1,16,9,4.0,3.0,9999.0,2,2012,,988,2,2,1701.0,99,6,,,
988,1,3,4,11,17,2,99,1,47,9,4.0,6.0,9999.0,1,2012,,989,8,1,1712.0,99,6,,,
989,1,3,4,11,17,2,99,9,999,9,1.0,2.0,9999.0,1,2012,,990,11,9,1712.0,99,6,,,
990,2,3,5,6,1,1,16,1,20,1,1.0,7.0,2006.0,1,2012,,991,3,1,101.0,99,6,,,
991,2,3,5,6,1,1,16,2,21,1,1.0,11.0,2001.0,1,2012,,992,3,1,101.0,99,6,,,
992,2,3,5,2,1,1,7,2,36,1,1.0,3.0,2005.0,1,2012,,993,6,1,101.0,99,6,,,
993,2,3,5,2,1,1,7,1,41,1,1.0,7.0,9999.0,1,2012,,994,7,1,101.0,99,6,,,
994,2,3,5,11,22,2,99,1,39,1,6.0,3.0,9999.0,3,2012,,995,6,1,2201.0,99,6,,,
995,2,3,5,23,10,2,99,1,29,2,3.0,3.0,1983.0,3,2012,,996,4,1,1001.0,99,6,,,
996,2,3,5,18,11,2,99,1,22,1,4.0,3.0,2006.0,2,2012,,997,3,1,1101.0,99,6,,,
997,2,3,5,7,15,2,99,1,33,1,1.0,6.0,1997.0,3,2012,,998,5,1,1501.0,99,6,,,
998,3,3,6,23,1,2,1,2,23,2,1.0,4.0,2006.0,2,2012,,999,3,1,101.0,99,6,,,
999,3,3,6,21,22,2,99,1,22,2,4.0,1.0,2008.0,1,2012,,1000,3,1,2201.0,99,6,,,
1000,3,3,6,21,22,2,99,1,22,1,1.0,6.0,1997.0,1,2012,,1001,3,1,2201.0,99,6,,,
1001,3,3,6,6,19,2,99,2,53,2,3.0,5.0,2005.0,2,2012,,1002,9,1,1901.0,99,6,,,
1002,3,3,6,19,5,2,99,2,35,1,5.0,2.0,9999.0,1,2012,,1003,6,1,501.0,99,6,,,
1003,3,3,6,19,5,2,99,9,999,9,7.0,7.0,9999.0,1,2012,,1004,11,9,501.0,99,6,,,
1004,3,3,6,19,5,2,99,1,38,9,1.0,1.0,9999.0,2,2012,,1005,6,1,501.0,99,6,,,
1005,3,3,6,19,2,2,99,1,35,9,6.0,2.0,9999.0,1,2012,,1006,6,1,201.0,99,6,,,
1006,3,3,6,19,2,2,99,1,19,9,1.0,6.0,9999.0,1,2012,,1007,2,1,201.0,99,6,,,
1007,3,3,6,14,14,2,99,1,21,9,4.0,6.0,9999.0,1,2012,,1008,3,1,1401.0,99,6,,,
1008,3,3,6,14,14,2,99,1,22,9,4.0,2.0,9999.0,1,2012,,1009,3,1,1401.0,99,6,,,
1009,3,3,6,13,3,2,99,1,28,9,1.0,6.0,1999.0,1,2012,,1010,4,1,303.0,99,6,,,
1010,3,3,6,13,3,2,99,1,61,9,1.0,8.0,9999.0,1,2012,,1011,10,1,303.0,99,6,,,
1011,4,3,7,8,1,2,99,1,25,9,1.0,4.0,9999.0,1,2012,,1012,4,1,116.0,99,6,,,
1012,4,3,7,8,1,2,99,9,999,9,1.0,5.0,9999.0,1,2012,,1013,11,9,116.0,99,6,,,
1013,4,3,7,17,1,1,4,1,35,9,1.0,2.0,1998.0,1,2012,,1014,6,1,115.0,99,6,,,
1014,4,3,7,17,1,1,4,1,38,9,3.0,1.0,1994.0,1,2012,,1015,6,1,115.0,99,6,,,
1015,4,3,7,2,1,2,99,1,24,9,1.0,5.0,9999.0,1,2012,,1016,3,1,110.0,99,6,,,
1016,4,3,7,2,21,2,99,1,20,9,1.0,1.0,9999.0,3,2012,,1017,3,1,2106.0,99,6,,,
1017,4,3,7,3,9,1,3,1,24,9,3.0,1.0,2000.0,1,2012,,1018,3,1,901.0,99,6,,,
1018,4,3,7,3,9,1,3,9,999,9,5.0,2.0,9999.0,1,2012,,1019,11,9,901.0,99,6,,,
1019,4,3,7,18,2,2,99,1,47,9,9.0,6.0,9999.0,1,2012,,1020,8,1,203.0,99,6,,,
1020,4,3,7,18,2,2,99,1,22,9,1.0,1.0,9999.0,1,2012,,1021,3,1,203.0,99,6,,,
1021,4,3,7,15,2,2,99,1,28,9,6.0,1.0,2000.0,1,2012,,1022,4,1,201.0,99,6,,,
1022,4,3,7,15,2,2,99,1,28,9,4.0,1.0,2008.0,1,2012,,1023,4,1,201.0,99,6,,,
1023,5,3,1,0,1,1,1,1,41,2,3.0,2.0,1990.0,1,2012,,1024,7,1,101.0,99,6,,,
1024,5,3,1,0,1,1,1,1,25,1,1.0,11.0,1990.0,1,2012,,1025,4,1,101.0,99,6,,,
1025,5,3,1,21,22,2,99,1,25,9,4.0,5.0,9999.0,2,2012,,1026,4,1,2214.0,99,6,,,
1026,5,3,1,2,5,2,99,1,25,2,14.0,1.0,9999.0,1,2012,,1027,4,1,504.0,99,6,,,
1027,5,3,1,2,5,2,99,9,999,9,5.0,5.0,1987.0,1,2012,,1028,11,9,504.0,99,6,,,
1028,5,3,1,9,10,2,99,1,47,1,2.0,6.0,2001.0,1,2012,,1029,8,1,1002.0,99,6,,,
1029,5,3,1,9,10,2,99,1,23,1,3.0,2.0,1989.0,1,2012,,1030,3,1,1002.0,99,6,,,
1030,5,3,1,18,10,2,99,9,999,9,9.0,4.0,2010.0,1,2012,,1031,11,9,1002.0,99,6,,,
1031,5,3,1,11,18,2,99,9,999,9,9.0,2.0,9999.0,1,2012,,1032,11,9,1801.0,99,6,,,
1032,5,3,1,11,18,2,99,1,32,9,4.0,99.0,9999.0,1,2012,,1033,5,1,1801.0,99,6,,,
1033,5,3,1,22,4,2,99,1,999,9,4.0,5.0,9999.0,2,2012,,1034,11,1,401.0,99,6,,,
1034,5,3,1,20,3,2,99,1,19,2,9.0,3.0,2006.0,2,2012,,1035,2,1,308.0,99,6,,,
1035,5,3,1,0,1,1,1,1,47,2,1.0,5.0,9999.0,1,2012,,1036,8,1,101.0,99,6,,,
1036,5,3,1,0,1,1,1,1,31,1,1.0,4.0,2002.0,1,2012,,1037,5,1,101.0,99,6,,,
1037,5,3,1,7,1,1,1,1,29,1,3.0,5.0,2005.0,1,2012,,1038,4,1,101.0,99,6,,,
1038,5,3,1,7,1,1,1,1,60,1,2.0,9.0,9999.0,1,2012,,1039,10,1,101.0,99,6,,,
1039,6,3,2,4,1,1,2,1,31,9,3.0,8.0,1989.0,1,2012,,1040,5,1,108.0,99,6,,,
1040,6,3,2,4,1,1,2,1,40,9,1.0,2.0,9999.0,1,2012,,1041,7,1,108.0,99,6,,,
1041,6,3,2,17,1,1,13,1,29,9,1.0,4.0,1997.0,1,2012,,1042,4,1,101.0,99,6,,,
1042,6,3,2,17,1,1,13,1,65,9,1.0,6.0,2006.0,1,2012,,1043,10,1,101.0,99,6,,,
1043,6,3,2,17,1,1,13,1,39,9,1.0,4.0,2007.0,1,2012,,1044,6,1,101.0,99,6,,,
1044,6,3,2,18,8,2,99,1,999,1,3.0,4.0,9999.0,1,2012,,1045,11,1,802.0,99,6,,,
1045,6,3,2,18,8,2,99,1,999,1,5.0,3.0,2000.0,1,2012,,1046,11,1,802.0,99,6,,,
1046,6,3,2,15,22,2,99,1,49,9,5.0,6.0,9999.0,4,2012,,1047,8,1,2214.0,99,6,,,
1047,6,3,2,21,22,2,99,1,32,9,5.0,2.0,9999.0,3,2012,,1048,5,1,2216.0,99,6,,,
1048,6,3,2,18,11,2,99,1,18,9,2.0,2.0,1991.0,2,2012,,1049,2,1,1109.0,99,6,,,
1049,6,3,2,4,8,2,99,1,34,9,3.0,1.0,1988.0,2,2012,,1050,5,1,803.0,99,6,,,
1050,6,3,2,14,18,2,99,1,29,9,11.0,2.0,2001.0,1,2012,,1051,4,1,1804.0,99,6,,,
1051,6,3,2,14,18,2,99,1,24,9,6.0,3.0,2000.0,1,2012,,1052,3,1,1804.0,99,6,,,
1052,7,3,3,8,1,2,99,1,34,9,3.0,14.0,9999.0,1,2012,,1053,5,1,117.0,99,6,,,
1053,7,3,3,8,1,2,99,1,37,9,2.0,4.0,9999.0,1,2012,,1054,6,1,117.0,99,6,,,
1054,7,3,3,23,5,2,99,1,36,9,6.0,1.0,2003.0,1,2012,,1055,6,1,501.0,99,6,,,
1055,7,3,3,23,5,2,99,9,999,9,6.0,9.0,9999.0,1,2012,,1056,11,9,501.0,99,6,,,
1056,7,3,3,6,5,2,99,1,36,9,6.0,4.0,1999.0,1,2012,,1057,6,1,504.0,99,6,,,
1057,7,3,3,6,5,2,99,2,37,9,7.0,99.0,9999.0,1,2012,,1058,6,1,504.0,99,6,,,
1058,7,3,3,10,5,2,99,1,45,9,4.0,5.0,2007.0,1,2012,,1059,8,1,502.0,99,6,,,
1059,7,3,3,10,5,2,99,1,43,9,1.0,5.0,2011.0,1,2012,,1060,7,1,502.0,99,6,,,
1060,7,3,3,14,12,2,99,9,999,9,1.0,99.0,9999.0,1,2012,,1061,11,9,1214.0,99,6,,,
1061,7,3,3,14,12,2,99,1,17,9,4.0,99.0,9999.0,1,2012,,1062,2,2,1214.0,99,6,,,
1062,7,3,3,17,13,2,99,1,49,2,3.0,4.0,2011.0,1,2012,,1063,8,1,1301.0,99,6,,,
1063,7,3,3,17,13,2,99,1,999,9,2.0,14.0,1998.0,1,2012,,1064,11,1,1301.0,99,6,,,
1064,7,3,3,22,17,2,99,1,43,1,6.0,6.0,9999.0,1,2012,,1065,7,1,1709.0,99,6,,,
1065,7,3,3,22,17,2,99,1,49,1,3.0,3.0,1984.0,1,2012,,1066,8,1,1709.0,99,6,,,
1066,7,3,3,7,17,2,99,9,999,9,3.0,99.0,9999.0,1,2012,,1067,11,9,1703.0,99,6,,,
1067,7,3,3,7,17,2,99,2,26,9,4.0,99.0,9999.0,1,2012,,1068,4,1,1703.0,99,6,,,
1068,7,3,3,17,3,2,99,1,30,9,1.0,4.0,1985.0,1,2012,,1069,5,1,304.0,99,6,,,
1069,7,3,3,9,5,2,99,1,40,9,6.0,3.0,1999.0,1,2012,,1070,7,1,501.0,99,6,,,
1070,7,3,3,9,5,2,99,1,20,9,4.0,99.0,9999.0,1,2012,,1071,3,1,501.0,99,6,,,
1071,7,3,3,8,12,2,99,9,999,9,2.0,9.0,9999.0,1,2012,,1072,11,9,1222.0,99,6,,,
1072,7,3,3,8,12,2,99,1,49,9,4.0,5.0,9999.0,1,2012,,1073,8,1,1222.0,99,6,,,
1073,8,3,4,10,1,1,6,9,999,9,7.0,2.0,9999.0,1,2012,,1074,11,9,101.0,99,6,,,
1074,8,3,4,10,1,1,6,1,26,9,4.0,5.0,9999.0,1,2012,,1075,4,1,101.0,99,6,,,
1075,8,3,4,8,2,2,99,1,20,9,6.0,99.0,9999.0,1,2012,,1076,3,1,203.0,99,6,,,
1076,8,3,4,8,2,2,99,1,44,9,6.0,99.0,9999.0,1,2012,,1077,7,1,203.0,99,6,,,
1077,8,3,4,8,2,2,99,1,47,9,6.0,99.0,9999.0,1,2012,,1078,8,1,203.0,99,6,,,
1078,8,3,4,21,1,2,3,1,26,2,1.0,9.0,1969.0,1,2012,,1079,4,1,108.0,99,6,,,
1079,8,3,4,21,1,2,3,1,45,1,3.0,4.0,1990.0,1,2012,,1080,8,1,108.0,99,6,,,
1080,8,3,4,21,1,2,3,2,42,2,2.0,8.0,2008.0,1,2012,,1081,7,1,108.0,99,6,,,
1081,8,3,4,23,20,2,99,1,29,1,1.0,4.0,1991.0,1,2012,,1082,4,1,2001.0,99,6,,,
1082,8,3,4,23,20,2,99,1,47,1,4.0,4.0,2006.0,1,2012,,1083,8,1,2001.0,99,6,,,
1083,8,3,4,18,9,2,99,1,17,9,4.0,5.0,9999.0,4,2012,,1084,2,2,923.0,99,6,,,
1084,8,3,4,11,12,2,99,1,50,9,3.0,3.0,1993.0,1,2012,,1085,9,1,1215.0,99,6,,,
1085,8,3,4,11,12,2,99,1,19,9,4.0,3.0,2006.0,1,2012,,1086,2,1,1215.0,99,6,,,
1086,8,3,4,5,16,2,99,1,33,9,5.0,2.0,9999.0,3,2012,,1087,5,1,1613.0,99,6,,,
1087,8,3,4,19,15,1,99,1,37,2,1.0,99.0,9999.0,1,2012,,1088,6,1,1501.0,99,6,,,
1088,8,3,4,19,15,1,99,1,32,2,11.0,99.0,9999.0,1,2012,,1089,5,1,1501.0,99,6,,,
1089,8,3,4,0,4,2,99,9,999,9,3.0,99.0,9999.0,1,2012,,1090,11,9,401.0,99,6,,,
1090,8,3,4,0,4,2,99,1,20,9,4.0,99.0,9999.0,1,2012,,1091,3,1,401.0,99,6,,,
1091,8,3,4,7,6,2,99,1,61,9,4.0,99.0,9999.0,1,2012,,1092,10,1,601.0,99,6,,,
1092,8,3,4,7,6,2,99,1,999,9,3.0,4.0,1988.0,1,2012,,1093,11,1,601.0,99,6,,,
1093,8,3,4,16,18,2,99,1,27,9,5.0,2.0,2011.0,1,2012,,1094,4,1,1801.0,99,6,,,
1094,8,3,4,16,18,2,99,9,999,9,1.0,2.0,9999.0,1,2012,,1095,11,9,1801.0,99,6,,,
1095,8,3,4,14,6,2,99,1,999,9,3.0,5.0,9999.0,1,2012,,1096,11,1,608.0,99,6,,,
1096,8,3,4,14,6,2,99,1,40,9,1.0,6.0,1999.0,1,2012,,1097,7,1,608.0,99,6,,,
1097,9,3,5,7,1,1,1,1,48,9,2.0,4.0,2007.0,1,2012,,1098,8,1,101.0,99,6,,,
1098,9,3,5,7,1,1,1,9,999,9,12.0,7.0,9999.0,1,2012,,1099,11,9,101.0,99,6,,,
1099,9,3,5,20,1,1,18,1,46,9,5.0,2.0,1983.0,1,2012,,1100,8,1,101.0,99,6,,,
1100,9,3,5,20,1,1,18,1,28,9,4.0,3.0,2010.0,1,2012,,1101,4,1,101.0,99,6,,,
1101,9,3,5,6,10,2,99,1,27,1,3.0,9.0,1984.0,1,2012,,1102,4,1,1010.0,99,6,,,
1102,9,3,5,6,10,2,99,1,40,1,3.0,2.0,2003.0,1,2012,,1103,7,1,1010.0,99,6,,,
1103,10,3,6,8,1,1,1,1,29,2,12.0,1.0,9999.0,1,2012,,1104,4,1,101.0,99,6,,,
1104,10,3,6,8,1,1,1,1,44,1,1.0,4.0,2000.0,1,2012,,1105,7,1,101.0,99,6,,,
1105,10,3,6,6,1,1,1,2,32,1,2.0,5.0,1991.0,1,2012,,1106,5,1,101.0,99,6,,,
1106,10,3,6,6,1,1,1,2,29,1,1.0,99.0,9999.0,1,2012,,1107,4,1,101.0,99,6,,,
1107,10,3,6,11,1,2,99,1,44,9,5.0,2.0,1999.0,3,2012,,1108,7,1,102.0,99,6,,,
1108,10,3,6,23,1,1,5,1,22,1,4.0,5.0,9999.0,1,2012,,1109,3,1,108.0,99,6,,,
1109,10,3,6,23,1,1,5,9,999,9,1.0,1.0,9999.0,1,2012,,1110,11,9,108.0,99,6,,,
1110,10,3,6,3,1,1,12,1,40,1,1.0,6.0,1995.0,3,2012,,1111,7,1,101.0,99,6,,,
1111,10,3,6,10,1,2,99,1,33,1,4.0,1.0,9999.0,1,2012,,1112,5,1,115.0,99,6,,,
1112,10,3,6,10,1,2,99,9,999,9,1.0,3.0,9999.0,1,2012,,1113,11,9,115.0,99,6,,,
1113,10,3,6,20,22,2,99,1,33,9,3.0,10.0,9999.0,2,2012,,1114,5,1,2212.0,99,6,,,
1114,10,3,6,1,20,2,99,1,52,9,4.0,99.0,9999.0,1,2012,,1115,9,1,2001.0,99,6,,,
1115,10,3,6,1,20,2,99,9,999,9,3.0,99.0,9999.0,1,2012,,1116,11,9,2001.0,99,6,,,
1116,10,3,6,19,5,2,99,1,40,1,2.0,4.0,9999.0,1,2012,,1117,7,1,501.0,99,6,,,
1117,10,3,6,19,5,2,99,1,45,1,4.0,16.0,9999.0,1,2012,,1118,8,1,501.0,99,6,,,
1118,10,3,6,0,11,2,99,1,52,1,3.0,1.0,9999.0,1,2012,,1119,9,1,1102.0,99,6,,,
1119,10,3,6,0,11,2,99,1,22,1,4.0,5.0,9999.0,1,2012,,1120,3,1,1102.0,99,6,,,
1120,10,3,6,16,13,2,99,9,999,9,3.0,5.0,9999.0,1,2012,,1121,11,9,1302.0,99,6,,,
1121,10,3,6,8,17,2,99,1,27,1,4.0,1.0,9999.0,1,2012,,1122,4,1,1701.0,99,6,,,
1122,10,3,6,8,17,2,99,9,999,9,3.0,6.0,9999.0,1,2012,,1123,11,9,1701.0,99,6,,,
1123,11,3,7,20,1,1,1,1,43,1,1.0,3.0,9999.0,1,2012,,1124,7,1,101.0,99,6,,,
1124,11,3,7,20,1,1,1,1,20,1,4.0,5.0,9999.0,1,2012,,1125,3,1,101.0,99,6,,,
1125,11,3,7,19,1,1,18,1,30,1,3.0,1.0,9999.0,3,2012,,1126,5,1,101.0,99,6,,,
1126,11,3,7,0,1,1,7,1,21,1,1.0,5.0,2003.0,1,2012,,1127,3,1,101.0,99,6,,,
1127,11,3,7,0,1,1,7,1,25,1,4.0,5.0,9999.0,1,2012,,1128,4,1,101.0,99,6,,,
1128,11,3,7,1,1,1,1,1,24,1,9.0,2.0,9999.0,1,2012,,1129,3,1,115.0,99,6,,,
1129,11,3,7,1,1,1,1,1,24,1,3.0,6.0,9999.0,1,2012,,1130,3,1,115.0,99,6,,,
1130,11,3,7,10,1,2,99,1,39,1,4.0,6.0,9999.0,1,2012,,1131,6,1,114.0,99,6,,,
1131,11,3,7,10,1,2,99,9,999,9,1.0,99.0,9999.0,1,2012,,1132,11,9,114.0,99,6,,,
1132,11,3,7,15,1,1,4,2,24,1,1.0,10.0,1995.0,1,2012,,1133,3,1,108.0,99,6,,,
1133,11,3,7,15,1,1,4,1,20,1,4.0,5.0,2009.0,1,2012,,1134,3,1,108.0,99,6,,,
1134,11,3,7,10,5,2,99,1,26,1,3.0,5.0,9999.0,1,2012,,1135,4,1,503.0,99,6,,,
1135,11,3,7,10,5,2,99,9,999,9,3.0,5.0,9999.0,1,2012,,1136,11,9,503.0,99,6,,,
1136,11,3,7,21,10,2,99,1,46,1,3.0,1.0,1982.0,1,2012,,1137,8,1,1001.0,99,6,,,
1137,11,3,7,21,10,2,99,1,17,1,4.0,1.0,9999.0,1,2012,,1138,2,2,1001.0,99,6,,,
1138,11,3,7,21,10,1,1,1,47,2,3.0,4.0,1992.0,1,2012,,1139,8,1,1001.0,99,6,,,
1139,11,3,7,21,10,1,1,1,24,1,14.0,1.0,2011.0,1,2012,,1140,3,1,1001.0,99,6,,,
1140,11,3,7,12,9,1,3,2,28,1,1.0,16.0,2000.0,1,2012,,1141,4,1,901.0,99,6,,,
1141,11,3,7,12,9,1,3,1,23,1,4.0,3.0,2009.0,1,2012,,1142,3,1,901.0,99,6,,,
1142,11,3,7,22,12,2,99,1,56,1,2.0,5.0,1991.0,1,2012,,1143,10,1,1201.0,99,6,,,
1143,11,3,7,22,12,2,99,1,45,1,4.0,5.0,9999.0,1,2012,,1144,8,1,1201.0,99,6,,,
1144,11,3,7,7,2,2,99,1,28,1,2.0,2.0,1998.0,4,2012,,1145,4,1,204.0,99,6,,,
1145,11,3,7,23,4,2,99,1,30,1,7.0,7.0,9999.0,3,2012,,1146,5,1,411.0,99,6,,,
1146,12,3,1,21,1,1,11,1,32,1,1.0,4.0,2003.0,1,2012,,1147,5,1,101.0,99,6,,,
1147,12,3,1,21,1,1,11,2,35,1,2.0,4.0,9999.0,1,2012,,1148,6,1,101.0,99,6,,,
1148,12,3,1,22,1,1,7,1,32,1,1.0,2.0,1995.0,1,2012,,1149,5,1,101.0,99,6,,,
1149,12,3,1,22,1,1,7,1,29,1,1.0,3.0,1996.0,1,2012,,1150,4,1,101.0,99,6,,,
1150,12,3,1,22,1,1,6,2,37,9,1.0,1.0,9999.0,1,2012,,1151,6,1,101.0,99,6,,,
1151,12,3,1,22,1,1,6,9,999,9,3.0,5.0,9999.0,1,2012,,1152,11,9,101.0,99,6,,,
1152,12,3,1,20,1,1,7,1,17,9,4.0,5.0,9999.0,1,2012,,1153,2,2,101.0,99,6,,,
1153,12,3,1,20,1,1,7,1,39,9,12.0,1.0,9999.0,1,2012,,1154,6,1,101.0,99,6,,,
1154,12,3,1,21,5,2,99,1,26,1,5.0,12.0,1994.0,1,2012,,1155,4,1,501.0,99,6,,,
1155,12,3,1,21,5,2,99,9,999,9,3.0,5.0,1977.0,1,2012,,1156,11,9,501.0,99,6,,,
1156,12,3,1,23,12,2,99,1,25,9,3.0,5.0,2006.0,1,2012,,1157,4,1,1217.0,99,6,,,
1157,12,3,1,23,12,2,99,1,23,9,4.0,5.0,9999.0,1,2012,,1158,3,1,1217.0,99,6,,,
1158,12,3,1,21,4,2,99,1,28,9,3.0,6.0,1983.0,2,2012,,1159,4,1,402.0,99,6,,,
1159,12,3,1,2,17,2,99,1,42,9,1.0,8.0,9999.0,1,2012,,1160,7,1,1701.0,99,6,,,
1160,12,3,1,2,17,2,99,1,37,9,5.0,2.0,9999.0,1,2012,,1161,6,1,1701.0,99,6,,,
1161,13,3,2,0,1,1,12,9,999,9,1.0,99.0,9999.0,1,2012,,1162,11,9,101.0,99,6,,,
1162,13,3,2,0,1,1,12,1,33,9,4.0,3.0,2011.0,1,2012,,1163,5,1,101.0,99,6,,,
1163,13,3,2,8,1,1,13,9,999,9,99.0,99.0,9999.0,1,2012,,1164,11,9,101.0,99,6,,,
1164,13,3,2,8,1,1,13,2,23,9,4.0,99.0,9999.0,1,2012,,1165,3,1,101.0,99,6,,,
1165,13,3,2,13,1,1,10,2,31,9,4.0,99.0,9999.0,1,2012,,1166,5,1,101.0,99,6,,,
1166,13,3,2,13,1,1,10,9,999,9,1.0,99.0,9999.0,1,2012,,1167,11,9,101.0,99,6,,,
1167,13,3,2,19,1,1,5,1,44,9,6.0,2.0,1989.0,1,2012,,1168,7,1,115.0,99,6,,,
1168,13,3,2,19,1,1,5,1,24,9,4.0,1.0,9999.0,1,2012,,1169,3,1,115.0,99,6,,,
1169,13,3,2,16,1,1,11,1,29,9,1.0,1.0,1979.0,2,2012,,1170,4,1,108.0,99,6,,,
1170,13,3,2,17,20,2,99,9,999,9,5.0,99.0,9999.0,1,2012,,1171,11,9,2001.0,99,6,,,
1171,13,3,2,17,20,2,99,1,34,9,4.0,1.0,9999.0,1,2012,,1172,5,1,2001.0,99,6,,,
1172,13,3,2,13,20,2,99,1,34,1,8.0,11.0,9999.0,3,2012,,1173,5,1,2001.0,99,6,,,
1173,14,3,3,17,21,2,99,1,23,9,4.0,3.0,9999.0,1,2012,,1174,3,1,2101.0,99,6,,,
1174,14,3,3,17,21,2,99,9,999,9,9.0,2.0,9999.0,1,2012,,1175,11,9,2101.0,99,6,,,
1175,14,3,3,22,5,1,99,1,32,9,3.0,10.0,1988.0,1,2012,,1176,5,1,501.0,99,6,,,
1176,14,3,3,22,5,1,99,9,999,9,1.0,4.0,1987.0,1,2012,,1177,11,9,501.0,99,6,,,
1177,14,3,3,15,5,2,99,2,22,9,1.0,4.0,9999.0,3,2012,,1178,3,1,501.0,99,6,,,
1178,14,3,3,16,12,2,99,9,999,9,3.0,6.0,2001.0,1,2012,,1179,11,9,1202.0,99,6,,,
1179,14,3,3,16,12,2,99,9,999,9,3.0,2.0,9999.0,1,2012,,1180,11,9,1202.0,99,6,,,
1180,14,3,3,16,18,2,99,9,999,9,99.0,99.0,9999.0,1,2012,,1181,11,9,1801.0,99,6,,,
1181,14,3,3,16,18,2,99,1,18,9,99.0,99.0,9999.0,1,2012,,1182,2,1,1801.0,99,6,,,
1182,14,3,3,14,3,2,99,1,55,9,3.0,3.0,1998.0,1,2012,,1183,10,1,307.0,99,6,,,
1183,14,3,3,14,3,2,99,1,17,9,1.0,2.0,2005.0,1,2012,,1184,2,2,307.0,99,6,,,
1184,15,3,4,8,11,2,99,1,39,1,5.0,2.0,1991.0,1,2012,,1185,6,1,1102.0,99,6,,,
1185,15,3,4,8,11,2,99,1,43,9,5.0,2.0,2008.0,1,2012,,1186,7,1,1102.0,99,6,,,
1186,15,3,4,16,11,2,99,1,26,1,2.0,99.0,2000.0,2,2012,,1187,4,1,1108.0,99,6,,,
1187,15,3,4,7,1,2,99,2,35,9,1.0,4.0,9999.0,1,2012,,1188,6,1,113.0,99,6,,,
1188,15,3,4,7,1,2,99,1,74,1,2.0,2.0,2006.0,1,2012,,1189,10,1,113.0,99,6,,,
1189,16,3,5,5,5,2,99,1,30,9,3.0,11.0,9999.0,1,2012,,1190,5,1,511.0,99,6,,,
1190,16,3,5,5,5,2,99,9,999,9,6.0,9.0,9999.0,1,2012,,1191,11,9,511.0,99,6,,,
1191,16,3,5,8,10,2,99,1,21,9,2.0,4.0,9999.0,1,2012,,1192,3,1,1020.0,99,6,,,
1192,16,3,5,8,10,2,99,1,22,9,14.0,99.0,2001.0,1,2012,,1193,3,1,1020.0,99,6,,,
1193,16,3,5,8,9,2,99,9,999,9,7.0,99.0,9999.0,1,2012,,1194,11,9,914.0,99,6,,,
1194,16,3,5,8,9,2,99,1,21,9,4.0,5.0,9999.0,1,2012,,1195,3,1,914.0,99,6,,,
1195,16,3,5,3,18,1,1,1,34,9,4.0,99.0,9999.0,2,2012,,1196,5,1,1801.0,99,6,,,
1196,17,3,6,2,21,2,99,1,24,2,4.0,3.0,2008.0,2,2012,,1197,3,1,2101.0,99,6,,,
1197,17,3,6,18,5,2,99,1,43,9,3.0,4.0,1991.0,1,2012,,1198,7,1,501.0,99,6,,,
1198,17,3,6,18,5,2,99,1,34,9,4.0,5.0,9999.0,1,2012,,1199,5,1,501.0,99,6,,,
1199,17,3,6,16,5,2,99,1,38,9,4.0,4.0,9999.0,1,2012,,1200,6,1,505.0,99,6,,,
1200,17,3,6,16,5,2,99,1,42,9,3.0,99.0,9999.0,1,2012,,1201,7,1,505.0,99,6,,,
1201,17,3,6,21,10,2,99,9,999,9,5.0,6.0,1971.0,1,2012,,1202,11,9,1002.0,99,6,,,
1202,17,3,6,21,10,2,99,1,25,9,4.0,5.0,9999.0,1,2012,,1203,4,1,1002.0,99,6,,,
1203,17,3,6,16,10,2,99,9,999,9,7.0,99.0,1996.0,1,2012,,1204,11,9,1002.0,99,6,,,
1204,17,3,6,16,10,2,99,1,21,1,4.0,1.0,2010.0,1,2012,,1205,3,1,1002.0,99,6,,,
1205,17,3,6,21,9,1,3,1,25,9,1.0,1.0,9999.0,2,2012,,1206,4,1,901.0,99,6,,,
1206,17,3,6,7,2,2,99,1,40,1,2.0,4.0,9999.0,1,2012,,1207,7,1,208.0,99,6,,,
1207,17,3,6,7,2,2,99,1,56,1,3.0,4.0,2007.0,1,2012,,1208,10,1,208.0,99,6,,,
1208,17,3,6,5,18,2,99,1,21,1,1.0,99.0,9999.0,2,2012,,1209,3,1,1804.0,99,6,,,
1209,18,3,7,16,1,1,5,1,50,1,1.0,3.0,2005.0,1,2012,,1210,9,1,101.0,99,6,,,
1210,18,3,7,16,1,1,5,2,17,1,4.0,5.0,9999.0,1,2012,,1211,2,2,101.0,99,6,,,
1211,18,3,7,5,1,1,6,2,21,1,4.0,99.0,2005.0,1,2012,,1212,3,1,108.0,99,6,,,
1212,18,3,7,5,1,1,6,1,41,1,2.0,5.0,9999.0,1,2012,,1213,7,1,108.0,99,6,,,
1213,18,3,7,9,20,2,99,1,34,1,9.0,99.0,9999.0,2,2012,,1214,5,1,2001.0,99,6,,,
1214,18,3,7,9,20,2,99,1,26,9,1.0,99.0,9999.0,2,2012,,1215,4,1,2001.0,99,6,,,
1215,18,3,7,19,20,2,99,9,999,9,7.0,7.0,9999.0,3,2012,,1216,11,9,2009.0,99,6,,,
1216,18,3,7,22,19,2,99,1,31,9,4.0,99.0,9999.0,2,2012,,1217,5,1,1901.0,99,6,,,
1217,18,3,7,1,6,2,99,1,30,2,1.0,4.0,2006.0,1,2012,,1218,5,1,601.0,99,6,,,
1218,18,3,7,1,6,2,99,1,32,1,1.0,99.0,9999.0,1,2012,,1219,5,1,601.0,99,6,,,
1219,18,3,7,22,10,2,99,1,40,9,3.0,4.0,2012.0,1,2012,,1220,7,1,1001.0,99,6,,,
1220,18,3,7,22,10,2,99,2,39,1,1.0,5.0,9999.0,1,2012,,1221,6,1,1001.0,99,6,,,
1221,18,3,7,12,11,1,99,1,37,2,1.0,99.0,9999.0,2,2012,,1222,6,1,1109.0,99,6,,,
1222,18,3,7,0,17,2,99,1,25,2,4.0,5.0,9999.0,2,2012,,1223,4,1,1712.0,99,6,,,
1223,18,3,7,20,3,2,99,1,59,9,2.0,6.0,9999.0,1,2012,,1224,10,1,301.0,99,6,,,
1224,18,3,7,20,3,2,99,1,54,9,2.0,1.0,9999.0,1,2012,,1225,9,1,301.0,99,6,,,
1225,19,3,1,20,1,1,5,1,50,9,2.0,11.0,9999.0,1,2012,,1226,9,1,101.0,99,6,,,
1226,19,3,1,7,1,1,6,9,999,9,3.0,3.0,9999.0,1,2012,,1227,11,9,101.0,99,6,,,
1227,19,3,1,7,1,1,6,9,999,9,14.0,1.0,9999.0,1,2012,,1228,11,9,101.0,99,6,,,
1228,19,3,1,15,1,1,15,2,40,1,2.0,9.0,2002.0,1,2012,,1229,7,1,101.0,99,6,,,
1229,19,3,1,15,1,1,15,2,44,1,2.0,4.0,1997.0,1,2012,,1230,7,1,101.0,99,6,,,
1230,19,3,1,15,1,1,15,1,36,1,1.0,2.0,1995.0,1,2012,,1231,6,1,101.0,99,6,,,
1231,19,3,1,20,1,1,5,2,36,9,2.0,4.0,9999.0,1,2012,,1232,6,1,101.0,99,6,,,
1232,19,3,1,14,6,2,99,9,999,9,5.0,99.0,9999.0,1,2012,,1233,11,9,601.0,99,6,,,
1233,19,3,1,14,6,2,99,1,23,9,99.0,99.0,9999.0,1,2012,,1234,3,1,601.0,99,6,,,
1234,19,3,1,11,9,1,3,1,34,1,9.0,4.0,9999.0,1,2012,,1235,5,1,920.0,99,6,,,
1235,19,3,1,11,9,1,3,1,27,1,5.0,6.0,9999.0,1,2012,,1236,4,1,920.0,99,6,,,
1236,19,3,1,4,9,1,1,1,16,9,2.0,2.0,9999.0,1,2012,,1237,2,2,901.0,99,6,,,
1237,19,3,1,4,9,1,1,1,36,9,1.0,2.0,9999.0,1,2012,,1238,6,1,901.0,99,6,,,
1238,19,3,1,18,13,1,1,1,35,9,3.0,5.0,9999.0,1,2012,,1239,6,1,1308.0,99,6,,,
1239,19,3,1,18,13,1,1,1,17,9,14.0,1.0,9999.0,1,2012,,1240,2,2,1308.0,99,6,,,
1240,19,3,1,14,2,2,99,1,17,9,3.0,1.0,1986.0,3,2012,,1241,2,2,203.0,99,6,,,
1241,19,3,1,15,18,2,99,1,25,9,1.0,4.0,2007.0,2,2012,,1242,4,1,1803.0,99,6,,,
1242,19,3,1,8,14,1,4,1,23,9,4.0,1.0,9999.0,1,2012,,1243,3,1,1401.0,99,6,,,
1243,19,3,1,8,14,1,4,1,31,9,4.0,7.0,9999.0,1,2012,,1244,5,1,1401.0,99,6,,,
1244,20,3,2,14,1,1,1,2,21,9,1.0,4.0,1985.0,2,2012,,1245,3,1,108.0,99,6,,,
1245,20,3,2,2,22,2,99,1,16,9,3.0,3.0,1999.0,1,2012,,1246,2,2,2201.0,99,6,,,
1246,20,3,2,2,22,2,99,9,999,9,5.0,99.0,9999.0,1,2012,,1247,11,9,2201.0,99,6,,,
1247,20,3,2,20,22,2,99,1,37,9,4.0,99.0,9999.0,1,2012,,1248,6,1,2201.0,99,6,,,
1248,20,3,2,20,22,2,99,9,999,9,3.0,5.0,9999.0,1,2012,,1249,11,9,2201.0,99,6,,,
1249,20,3,2,6,10,2,99,9,999,9,5.0,1.0,1981.0,2,2012,,1250,11,9,1001.0,99,6,,,
1250,20,3,2,13,11,2,99,1,48,9,3.0,2.0,1996.0,1,2012,,1251,8,1,1101.0,99,6,,,
1251,20,3,2,13,11,2,99,1,16,9,3.0,6.0,1997.0,1,2012,,1252,2,2,1101.0,99,6,,,
1252,20,3,2,13,8,2,99,1,49,9,3.0,8.0,1985.0,4,2012,,1253,8,1,801.0,99,6,,,
1253,20,3,2,17,7,2,99,1,31,9,3.0,3.0,9999.0,1,2012,,1254,5,1,701.0,99,6,,,
1254,20,3,2,17,7,2,99,1,52,9,5.0,2.0,9999.0,1,2012,,1255,9,1,701.0,99,6,,,
1255,21,3,3,0,1,1,18,1,59,9,1.0,4.0,9999.0,1,2012,,1256,10,1,101.0,99,6,,,
1256,21,3,3,0,1,1,18,1,46,9,1.0,1.0,9999.0,1,2012,,1257,8,1,101.0,99,6,,,
1257,21,3,3,19,1,2,99,1,35,9,1.0,11.0,9999.0,1,2012,,1258,6,1,111.0,99,6,,,
1258,21,3,3,22,1,2,99,1,37,9,1.0,10.0,2002.0,1,2012,,1259,6,1,109.0,99,6,,,
1259,21,3,3,22,1,2,99,1,24,9,14.0,1.0,2010.0,1,2012,,1260,3,1,109.0,99,6,,,
1260,21,3,3,7,19,2,99,1,50,9,7.0,6.0,9999.0,1,2012,,1261,9,1,1904.0,99,6,,,
1261,21,3,3,7,19,2,99,1,64,9,6.0,2.0,1999.0,1,2012,,1262,10,1,1904.0,99,6,,,
1262,21,3,3,14,6,1,1,1,58,9,1.0,9.0,2000.0,1,2012,,1263,10,1,601.0,99,6,,,
1263,21,3,3,14,6,1,1,1,32,9,4.0,5.0,2006.0,1,2012,,1264,5,1,601.0,99,6,,,
1264,21,3,3,15,9,2,99,2,42,9,2.0,4.0,1987.0,1,2012,,1265,7,1,901.0,99,6,,,
1265,21,3,3,15,9,2,99,1,67,9,1.0,4.0,2005.0,1,2012,,1266,10,1,901.0,99,6,,,
1266,21,3,3,22,14,2,99,1,39,2,3.0,6.0,1998.0,1,2012,,1267,6,1,1413.0,99,6,,,
1267,21,3,3,22,14,2,99,9,999,9,2.0,2.0,1989.0,1,2012,,1268,11,9,1413.0,99,6,,,
1268,21,3,3,22,14,1,1,1,37,9,4.0,14.0,2000.0,1,2012,,1269,6,1,1401.0,99,6,,,
1269,21,3,3,22,14,1,1,9,999,9,9.0,2.0,2009.0,1,2012,,1270,11,9,1401.0,99,6,,,
1270,22,3,4,10,1,2,99,1,33,1,1.0,6.0,1995.0,1,2012,,1271,5,1,107.0,99,6,,,
1271,22,3,4,10,1,2,99,1,18,1,4.0,3.0,9999.0,1,2012,,1272,2,1,107.0,99,6,,,
1272,22,3,4,14,19,2,99,1,30,1,2.0,2.0,1997.0,1,2012,,1273,5,1,1901.0,99,6,,,
1273,22,3,4,14,19,2,99,2,21,1,4.0,4.0,2005.0,1,2012,,1274,3,1,1901.0,99,6,,,
1274,22,3,4,22,5,2,99,1,20,1,1.0,8.0,1997.0,2,2012,,1275,3,1,501.0,99,6,,,
1275,22,3,4,8,9,2,99,1,80,1,1.0,2.0,1995.0,1,2012,,1276,10,1,901.0,99,6,,,
1276,22,3,4,8,9,2,99,1,23,1,4.0,5.0,2009.0,1,2012,,1277,3,1,901.0,99,6,,,
1277,22,3,4,19,9,1,3,1,19,2,4.0,5.0,9999.0,1,2012,,1278,2,1,901.0,99,6,,,
1278,22,3,4,19,9,1,3,9,999,9,1.0,4.0,9999.0,1,2012,,1279,11,9,901.0,99,6,,,
1279,22,3,4,6,4,2,99,1,62,9,2.0,6.0,9999.0,1,2012,,1280,10,1,401.0,99,6,,,
1280,22,3,4,6,4,2,99,1,53,9,2.0,3.0,1993.0,1,2012,,1281,9,1,401.0,99,6,,,
1281,23,3,5,15,1,1,1,1,25,9,3.0,5.0,2010.0,1,2012,,1282,4,1,101.0,99,6,,,
1282,23,3,5,15,1,1,1,1,37,9,4.0,99.0,2001.0,1,2012,,1283,6,1,101.0,99,6,,,
1283,23,3,5,22,1,1,1,2,24,9,1.0,4.0,2004.0,2,2012,,1284,3,1,108.0,99,6,,,
1284,23,3,5,8,5,2,99,9,999,9,6.0,2.0,9999.0,1,2012,,1285,11,9,501.0,99,6,,,
1285,23,3,5,8,5,2,99,1,16,9,4.0,5.0,9999.0,1,2012,,1286,2,2,501.0,99,6,,,
1286,23,3,5,7,6,2,99,1,39,9,5.0,3.0,1990.0,1,2012,,1287,6,1,601.0,99,6,,,
1287,23,3,5,7,6,2,99,1,30,9,3.0,4.0,2008.0,1,2012,,1288,5,1,601.0,99,6,,,
1288,24,3,6,23,1,1,1,1,27,1,1.0,6.0,9999.0,1,2012,,1289,4,1,115.0,99,6,,,
1289,24,3,6,23,1,1,1,1,35,9,4.0,1.0,9999.0,1,2012,,1290,6,1,115.0,99,6,,,
1290,24,3,6,9,1,1,6,1,31,1,9.0,2.0,9999.0,1,2012,,1291,5,1,108.0,99,6,,,
1291,24,3,6,9,1,1,6,1,25,1,4.0,3.0,9999.0,1,2012,,1292,4,1,108.0,99,6,,,
1292,24,3,6,16,5,2,99,1,38,1,12.0,7.0,9999.0,1,2012,,1293,6,1,501.0,99,6,,,
1293,24,3,6,16,5,2,99,1,25,9,4.0,5.0,9999.0,1,2012,,1294,4,1,501.0,99,6,,,
1294,24,3,6,5,5,2,99,9,999,9,6.0,2.0,9999.0,1,2012,,1295,11,9,501.0,99,6,,,
1295,24,3,6,5,5,2,99,9,999,9,3.0,2.0,9999.0,1,2012,,1296,11,9,501.0,99,6,,,
1296,24,3,6,16,10,2,99,1,28,1,3.0,3.0,1989.0,1,2012,,1297,4,1,1014.0,99,6,,,
1297,24,3,6,16,10,2,99,1,27,1,3.0,1.0,2012.0,1,2012,,1298,4,1,1014.0,99,6,,,
1298,24,3,6,9,9,1,7,1,54,1,5.0,2.0,1995.0,1,2012,,1299,9,1,901.0,99,6,,,
1299,24,3,6,9,9,1,7,9,999,9,7.0,99.0,9999.0,1,2012,,1300,11,9,901.0,99,6,,,
1300,24,3,6,23,12,1,2,1,24,9,4.0,2.0,2005.0,2,2012,,1301,3,1,1217.0,99,6,,,
1301,24,3,6,16,7,2,99,1,39,9,3.0,3.0,9999.0,4,2012,,1302,6,1,705.0,99,6,,,
1302,25,3,7,21,5,1,99,2,35,1,2.0,3.0,9999.0,1,2012,,1303,6,1,501.0,99,6,,,
1303,25,3,7,21,5,1,99,9,999,9,3.0,4.0,9999.0,1,2012,,1304,11,9,501.0,99,6,,,
1304,25,3,7,23,5,2,99,1,21,1,4.0,1.0,9999.0,3,2012,,1305,3,1,509.0,99,6,,,
1305,25,3,7,18,5,2,99,1,30,1,2.0,4.0,9999.0,1,2012,,1306,5,1,511.0,99,6,,,
1306,25,3,7,18,5,2,99,1,32,1,2.0,5.0,9999.0,1,2012,,1307,5,1,511.0,99,6,,,
1307,25,3,7,14,6,1,1,1,18,1,14.0,1.0,9999.0,1,2012,,1308,2,1,604.0,99,6,,,
1308,25,3,7,14,6,1,1,1,14,1,4.0,1.0,9999.0,1,2012,,1309,1,2,604.0,99,6,,,
1309,25,3,7,14,8,2,99,2,57,1,2.0,99.0,2009.0,3,2012,,1310,10,1,801.0,99,6,,,
1310,25,3,7,14,2,2,99,1,46,1,5.0,5.0,1980.0,1,2012,,1311,8,1,207.0,99,6,,,
1311,25,3,7,14,2,2,99,1,44,1,3.0,5.0,9999.0,1,2012,,1312,7,1,207.0,99,6,,,
1312,25,3,7,1,17,1,99,1,27,1,1.0,3.0,9999.0,1,2012,,1313,4,1,1701.0,99,6,,,
1313,25,3,7,1,17,1,99,1,34,2,4.0,5.0,2011.0,1,2012,,1314,5,1,1701.0,99,6,,,
1314,26,3,1,13,1,1,10,1,22,9,4.0,99.0,9999.0,2,2012,,1315,3,1,101.0,99,6,,,
1315,26,3,1,2,1,1,7,1,35,9,4.0,5.0,9999.0,2,2012,,1316,6,1,101.0,99,6,,,
1316,26,3,1,9,22,2,99,1,23,9,2.0,2.0,9999.0,4,2012,,1317,3,1,2214.0,99,6,,,
1317,26,3,1,7,21,1,2,1,25,1,9.0,3.0,9999.0,1,2012,,1318,4,1,2101.0,99,6,,,
1318,26,3,1,7,21,1,2,1,19,1,14.0,1.0,9999.0,1,2012,,1319,2,1,2101.0,99,6,,,
1319,26,3,1,2,19,2,99,1,14,9,4.0,5.0,9999.0,2,2012,,1320,1,2,1901.0,99,6,,,
1320,26,3,1,6,6,2,99,9,999,9,3.0,5.0,9999.0,1,2012,,1321,11,9,609.0,99,6,,,
1321,26,3,1,6,6,2,99,1,17,9,4.0,5.0,9999.0,1,2012,,1322,2,2,609.0,99,6,,,
1322,26,3,1,6,6,2,99,1,48,9,6.0,2.0,1999.0,1,2012,,1323,8,1,609.0,99,6,,,
1323,26,3,1,6,6,2,99,1,35,9,6.0,2.0,9999.0,1,2012,,1324,6,1,609.0,99,6,,,
1324,26,3,1,6,6,2,99,1,29,9,3.0,2.0,2006.0,1,2012,,1325,4,1,609.0,99,6,,,
1325,26,3,1,9,9,2,99,9,999,9,5.0,2.0,9999.0,1,2012,,1326,11,9,917.0,99,6,,,
1326,26,3,1,9,9,2,99,1,48,9,1.0,99.0,1993.0,1,2012,,1327,8,1,917.0,99,6,,,
1327,26,3,1,9,9,2,99,1,34,1,3.0,4.0,9999.0,1,2012,,1328,5,1,917.0,99,6,,,
1328,26,3,1,18,18,2,99,1,20,9,4.0,99.0,9999.0,2,2012,,1329,3,1,1802.0,99,6,,,
1329,26,3,1,12,17,2,99,1,27,9,4.0,99.0,9999.0,1,2012,,1330,4,1,1705.0,99,6,,,
1330,26,3,1,12,17,2,99,1,21,9,4.0,99.0,9999.0,1,2012,,1331,3,1,1705.0,99,6,,,
1331,27,3,2,17,1,1,7,2,31,9,1.0,6.0,2001.0,1,2012,,1332,5,1,101.0,99,6,,,
1332,27,3,2,17,1,1,7,1,31,9,4.0,5.0,1987.0,1,2012,,1333,5,1,101.0,99,6,,,
1333,27,3,2,15,1,2,99,1,33,9,11.0,2.0,2006.0,1,2012,,1334,5,1,115.0,99,6,,,
1334,27,3,2,15,1,2,99,2,30,9,1.0,4.0,2005.0,1,2012,,1335,5,1,115.0,99,6,,,
1335,27,3,2,20,1,1,5,1,31,1,7.0,7.0,9999.0,1,2012,,1336,5,1,115.0,99,6,,,
1336,27,3,2,20,1,1,5,1,30,1,4.0,99.0,9999.0,1,2012,,1337,5,1,115.0,99,6,,,
1337,27,3,2,18,1,1,6,1,25,1,12.0,1.0,9999.0,1,2012,,1338,4,1,108.0,99,6,,,
1338,27,3,2,18,1,1,6,9,999,9,12.0,1.0,9999.0,1,2012,,1339,11,9,108.0,99,6,,,
1339,27,3,2,9,5,2,99,1,17,9,4.0,4.0,9999.0,4,2012,,1340,2,2,511.0,99,6,,,
1340,27,3,2,0,12,2,99,1,40,9,2.0,2.0,9999.0,2,2012,,1341,7,1,1202.0,99,6,,,
1341,27,3,2,16,18,1,99,1,62,9,1.0,4.0,2009.0,3,2012,,1342,10,1,1804.0,99,6,,,
1342,27,3,2,19,17,1,99,9,999,9,1.0,6.0,9999.0,1,2012,,1343,11,9,1712.0,99,6,,,
1343,27,3,2,19,17,1,99,1,39,9,4.0,99.0,9999.0,1,2012,,1344,6,1,1712.0,99,6,,,
1344,28,3,3,10,1,1,1,1,18,9,3.0,2.0,9999.0,1,2012,,1345,2,1,101.0,99,6,,,
1345,28,3,3,10,1,1,1,1,26,9,5.0,2.0,9999.0,1,2012,,1346,4,1,101.0,99,6,,,
1346,28,3,3,10,1,1,1,1,52,9,9.0,4.0,1987.0,1,2012,,1347,9,1,101.0,99,6,,,
1347,28,3,3,10,1,1,1,2,54,9,1.0,3.0,2001.0,1,2012,,1348,9,1,101.0,99,6,,,
1348,28,3,3,19,1,2,99,9,999,9,12.0,3.0,9999.0,1,2012,,1349,11,9,102.0,99,6,,,
1349,28,3,3,19,1,2,99,1,53,9,5.0,2.0,2005.0,1,2012,,1350,9,1,102.0,99,6,,,
1350,28,3,3,1,1,1,99,1,36,2,1.0,4.0,9999.0,1,2012,,1351,6,1,117.0,99,6,,,
1351,28,3,3,1,1,1,99,1,56,1,3.0,2.0,9999.0,1,2012,,1352,10,1,117.0,99,6,,,
1352,28,3,3,13,22,2,99,1,34,9,3.0,5.0,1982.0,1,2012,,1353,5,1,2216.0,99,6,,,
1353,28,3,3,13,22,2,99,9,999,9,9.0,3.0,2007.0,1,2012,,1354,11,9,2216.0,99,6,,,
1354,28,3,3,21,20,2,99,9,999,9,14.0,99.0,9999.0,3,2012,,1355,11,9,2007.0,99,6,,,
1355,28,3,3,15,2,2,99,9,999,9,5.0,2.0,9999.0,1,2012,,1356,11,9,203.0,99,6,,,
1356,28,3,3,15,2,2,99,9,999,9,9.0,2.0,9999.0,1,2012,,1357,11,9,203.0,99,6,,,
1357,28,3,3,18,14,2,99,1,25,9,9.0,2.0,2004.0,1,2012,,1358,4,1,1401.0,99,6,,,
1358,28,3,3,18,14,2,99,1,20,9,4.0,99.0,9999.0,1,2012,,1359,3,1,1401.0,99,6,,,
1359,29,3,4,4,1,1,13,9,999,9,5.0,2.0,9999.0,3,2012,,1360,11,9,101.0,99,6,,,
1360,29,3,4,23,19,2,99,1,47,2,99.0,99.0,9999.0,3,2012,,1361,8,1,1903.0,99,6,,,
1361,29,3,4,17,13,2,99,1,21,9,4.0,99.0,9999.0,3,2012,,1362,3,1,1331.0,99,6,,,
1362,29,3,4,20,1,2,99,1,20,9,1.0,4.0,2004.0,1,2012,,1363,3,1,102.0,99,6,,,
1363,29,3,4,20,1,2,99,1,23,9,3.0,6.0,1995.0,1,2012,,1364,3,1,102.0,99,6,,,
1364,29,3,4,8,1,1,1,1,28,1,12.0,3.0,9999.0,1,2012,,1365,4,1,101.0,99,6,,,
1365,29,3,4,8,1,1,1,1,60,1,7.0,99.0,9999.0,1,2012,,1366,10,1,101.0,99,6,,,
1366,29,3,4,8,12,2,99,1,28,2,3.0,5.0,9999.0,1,2012,,1367,4,1,1201.0,99,6,,,
1367,29,3,4,8,12,2,99,1,999,1,3.0,5.0,9999.0,1,2012,,1368,11,1,1201.0,99,6,,,
1368,29,3,4,12,14,1,1,9,999,9,1.0,6.0,9999.0,1,2012,,1369,11,9,1401.0,99,6,,,
1369,29,3,4,12,14,1,1,1,30,9,14.0,99.0,9999.0,1,2012,,1370,5,1,1401.0,99,6,,,
1370,30,3,5,8,1,1,7,1,24,1,1.0,99.0,9999.0,1,2012,,1371,3,1,101.0,99,6,,,
1371,30,3,5,22,1,1,6,1,22,2,1.0,4.0,1988.0,1,2012,,1372,3,1,108.0,99,6,,,
1372,30,3,5,22,1,1,6,1,29,1,1.0,1.0,9999.0,1,2012,,1373,4,1,108.0,99,6,,,
1373,30,3,5,23,21,2,99,1,49,1,4.0,5.0,9999.0,2,2012,,1374,8,1,2104.0,99,6,,,
1374,30,3,5,11,19,2,99,1,39,1,9.0,4.0,2010.0,1,2012,,1375,6,1,1905.0,99,6,,,
1375,30,3,5,11,19,2,99,1,26,1,4.0,99.0,9999.0,1,2012,,1376,4,1,1905.0,99,6,,,
1376,30,3,5,8,11,2,99,1,999,1,4.0,99.0,9999.0,3,2012,,1377,11,1,1101.0,99,6,,,
1377,30,3,5,16,9,2,99,1,25,1,6.0,2.0,9999.0,1,2012,,1378,4,1,920.0,99,6,,,
1378,30,3,5,16,9,2,99,1,38,1,15.0,2.0,9999.0,1,2012,,1379,6,1,920.0,99,6,,,
1379,30,3,5,16,9,1,1,1,55,2,3.0,1.0,9999.0,1,2012,,1380,10,1,920.0,99,6,,,
1380,30,3,5,16,9,1,1,2,32,1,3.0,6.0,9999.0,1,2012,,1381,5,1,920.0,99,6,,,
1381,30,3,5,17,2,2,99,1,28,2,1.0,1.0,2006.0,1,2012,,1382,4,1,203.0,99,6,,,
1382,30,3,5,17,2,2,99,1,75,1,9.0,3.0,9999.0,1,2012,,1383,10,1,203.0,99,6,,,
1383,30,3,5,19,17,2,99,1,999,1,4.0,2.0,1998.0,2,2012,,1384,11,1,1701.0,99,6,,,
1384,30,3,5,20,14,1,4,1,28,1,4.0,1.0,2009.0,2,2012,,1385,4,1,1401.0,99,6,,,
1385,30,3,5,21,14,2,99,1,29,1,3.0,11.0,1987.0,2,2012,,1386,4,1,1412.0,99,6,,,
1386,31,3,6,12,1,1,6,1,16,1,4.0,1.0,9999.0,2,2012,,1387,2,2,108.0,99,6,,,
1387,31,3,6,13,19,1,6,1,33,9,5.0,2.0,2009.0,1,2012,,1388,5,1,1904.0,99,6,,,
1388,31,3,6,13,19,1,6,1,20,9,1.0,5.0,9999.0,1,2012,,1389,3,1,1904.0,99,6,,,
1389,31,3,6,20,5,2,99,1,51,2,6.0,99.0,9999.0,1,2012,,1390,9,1,511.0,99,6,,,
1390,31,3,6,20,5,2,99,2,51,1,3.0,6.0,1999.0,1,2012,,1391,9,1,511.0,99,6,,,
1391,31,3,6,21,5,2,99,1,999,1,9.0,99.0,9999.0,1,2012,,1392,11,1,504.0,99,6,,,
1392,31,3,6,21,5,2,99,1,21,1,4.0,99.0,9999.0,1,2012,,1393,3,1,504.0,99,6,,,
1393,31,3,6,15,5,2,99,1,30,1,6.0,99.0,9999.0,1,2012,,1394,5,1,501.0,99,6,,,
1394,31,3,6,15,5,2,99,1,61,1,3.0,99.0,9999.0,1,2012,,1395,10,1,501.0,99,6,,,
1395,31,3,6,19,11,1,4,1,34,1,3.0,99.0,9999.0,2,2012,,1396,5,1,1101.0,99,6,,,
1396,31,3,6,1,9,1,1,1,23,2,1.0,4.0,1993.0,2,2012,,1397,3,1,901.0,99,6,,,
1397,31,3,6,17,9,1,3,1,26,2,1.0,2.0,9999.0,2,2012,,1398,4,1,901.0,99,6,,,
1398,31,3,6,12,12,2,99,1,999,1,3.0,5.0,9999.0,3,2012,,1399,11,1,1211.0,99,6,,,
1399,31,3,6,21,12,2,99,9,999,9,2.0,1.0,9999.0,1,2012,,1400,11,9,1216.0,99,6,,,
1400,31,3,6,21,12,2,99,9,999,9,9.0,2.0,9999.0,1,2012,,1401,11,9,1216.0,99,6,,,
1401,31,3,6,12,13,2,99,1,999,9,3.0,99.0,9999.0,2,2012,,1402,11,1,1312.0,99,6,,,
1402,31,3,6,19,13,2,99,1,20,2,3.0,6.0,9999.0,2,2012,,1403,3,1,1301.0,99,6,,,
1403,31,3,6,2,16,2,99,1,19,2,1.0,5.0,2003.0,1,2012,,1404,2,1,1602.0,99,6,,,
1404,31,3,6,2,16,2,99,1,27,2,1.0,11.0,2011.0,1,2012,,1405,4,1,1602.0,99,6,,,
1405,31,3,6,15,2,2,99,1,42,9,3.0,4.0,9999.0,1,2012,,1406,7,1,203.0,99,6,,,
1406,31,3,6,15,2,2,99,1,20,9,1.0,6.0,9999.0,1,2012,,1407,3,1,203.0,99,6,,,
1407,31,3,6,15,2,2,99,1,42,9,5.0,99.0,9999.0,1,2012,,1408,7,1,203.0,99,6,,,
1408,31,3,6,22,14,2,99,9,999,9,12.0,2.0,9999.0,3,2012,,1409,11,9,1401.0,99,6,,,
1409,31,3,6,20,3,2,99,1,42,2,2.0,2.0,9999.0,1,2012,,1410,7,1,308.0,99,6,,,
1410,31,3,6,20,3,2,99,1,32,2,1.0,6.0,9999.0,1,2012,,1411,5,1,308.0,99,6,,,
1411,1,4,7,3,1,1,1,1,28,9,4.0,5.0,2011.0,1,2012,,1412,4,1,101.0,99,6,,,
1412,1,4,7,3,1,1,1,1,999,9,1.0,2.0,2008.0,1,2012,,1413,11,1,101.0,99,6,,,
1413,1,4,7,20,1,1,12,1,20,9,4.0,99.0,9999.0,1,2012,,1414,3,1,101.0,99,6,,,
1414,1,4,7,20,1,1,12,9,999,9,1.0,99.0,9999.0,1,2012,,1415,11,9,101.0,99,6,,,
1415,1,4,7,4,1,1,11,1,20,9,4.0,99.0,2012.0,2,2012,,1416,3,1,101.0,99,6,,,
1416,1,4,7,7,6,2,99,1,34,9,4.0,99.0,9999.0,1,2012,,1417,5,1,602.0,99,6,,,
1417,1,4,7,7,6,2,99,9,999,9,3.0,11.0,1981.0,1,2012,,1418,11,9,602.0,99,6,,,
1418,1,4,7,1,1,1,6,1,48,9,3.0,11.0,1998.0,1,2012,,1419,8,1,101.0,99,6,,,
1419,1,4,7,1,1,1,6,1,26,9,4.0,99.0,2009.0,1,2012,,1420,4,1,101.0,99,6,,,
1420,1,4,7,8,9,1,99,1,47,9,9.0,3.0,9999.0,1,2012,,1421,8,1,901.0,99,6,,,
1421,1,4,7,8,9,1,99,1,51,9,3.0,11.0,9999.0,1,2012,,1422,9,1,901.0,99,6,,,
1422,1,4,7,5,8,1,99,1,31,9,9.0,4.0,1987.0,1,2012,,1423,5,1,801.0,99,6,,,
1423,1,4,7,5,8,1,99,1,52,9,5.0,4.0,1995.0,1,2012,,1424,9,1,801.0,99,6,,,
1424,1,4,7,17,18,1,99,1,22,9,9.0,3.0,1998.0,1,2012,,1425,3,1,1801.0,99,6,,,
1425,1,4,7,17,18,1,99,1,27,9,3.0,11.0,2003.0,1,2012,,1426,4,1,1801.0,99,6,,,
1426,1,4,7,7,1,1,17,9,999,9,5.0,99.0,9999.0,1,2012,,1427,11,9,101.0,99,6,,,
1427,1,4,7,7,1,1,17,1,33,9,3.0,99.0,9999.0,1,2012,,1428,5,1,101.0,99,6,,,
1428,1,4,7,22,22,2,99,1,20,9,3.0,99.0,9999.0,2,2012,,1429,3,1,2201.0,99,6,,,
1429,1,4,7,3,13,2,99,9,999,9,9.0,4.0,9999.0,2,2012,,1430,11,9,1301.0,99,6,,,
1430,1,4,7,6,7,2,99,9,999,9,3.0,9.0,1979.0,3,2012,,1431,11,9,701.0,99,6,,,
1431,2,4,1,2,1,1,6,1,45,2,3.0,1.0,9999.0,1,2012,,1432,8,1,101.0,99,6,,,
1432,2,4,1,2,1,1,6,1,23,1,4.0,99.0,9999.0,1,2012,,1433,3,1,101.0,99,6,,,
1433,2,4,1,1,22,2,99,1,23,9,4.0,99.0,2000.0,1,2012,,1434,3,1,2201.0,99,6,,,
1434,2,4,1,1,22,2,99,9,999,9,1.0,99.0,9999.0,1,2012,,1435,11,9,2201.0,99,6,,,
1435,2,4,1,22,20,1,99,1,18,9,2.0,2.0,1995.0,1,2012,,1436,2,1,2001.0,99,6,,,
1436,2,4,1,22,20,1,99,1,29,9,3.0,4.0,2008.0,1,2012,,1437,4,1,2001.0,99,6,,,
1437,2,4,1,13,5,2,99,1,33,9,7.0,11.0,9999.0,1,2012,,1438,5,1,504.0,99,6,,,
1438,2,4,1,13,5,2,99,1,35,9,1.0,3.0,9999.0,1,2012,,1439,6,1,504.0,99,6,,,
1439,2,4,1,13,5,2,99,1,43,9,6.0,6.0,9999.0,1,2012,,1440,7,1,504.0,99,6,,,
1440,2,4,1,17,5,2,99,1,35,9,5.0,2.0,9999.0,1,2012,,1441,6,1,511.0,99,6,,,
1441,2,4,1,17,5,2,99,1,49,9,5.0,99.0,9999.0,1,2012,,1442,8,1,511.0,99,6,,,
1442,2,4,1,17,5,2,99,1,25,9,1.0,99.0,9999.0,1,2012,,1443,4,1,511.0,99,6,,,
1443,2,4,1,17,5,2,99,1,38,9,4.0,99.0,9999.0,1,2012,,1444,6,1,511.0,99,6,,,
1444,2,4,1,17,10,2,99,1,22,9,99.0,99.0,9999.0,4,2012,,1445,3,1,1010.0,99,6,,,
1445,2,4,1,0,18,1,99,1,28,9,4.0,99.0,9999.0,1,2012,,1446,4,1,1801.0,99,6,,,
1446,3,4,2,6,1,1,13,1,33,9,1.0,4.0,2010.0,2,2012,,1447,5,1,101.0,99,6,,,
1447,3,4,2,5,1,1,11,1,39,9,1.0,7.0,9999.0,1,2012,,1448,6,1,101.0,99,6,,,
1448,3,4,2,5,1,1,11,1,25,9,1.0,3.0,9999.0,1,2012,,1449,4,1,101.0,99,6,,,
1449,3,4,2,22,19,2,99,1,47,9,3.0,1.0,1984.0,1,2012,,1450,8,1,1901.0,99,6,,,
1450,3,4,2,22,19,2,99,1,21,9,4.0,2.0,9999.0,1,2012,,1451,3,1,1901.0,99,6,,,
1451,3,4,2,22,5,1,1,1,48,9,1.0,99.0,9999.0,2,2012,,1452,8,1,501.0,99,6,,,
1452,3,4,2,23,5,2,99,1,39,9,1.0,1.0,9999.0,3,2012,,1453,6,1,501.0,99,6,,,
1453,3,4,2,12,12,2,99,9,999,9,3.0,99.0,9999.0,2,2012,,1454,11,9,1201.0,99,6,,,
1454,3,4,2,19,8,2,99,9,999,9,3.0,3.0,9999.0,1,2012,,1455,11,9,801.0,99,6,,,
1455,3,4,2,19,8,2,99,1,32,9,4.0,5.0,9999.0,1,2012,,1456,5,1,801.0,99,6,,,
1456,3,4,2,18,7,2,99,9,999,9,3.0,5.0,9999.0,3,2012,,1457,11,9,701.0,99,6,,,
1457,4,4,3,13,1,1,18,1,38,9,12.0,1.0,9999.0,1,2012,,1458,6,1,101.0,99,6,,,
1458,4,4,3,13,1,1,18,1,45,9,1.0,2.0,9999.0,1,2012,,1459,8,1,101.0,99,6,,,
1459,4,4,3,13,1,1,18,2,60,9,2.0,4.0,9999.0,1,2012,,1460,10,1,101.0,99,6,,,
1460,4,4,3,13,1,1,18,1,52,9,6.0,8.0,9999.0,1,2012,,1461,9,1,101.0,99,6,,,
1461,4,4,3,12,1,1,16,1,42,9,1.0,4.0,9999.0,1,2012,,1462,7,1,101.0,99,6,,,
1462,4,4,3,12,1,1,16,1,40,9,3.0,1.0,9999.0,1,2012,,1463,7,1,101.0,99,6,,,
1463,4,4,3,14,1,1,13,1,31,9,5.0,2.0,9999.0,3,2012,,1464,5,1,101.0,99,6,,,
1464,4,4,3,18,1,1,9,1,24,2,1.0,6.0,1998.0,1,2012,,1465,3,1,101.0,99,6,,,
1465,4,4,3,18,1,1,9,2,31,9,1.0,99.0,9999.0,1,2012,,1466,5,1,101.0,99,6,,,
1466,4,4,3,20,1,1,6,1,25,9,3.0,2.0,9999.0,1,2012,,1467,4,1,101.0,99,6,,,
1467,4,4,3,20,1,1,6,9,999,9,1.0,8.0,1991.0,1,2012,,1468,11,9,101.0,99,6,,,
1468,4,4,3,20,1,1,6,9,999,9,1.0,5.0,2002.0,1,2012,,1469,11,9,101.0,99,6,,,
1469,4,4,3,23,1,1,18,1,33,9,1.0,1.0,2002.0,1,2012,,1470,5,1,101.0,99,6,,,
1470,4,4,3,23,1,1,18,9,999,9,1.0,5.0,1987.0,1,2012,,1471,11,9,101.0,99,6,,,
1471,4,4,3,17,1,1,10,1,38,9,4.0,5.0,2011.0,1,2012,,1472,6,1,101.0,99,6,,,
1472,4,4,3,17,1,1,10,1,21,9,4.0,3.0,9999.0,1,2012,,1473,3,1,101.0,99,6,,,
1473,4,4,3,17,1,1,99,1,59,9,3.0,2.0,1991.0,1,2012,,1474,10,1,117.0,99,6,,,
1474,4,4,3,17,1,1,99,1,22,9,1.0,4.0,2000.0,1,2012,,1475,3,1,117.0,99,6,,,
1475,4,4,3,19,1,1,5,1,44,9,1.0,14.0,1983.0,1,2012,,1476,7,1,115.0,99,6,,,
1476,4,4,3,19,1,1,5,1,23,9,4.0,3.0,2007.0,1,2012,,1477,3,1,115.0,99,6,,,
1477,4,4,3,9,18,2,99,1,27,9,5.0,16.0,1989.0,1,2012,,1478,4,1,1802.0,99,6,,,
1478,4,4,3,9,18,2,99,1,999,9,5.0,2.0,1997.0,1,2012,,1479,11,1,1802.0,99,6,,,
1479,4,4,3,20,9,1,2,1,57,9,3.0,3.0,9999.0,3,2012,,1480,10,1,920.0,99,6,,,
1480,4,4,3,15,13,2,99,9,999,9,3.0,4.0,9999.0,2,2012,,1481,11,9,1301.0,99,6,,,
1481,4,4,3,5,8,2,99,1,38,1,3.0,3.0,1999.0,2,2012,,1482,6,1,802.0,99,6,,,
1482,4,4,3,20,14,2,99,1,39,9,3.0,16.0,1990.0,1,2012,,1483,6,1,1419.0,99,6,,,
1483,4,4,3,20,14,2,99,9,999,9,99.0,2.0,2006.0,1,2012,,1484,11,9,1419.0,99,6,,,
1484,4,4,3,15,14,1,99,1,29,1,3.0,6.0,1988.0,1,2012,,1485,4,1,1421.0,99,6,,,
1485,4,4,3,15,14,1,99,2,20,1,4.0,1.0,1988.0,1,2012,,1486,3,1,1421.0,99,6,,,
1486,4,4,3,15,2,2,99,1,27,1,4.0,3.0,2007.0,1,2012,,1487,4,1,207.0,99,6,,,
1487,4,4,3,15,2,2,99,9,999,1,5.0,6.0,2003.0,1,2012,,1488,11,9,207.0,99,6,,,
1488,4,4,3,19,2,1,99,1,16,9,3.0,4.0,9999.0,2,2012,,1489,2,2,205.0,99,6,,,
1489,4,4,3,23,18,2,99,2,21,9,1.0,5.0,9999.0,1,2012,,1490,3,1,1804.0,99,6,,,
1490,4,4,3,23,18,2,99,1,45,9,7.0,99.0,1993.0,1,2012,,1491,8,1,1804.0,99,6,,,
1491,4,4,3,23,18,2,99,1,21,9,6.0,6.0,1997.0,1,2012,,1492,3,1,1804.0,99,6,,,
1492,4,4,3,23,18,2,99,1,51,9,9.0,4.0,2006.0,1,2012,,1493,9,1,1804.0,99,6,,,
1493,4,4,3,11,18,2,99,1,25,2,99.0,6.0,9999.0,2,2012,,1494,4,1,1801.0,99,6,,,
1494,4,4,3,15,7,2,99,1,45,9,7.0,2.0,9999.0,2,2012,,1495,8,1,701.0,99,6,,,
1495,4,4,3,15,7,2,99,9,999,9,7.0,2.0,9999.0,3,2012,,1496,11,9,705.0,99,6,,,
1496,4,4,3,7,4,2,99,1,35,9,7.0,3.0,9999.0,1,2012,,1497,6,1,401.0,99,6,,,
1497,4,4,3,7,4,2,99,1,42,9,9.0,9.0,1998.0,1,2012,,1498,7,1,401.0,99,6,,,
1498,4,4,3,23,5,2,99,1,22,2,1.0,5.0,9999.0,3,2012,,1499,3,1,501.0,99,6,,,
1499,4,4,3,9,1,1,12,1,22,1,1.0,2.0,2011.0,3,2012,,1500,3,1,101.0,99,6,,,
1500,4,4,3,9,1,1,12,1,24,9,4.0,5.0,2007.0,3,2012,,1501,3,1,101.0,99,6,,,
1501,4,4,3,22,1,2,99,1,31,9,1.0,6.0,1993.0,2,2012,,1502,5,1,105.0,99,6,,,
1502,4,4,3,21,5,2,99,1,53,9,1.0,8.0,2001.0,2,2012,,1503,9,1,502.0,99,6,,,
1503,4,4,3,20,1,1,6,1,999,9,4.0,1.0,9999.0,1,2012,,1504,11,1,101.0,99,6,,,
1504,4,4,3,20,1,1,6,9,999,9,1.0,99.0,9999.0,1,2012,,1505,11,9,101.0,99,6,,,
1505,4,4,3,1,12,1,6,9,999,9,99.0,99.0,9999.0,3,2012,,1506,11,9,1202.0,99,6,,,
1506,5,4,4,1,1,1,1,1,36,2,1.0,99.0,9999.0,1,2012,,1507,6,1,101.0,99,6,,,
1507,5,4,4,1,1,1,1,1,22,9,4.0,99.0,9999.0,1,2012,,1508,3,1,101.0,99,6,,,
1508,5,4,4,8,1,1,1,1,26,9,3.0,5.0,9999.0,1,2012,,1509,4,1,101.0,99,6,,,
1509,5,4,4,8,1,1,1,2,25,9,1.0,99.0,9999.0,1,2012,,1510,4,1,101.0,99,6,,,
1510,5,4,4,2,1,1,9,1,33,9,1.0,3.0,9999.0,2,2012,,1511,5,1,101.0,99,6,,,
1511,5,4,4,3,1,1,6,1,999,9,3.0,5.0,9999.0,1,2012,,1512,11,1,101.0,99,6,,,
1512,5,4,4,3,1,1,6,1,42,2,1.0,3.0,9999.0,1,2012,,1513,7,1,101.0,99,6,,,
1513,5,4,4,6,1,1,99,1,23,2,1.0,2.0,9999.0,2,2012,,1514,3,1,103.0,99,6,,,
1514,5,4,4,5,1,2,99,1,30,2,1.0,5.0,9999.0,2,2012,,1515,5,1,115.0,99,6,,,
1515,5,4,4,0,1,1,3,9,999,9,3.0,99.0,9999.0,1,2012,,1516,11,9,101.0,99,6,,,
1516,5,4,4,0,1,1,3,1,45,9,99.0,5.0,9999.0,1,2012,,1517,8,1,101.0,99,6,,,
1517,5,4,4,3,21,1,99,1,21,9,4.0,5.0,2011.0,1,2012,,1518,3,1,2101.0,99,6,,,
1518,5,4,4,5,20,1,99,1,28,9,3.0,3.0,9999.0,2,2012,,1519,4,1,2010.0,99,6,,,
1519,5,4,4,5,20,1,99,9,999,9,5.0,2.0,9999.0,2,2012,,1520,11,9,2010.0,99,6,,,
1520,5,4,4,1,5,1,99,1,23,9,2.0,4.0,9999.0,1,2012,,1521,3,1,501.0,99,6,,,
1521,5,4,4,1,5,1,99,9,999,9,3.0,5.0,9999.0,1,2012,,1522,11,9,501.0,99,6,,,
1522,5,4,4,10,11,1,99,1,23,9,1.0,4.0,2012.0,1,2012,,1523,3,1,1101.0,99,6,,,
1523,5,4,4,10,11,1,99,1,25,9,4.0,1.0,2012.0,1,2012,,1524,4,1,1101.0,99,6,,,
1524,5,4,4,16,14,2,99,1,37,9,3.0,3.0,1995.0,1,2012,,1525,6,1,1401.0,99,6,,,
1525,5,4,4,16,14,2,99,1,41,9,3.0,3.0,1995.0,1,2012,,1526,7,1,1401.0,99,6,,,
1526,5,4,4,17,8,2,99,1,20,9,3.0,4.0,1986.0,2,2012,,1527,3,1,801.0,99,6,,,
1527,5,4,4,12,16,2,99,1,19,9,3.0,7.0,9999.0,2,2012,,1528,2,1,1603.0,99,6,,,
1528,5,4,4,0,11,1,4,1,36,9,1.0,2.0,1984.0,1,2012,,1529,6,1,1101.0,99,6,,,
1529,5,4,4,0,11,1,4,1,19,9,4.0,5.0,2008.0,1,2012,,1530,2,1,1101.0,99,6,,,
1530,6,4,5,19,1,1,6,1,999,9,3.0,99.0,9999.0,1,2012,,1531,11,1,101.0,99,6,,,
1531,6,4,5,17,1,2,99,1,63,9,3.0,5.0,9999.0,4,2012,,1532,10,1,113.0,99,6,,,
1532,6,4,5,6,1,1,1,1,33,9,1.0,3.0,2006.0,1,2012,,1533,5,1,108.0,99,6,,,
1533,6,4,5,6,1,1,1,9,999,9,1.0,99.0,9999.0,1,2012,,1534,11,9,108.0,99,6,,,
1534,6,4,5,7,5,2,99,1,27,9,4.0,2.0,9999.0,4,2012,,1535,4,1,507.0,99,6,,,
1535,7,4,6,21,1,2,99,1,22,9,3.0,2.0,1998.0,1,2012,,1536,3,1,103.0,99,6,,,
1536,7,4,6,21,1,2,99,1,21,9,4.0,5.0,9999.0,1,2012,,1537,3,1,103.0,99,6,,,
1537,7,4,6,12,1,2,99,1,29,1,3.0,1.0,9999.0,4,2012,,1538,4,1,112.0,99,6,,,
1538,7,4,6,11,21,2,99,1,27,9,3.0,2.0,9999.0,4,2012,,1539,4,1,2101.0,99,6,,,
1539,7,4,6,18,21,2,99,1,34,9,1.0,3.0,9999.0,1,2012,,1540,5,1,2101.0,99,6,,,
1540,7,4,6,18,21,2,99,9,999,9,1.0,99.0,9999.0,1,2012,,1541,11,9,2101.0,99,6,,,
1541,7,4,6,14,5,2,99,1,28,2,2.0,2.0,9999.0,1,2012,,1542,4,1,501.0,99,6,,,
1542,7,4,6,14,5,2,99,2,42,1,1.0,3.0,9999.0,1,2012,,1543,7,1,501.0,99,6,,,
1543,7,4,6,12,5,2,99,1,23,1,4.0,1.0,9999.0,1,2012,,1544,3,1,501.0,99,6,,,
1544,7,4,6,12,5,2,99,1,49,1,1.0,1.0,1992.0,1,2012,,1545,8,1,501.0,99,6,,,
1545,7,4,6,4,5,2,99,9,999,9,1.0,99.0,9999.0,1,2012,,1546,11,9,501.0,99,6,,,
1546,7,4,6,4,5,2,99,1,23,9,4.0,3.0,9999.0,1,2012,,1547,3,1,501.0,99,6,,,
1547,7,4,6,23,5,2,99,9,999,9,1.0,99.0,9999.0,1,2012,,1548,11,9,501.0,99,6,,,
1548,7,4,6,23,5,2,99,1,20,9,4.0,5.0,9999.0,1,2012,,1549,3,1,501.0,99,6,,,
1549,7,4,6,7,5,2,99,9,999,9,7.0,1.0,9999.0,3,2012,,1550,11,9,508.0,99,6,,,
1550,7,4,6,18,5,2,99,1,13,9,4.0,99.0,9999.0,3,2012,,1551,1,2,507.0,99,6,,,
1551,7,4,6,18,6,2,99,9,999,9,5.0,99.0,9999.0,4,2012,,1552,11,9,602.0,99,6,,,
1552,7,4,6,17,10,2,99,1,24,1,14.0,1.0,9999.0,1,2012,,1553,3,1,1001.0,99,6,,,
1553,7,4,6,17,10,2,99,9,999,9,14.0,7.0,9999.0,1,2012,,1554,11,9,1001.0,99,6,,,
1554,7,4,6,16,16,2,99,1,32,9,3.0,2.0,9999.0,1,2012,,1555,5,1,1601.0,99,6,,,
1555,7,4,6,16,16,2,99,1,32,9,4.0,99.0,9999.0,1,2012,,1556,5,1,1601.0,99,6,,,
1556,7,4,6,16,16,2,99,1,42,9,3.0,5.0,9999.0,3,2012,,1557,7,1,1601.0,99,6,,,
1557,7,4,6,16,14,2,99,9,999,9,3.0,5.0,9999.0,3,2012,,1558,11,9,1420.0,99,6,,,
1558,7,4,6,20,7,2,99,9,999,9,3.0,2.0,9999.0,2,2012,,1559,11,9,701.0,99,6,,,
1559,8,4,7,15,1,1,2,1,28,9,4.0,4.0,9999.0,1,2012,,1560,4,1,101.0,99,6,,,
1560,8,4,7,15,1,1,2,1,28,9,1.0,10.0,9999.0,1,2012,,1561,4,1,101.0,99,6,,,
1561,8,4,7,23,1,1,5,1,30,9,1.0,2.0,9999.0,1,2012,,1562,5,1,101.0,99,6,,,
1562,8,4,7,23,1,1,5,1,20,9,4.0,1.0,9999.0,1,2012,,1563,3,1,101.0,99,6,,,
1563,8,4,7,0,1,2,99,1,22,9,2.0,9.0,9999.0,1,2012,,1564,3,1,114.0,99,6,,,
1564,8,4,7,0,1,2,99,1,46,9,3.0,6.0,9999.0,1,2012,,1565,8,1,114.0,99,6,,,
1565,8,4,7,23,5,2,99,2,43,9,1.0,9.0,9999.0,2,2012,,1566,7,1,501.0,99,6,,,
1566,8,4,7,21,5,2,99,1,20,9,4.0,3.0,9999.0,1,2012,,1567,3,1,501.0,99,6,,,
1567,8,4,7,21,5,2,99,1,30,9,4.0,3.0,9999.0,1,2012,,1568,5,1,501.0,99,6,,,
1568,8,4,7,15,5,2,99,1,28,9,2.0,1.0,9999.0,1,2012,,1569,4,1,501.0,99,6,,,
1569,8,4,7,15,5,2,99,2,22,9,9.0,6.0,9999.0,1,2012,,1570,3,1,501.0,99,6,,,
1570,8,4,7,11,6,2,99,1,49,9,4.0,7.0,9999.0,1,2012,,1571,8,1,602.0,99,6,,,
1571,8,4,7,11,6,2,99,1,34,9,4.0,1.0,9999.0,1,2012,,1572,5,1,602.0,99,6,,,
1572,8,4,7,17,12,2,99,1,51,9,3.0,1.0,1994.0,2,2012,,1573,9,1,1201.0,99,6,,,
1573,8,4,7,8,16,2,99,1,20,9,2.0,9.0,9999.0,2,2012,,1574,3,1,1601.0,99,6,,,
1574,8,4,7,17,17,2,99,1,35,9,4.0,4.0,9999.0,1,2012,,1575,6,1,1701.0,99,6,,,
1575,8,4,7,17,17,2,99,9,999,9,3.0,1.0,9999.0,1,2012,,1576,11,9,1701.0,99,6,,,
1576,8,4,7,0,4,2,99,9,999,9,3.0,3.0,9999.0,2,2012,,1577,11,9,401.0,99,6,,,
1577,9,4,1,15,1,1,3,1,31,9,1.0,5.0,2003.0,1,2012,,1578,5,1,101.0,99,6,,,
1578,9,4,1,15,1,1,3,1,29,9,4.0,1.0,9999.0,1,2012,,1579,4,1,101.0,99,6,,,
1579,9,4,1,14,1,1,12,1,56,9,9.0,14.0,1985.0,1,2012,,1580,10,1,101.0,99,6,,,
1580,9,4,1,14,1,1,12,1,22,9,4.0,5.0,2008.0,1,2012,,1581,3,1,101.0,99,6,,,
1581,9,4,1,9,22,2,99,1,32,9,1.0,4.0,1997.0,1,2012,,1582,5,1,2214.0,99,6,,,
1582,9,4,1,9,22,2,99,1,20,9,4.0,1.0,9999.0,1,2012,,1583,3,1,2214.0,99,6,,,
1583,9,4,1,7,20,2,99,2,62,9,2.0,4.0,9999.0,2,2012,,1584,10,1,2011.0,99,6,,,
1584,9,4,1,20,6,2,99,1,41,1,9.0,8.0,1992.0,1,2012,,1585,7,1,602.0,99,6,,,
1585,9,4,1,20,6,2,99,1,36,2,1.0,3.0,1998.0,1,2012,,1586,6,1,602.0,99,6,,,
1586,9,4,1,9,11,2,99,1,70,9,1.0,6.0,1995.0,1,2012,,1587,10,1,1101.0,99,6,,,
1587,9,4,1,9,11,2,99,1,20,9,4.0,1.0,2010.0,1,2012,,1588,3,1,1101.0,99,6,,,
1588,9,4,1,13,12,2,99,1,39,9,4.0,99.0,9999.0,1,2012,,1589,6,1,1215.0,99,6,,,
1589,9,4,1,13,12,2,99,9,999,9,1.0,99.0,9999.0,1,2012,,1590,11,9,1215.0,99,6,,,
1590,9,4,1,6,8,2,99,1,53,1,7.0,3.0,1984.0,4,2012,,1591,9,1,805.0,99,6,,,
1591,9,4,1,20,17,2,99,1,30,9,2.0,1.0,1998.0,1,2012,,1592,5,1,1701.0,99,6,,,
1592,9,4,1,20,17,2,99,1,25,9,4.0,3.0,2009.0,1,2012,,1593,4,1,1701.0,99,6,,,
1593,9,4,1,20,7,2,99,1,23,2,2.0,8.0,9999.0,4,2012,,1594,3,1,701.0,99,6,,,
1594,10,4,2,14,1,1,1,1,54,9,4.0,99.0,9999.0,1,2012,,1595,9,1,101.0,99,6,,,
1595,10,4,2,14,1,1,1,1,999,9,3.0,4.0,9999.0,1,2012,,1596,11,1,101.0,99,6,,,
1596,10,4,2,18,1,1,6,2,34,9,9.0,99.0,9999.0,2,2012,,1597,5,1,101.0,99,6,,,
1597,10,4,2,13,21,2,99,1,53,9,1.0,3.0,2000.0,1,2012,,1598,9,1,2104.0,99,6,,,
1598,10,4,2,13,21,2,99,1,32,9,3.0,2.0,1988.0,1,2012,,1599,5,1,2104.0,99,6,,,
1599,10,4,2,10,10,2,99,1,20,9,14.0,1.0,2011.0,3,2012,,1600,3,1,1020.0,99,6,,,
1600,10,4,2,6,11,2,99,1,20,9,4.0,1.0,9999.0,1,2012,,1601,3,1,1101.0,99,6,,,
1601,10,4,2,22,9,1,3,1,21,9,1.0,4.0,2000.0,2,2012,,1602,3,1,901.0,99,6,,,
1602,10,4,2,20,14,1,3,1,26,2,1.0,1.0,9999.0,1,2012,,1603,4,1,1401.0,99,6,,,
1603,10,4,2,20,14,1,3,9,999,9,1.0,6.0,1999.0,1,2012,,1604,11,9,1401.0,99,6,,,
1604,10,4,2,3,7,2,99,1,48,9,5.0,14.0,1989.0,3,2012,,1605,8,1,701.0,99,6,,,
1605,11,4,3,15,1,1,1,1,17,1,4.0,1.0,9999.0,1,2012,,1606,2,2,101.0,99,6,,,
1606,11,4,3,15,1,1,1,1,28,1,12.0,1.0,9999.0,1,2012,,1607,4,1,101.0,99,6,,,
1607,11,4,3,0,1,1,11,1,29,1,99.0,99.0,9999.0,1,2012,,1608,4,1,101.0,99,6,,,
1608,11,4,3,0,1,1,11,1,19,1,2.0,4.0,2007.0,1,2012,,1609,2,1,101.0,99,6,,,
1609,11,4,3,20,21,2,99,9,999,9,3.0,1.0,9999.0,1,2012,,1610,11,9,2101.0,99,6,,,
1610,11,4,3,20,21,2,99,2,43,9,4.0,4.0,9999.0,1,2012,,1611,7,1,2101.0,99,6,,,
1611,11,4,3,5,5,2,99,1,41,1,7.0,1.0,2000.0,1,2012,,1612,7,1,504.0,99,6,,,
1612,11,4,3,5,5,2,99,1,39,1,7.0,1.0,1994.0,1,2012,,1613,6,1,504.0,99,6,,,
1613,11,4,3,5,5,2,99,1,33,1,6.0,11.0,1996.0,1,2012,,1614,5,1,504.0,99,6,,,
1614,11,4,3,5,5,2,99,1,28,1,6.0,1.0,2000.0,1,2012,,1615,4,1,504.0,99,6,,,
1615,11,4,3,5,6,2,99,9,999,9,3.0,99.0,9999.0,4,2012,,1616,11,9,608.0,99,6,,,
1616,11,4,3,18,12,2,99,1,40,2,5.0,2.0,1987.0,1,2012,,1617,7,1,1202.0,99,6,,,
1617,11,4,3,18,12,2,99,1,38,1,9.0,4.0,1995.0,1,2012,,1618,6,1,1202.0,99,6,,,
1618,11,4,3,13,17,2,99,2,35,1,1.0,4.0,2010.0,1,2012,,1619,6,1,1701.0,99,6,,,
1619,11,4,3,13,17,2,99,1,56,1,4.0,1.0,9999.0,1,2012,,1620,10,1,1701.0,99,6,,,
1620,11,4,3,18,3,2,99,1,20,1,11.0,2.0,9999.0,1,2012,,1621,3,1,309.0,99,6,,,
1621,11,4,3,18,3,2,99,1,31,1,3.0,1.0,9999.0,1,2012,,1622,5,1,309.0,99,6,,,
1622,12,4,4,22,1,1,18,1,23,1,3.0,5.0,9999.0,1,2012,,1623,3,1,101.0,99,6,,,
1623,12,4,4,22,1,1,18,1,20,1,4.0,1.0,9999.0,1,2012,,1624,3,1,101.0,99,6,,,
1624,12,4,4,17,1,1,12,1,40,1,2.0,4.0,9999.0,1,2012,,1625,7,1,101.0,99,6,,,
1625,12,4,4,17,1,1,12,1,72,1,1.0,5.0,9999.0,1,2012,,1626,10,1,101.0,99,6,,,
1626,12,4,4,17,1,1,12,1,40,1,1.0,15.0,9999.0,1,2012,,1627,7,1,101.0,99,6,,,
1627,12,4,4,10,19,2,99,2,13,9,4.0,99.0,9999.0,2,2012,,1628,1,2,1903.0,99,6,,,
1628,13,4,5,7,1,2,99,1,22,2,5.0,2.0,1998.0,2,2012,,1629,3,1,105.0,99,6,,,
1629,13,4,5,17,1,1,3,9,999,9,14.0,5.0,9999.0,3,2012,,1630,11,9,102.0,99,6,,,
1630,13,4,5,18,1,2,99,1,32,9,3.0,1.0,1998.0,2,2012,,1631,5,1,113.0,99,6,,,
1631,13,4,5,7,5,2,99,1,20,9,1.0,1.0,2005.0,2,2012,,1632,3,1,501.0,99,6,,,
1632,13,4,5,6,5,2,99,1,39,9,5.0,4.0,9999.0,3,2012,,1633,6,1,501.0,99,6,,,
1633,13,4,5,18,9,1,3,9,999,9,5.0,2.0,9999.0,2,2012,,1634,11,9,920.0,99,6,,,
1634,13,4,5,18,9,1,3,2,14,9,4.0,2.0,9999.0,2,2012,,1635,1,2,920.0,99,6,,,
1635,13,4,5,14,2,2,99,1,63,9,3.0,2.0,1991.0,1,2012,,1636,10,1,201.0,99,6,,,
1636,13,4,5,14,2,2,99,1,37,9,6.0,2.0,1990.0,1,2012,,1637,6,1,201.0,99,6,,,
1637,13,4,5,6,18,2,99,1,22,9,5.0,2.0,1991.0,1,2012,,1638,3,1,1801.0,99,6,,,
1638,13,4,5,6,18,2,99,1,33,9,5.0,2.0,1992.0,1,2012,,1639,5,1,1801.0,99,6,,,
1639,14,4,6,14,1,1,9,1,25,2,2.0,99.0,9999.0,1,2012,,1640,4,1,101.0,99,6,,,
1640,14,4,6,14,1,1,9,1,29,1,3.0,99.0,9999.0,1,2012,,1641,4,1,101.0,99,6,,,
1641,14,4,6,14,1,1,9,1,37,1,4.0,5.0,9999.0,1,2012,,1642,6,1,101.0,99,6,,,
1642,14,4,6,22,1,1,9,1,29,9,4.0,99.0,2007.0,2,2012,,1643,4,1,101.0,99,6,,,
1643,14,4,6,16,1,1,3,9,999,9,1.0,99.0,9999.0,1,2012,,1644,11,9,116.0,99,6,,,
1644,14,4,6,16,1,1,3,1,34,9,4.0,5.0,9999.0,1,2012,,1645,5,1,116.0,99,6,,,
1645,14,4,6,22,10,2,99,1,24,2,4.0,3.0,9999.0,3,2012,,1646,3,1,1008.0,99,6,,,
1646,14,4,6,16,13,2,99,2,42,2,4.0,5.0,2011.0,1,2012,,1647,7,1,1301.0,99,6,,,
1647,14,4,6,16,13,2,99,1,34,1,9.0,1.0,9999.0,1,2012,,1648,5,1,1301.0,99,6,,,
1648,14,4,6,12,7,2,99,9,999,9,7.0,99.0,9999.0,3,2012,,1649,11,9,701.0,99,6,,,
1649,14,4,6,13,7,2,99,9,999,9,9.0,11.0,9999.0,3,2012,,1650,11,9,707.0,99,6,,,
1650,14,4,6,23,3,2,99,1,53,1,3.0,1.0,1985.0,1,2012,,1651,9,1,301.0,99,6,,,
1651,14,4,6,23,3,2,99,1,19,9,4.0,3.0,9999.0,1,2012,,1652,2,1,301.0,99,6,,,
1652,15,4,7,3,1,1,7,9,999,9,2.0,6.0,9999.0,2,2012,,1653,11,9,101.0,99,6,,,
1653,15,4,7,23,5,2,99,1,31,2,4.0,3.0,9999.0,1,2012,,1654,5,1,505.0,99,6,,,
1654,15,4,7,23,5,2,99,1,25,2,4.0,99.0,9999.0,1,2012,,1655,4,1,505.0,99,6,,,
1655,15,4,7,21,6,2,99,1,38,2,1.0,4.0,9999.0,1,2012,,1656,6,1,606.0,99,6,,,
1656,15,4,7,21,6,2,99,1,28,2,3.0,2.0,9999.0,1,2012,,1657,4,1,606.0,99,6,,,
1657,15,4,7,17,10,2,99,1,38,2,4.0,99.0,9999.0,1,2012,,1658,6,1,1003.0,99,6,,,
1658,15,4,7,17,10,2,99,1,38,1,4.0,3.0,9999.0,1,2012,,1659,6,1,1003.0,99,6,,,
1659,15,4,7,19,11,2,99,9,999,9,2.0,6.0,9999.0,2,2012,,1660,11,9,1108.0,99,6,,,
1660,15,4,7,14,15,2,99,1,54,1,4.0,1.0,1993.0,1,2012,,1661,9,1,1503.0,99,6,,,
1661,15,4,7,14,15,2,99,1,45,1,4.0,3.0,9999.0,1,2012,,1662,8,1,1503.0,99,6,,,
1662,15,4,7,16,14,2,99,1,34,1,3.0,99.0,9999.0,4,2012,,1663,5,1,1413.0,99,6,,,
1663,15,4,7,21,4,2,99,1,23,9,1.0,5.0,9999.0,2,2012,,1664,3,1,415.0,99,6,,,
1664,16,4,1,20,1,1,12,1,18,9,1.0,11.0,1993.0,1,2012,,1665,2,1,101.0,99,6,,,
1665,16,4,1,20,1,1,12,1,24,9,4.0,5.0,2010.0,1,2012,,1666,3,1,101.0,99,6,,,
1666,16,4,1,1,1,1,7,1,50,9,2.0,5.0,2000.0,2,2012,,1667,9,1,101.0,99,6,,,
1667,16,4,1,19,1,2,99,1,39,9,3.0,4.0,2012.0,1,2012,,1668,6,1,114.0,99,6,,,
1668,16,4,1,19,1,2,99,1,22,9,4.0,1.0,9999.0,1,2012,,1669,3,1,114.0,99,6,,,
1669,16,4,1,22,1,1,1,1,43,2,3.0,2.0,9999.0,1,2012,,1670,7,1,110.0,99,6,,,
1670,16,4,1,22,1,1,1,1,43,9,2.0,4.0,9999.0,1,2012,,1671,7,1,110.0,99,6,,,
1671,16,4,1,0,5,1,1,1,26,9,6.0,2.0,9999.0,1,2012,,1672,4,1,501.0,99,6,,,
1672,16,4,1,0,5,1,1,1,27,9,4.0,5.0,9999.0,1,2012,,1673,4,1,501.0,99,6,,,
1673,16,4,1,9,6,2,99,1,49,9,9.0,14.0,2007.0,1,2012,,1674,8,1,602.0,99,6,,,
1674,16,4,1,9,6,2,99,1,26,9,3.0,11.0,1985.0,1,2012,,1675,4,1,602.0,99,6,,,
1675,16,4,1,16,6,2,99,1,45,9,3.0,1.0,1987.0,1,2012,,1676,8,1,602.0,99,6,,,
1676,16,4,1,16,6,2,99,1,27,9,4.0,5.0,2010.0,1,2012,,1677,4,1,602.0,99,6,,,
1677,16,4,1,9,11,2,99,1,28,9,5.0,2.0,1994.0,3,2012,,1678,4,1,1107.0,99,6,,,
1678,17,4,2,6,13,2,99,1,34,9,3.0,5.0,9999.0,3,2012,,1679,5,1,1301.0,99,6,,,
1679,17,4,2,8,16,2,99,1,45,9,9.0,2.0,2008.0,3,2012,,1680,8,1,1601.0,99,6,,,
1680,17,4,2,10,18,2,99,1,29,9,3.0,2.0,9999.0,3,2012,,1681,4,1,1801.0,99,6,,,
1681,17,4,2,14,4,2,99,9,999,9,3.0,3.0,9999.0,3,2012,,1682,11,9,401.0,99,6,,,
1682,18,4,3,22,1,1,9,1,42,2,1.0,5.0,2006.0,1,2012,,1683,7,1,101.0,99,6,,,
1683,18,4,3,22,1,1,9,2,20,9,2.0,9.0,9999.0,1,2012,,1684,3,1,101.0,99,6,,,
1684,18,4,3,7,1,1,10,1,43,1,1.0,3.0,2007.0,1,2012,,1685,7,1,101.0,99,6,,,
1685,18,4,3,7,1,1,10,1,27,1,1.0,2.0,9999.0,1,2012,,1686,4,1,101.0,99,6,,,
1686,18,4,3,7,1,1,7,2,46,1,1.0,5.0,2012.0,1,2012,,1687,8,1,117.0,99,6,,,
1687,18,4,3,7,1,1,7,1,24,1,4.0,5.0,9999.0,1,2012,,1688,3,1,117.0,99,6,,,
1688,18,4,3,13,1,1,99,9,999,9,99.0,99.0,9999.0,1,2012,,1689,11,9,116.0,99,6,,,
1689,18,4,3,13,1,1,99,1,19,1,4.0,1.0,9999.0,1,2012,,1690,2,1,116.0,99,6,,,
1690,18,4,3,19,5,2,99,2,44,1,1.0,6.0,1995.0,1,2012,,1691,7,1,513.0,99,6,,,
1691,18,4,3,19,5,2,99,1,23,1,4.0,4.0,2009.0,1,2012,,1692,3,1,513.0,99,6,,,
1692,18,4,3,1,5,2,99,1,47,1,3.0,4.0,1990.0,1,2012,,1693,8,1,507.0,99,6,,,
1693,18,4,3,1,5,2,99,9,999,9,99.0,99.0,9999.0,1,2012,,1694,11,9,507.0,99,6,,,
1694,18,4,3,15,6,2,99,1,25,9,2.0,2.0,2006.0,1,2012,,1695,4,1,603.0,99,6,,,
1695,18,4,3,15,6,2,99,9,999,9,5.0,2.0,9999.0,1,2012,,1696,11,9,603.0,99,6,,,
1696,18,4,3,23,10,2,99,1,21,2,3.0,9.0,1987.0,1,2012,,1697,3,1,1010.0,99,6,,,
1697,18,4,3,23,10,2,99,1,999,2,3.0,5.0,9999.0,1,2012,,1698,11,1,1010.0,99,6,,,
1698,18,4,3,19,10,2,99,1,18,2,3.0,2.0,9999.0,1,2012,,1699,2,1,1010.0,99,6,,,
1699,18,4,3,19,10,2,99,1,35,1,5.0,3.0,1993.0,1,2012,,1700,6,1,1010.0,99,6,,,
1700,18,4,3,9,9,2,99,1,20,9,7.0,3.0,1990.0,1,2012,,1701,3,1,916.0,99,6,,,
1701,18,4,3,9,9,2,99,1,26,9,3.0,4.0,1992.0,1,2012,,1702,4,1,916.0,99,6,,,
1702,18,4,3,9,17,2,99,1,59,2,99.0,99.0,9999.0,2,2012,,1703,10,1,1705.0,99,6,,,
1703,19,4,4,8,5,2,99,1,44,1,6.0,2.0,9999.0,1,2012,,1704,7,1,501.0,99,6,,,
1704,19,4,4,8,5,2,99,9,999,9,12.0,1.0,9999.0,1,2012,,1705,11,9,501.0,99,6,,,
1705,19,4,4,22,10,2,99,1,41,9,4.0,14.0,9999.0,1,2012,,1706,7,1,1001.0,99,6,,,
1706,19,4,4,22,10,2,99,1,18,9,4.0,7.0,9999.0,1,2012,,1707,2,1,1001.0,99,6,,,
1707,19,4,4,17,13,2,99,1,33,9,3.0,99.0,9999.0,1,2012,,1708,5,1,1320.0,99,6,,,
1708,19,4,4,17,13,2,99,1,999,9,3.0,99.0,9999.0,1,2012,,1709,11,1,1320.0,99,6,,,
1709,19,4,4,10,15,2,99,1,32,9,3.0,11.0,1986.0,1,2012,,1710,5,1,1507.0,99,6,,,
1710,19,4,4,10,15,2,99,1,50,9,9.0,4.0,9999.0,1,2012,,1711,9,1,1507.0,99,6,,,
1711,19,4,4,17,2,2,99,1,23,2,3.0,3.0,9999.0,1,2012,,1712,3,1,202.0,99,6,,,
1712,19,4,4,17,2,2,99,1,999,1,1.0,10.0,9999.0,1,2012,,1713,11,1,202.0,99,6,,,
1713,20,4,5,13,22,2,99,1,66,1,2.0,4.0,1991.0,1,2012,,1714,10,1,2216.0,99,6,,,
1714,20,4,5,13,22,2,99,1,16,9,4.0,5.0,9999.0,1,2012,,1715,2,2,2216.0,99,6,,,
1715,20,4,5,19,21,2,99,1,37,2,9.0,3.0,9999.0,1,2012,,1716,6,1,2101.0,99,6,,,
1716,20,4,5,19,21,2,99,1,999,1,3.0,3.0,1989.0,1,2012,,1717,11,1,2101.0,99,6,,,
1717,20,4,5,8,21,2,99,9,999,9,9.0,99.0,9999.0,1,2012,,1718,11,9,2104.0,99,6,,,
1718,20,4,5,8,21,2,99,1,56,9,3.0,2.0,1995.0,1,2012,,1719,10,1,2104.0,99,6,,,
1719,20,4,5,18,5,2,99,1,26,9,3.0,11.0,9999.0,1,2012,,1720,4,1,513.0,99,6,,,
1720,20,4,5,18,5,2,99,1,32,9,3.0,99.0,1998.0,1,2012,,1721,5,1,513.0,99,6,,,
1721,20,4,5,16,5,2,99,1,37,9,7.0,2.0,1995.0,1,2012,,1722,6,1,501.0,99,6,,,
1722,20,4,5,16,5,2,99,1,31,9,1.0,4.0,9999.0,1,2012,,1723,5,1,501.0,99,6,,,
1723,20,4,5,20,5,2,99,9,999,9,5.0,99.0,9999.0,1,2012,,1724,11,9,501.0,99,6,,,
1724,20,4,5,20,5,2,99,1,25,2,4.0,3.0,2005.0,1,2012,,1725,4,1,501.0,99,6,,,
1725,20,4,5,20,5,2,99,1,21,2,4.0,3.0,2005.0,1,2012,,1726,3,1,501.0,99,6,,,
1726,20,4,5,2,9,1,2,1,22,2,2.0,4.0,9999.0,1,2012,,1727,3,1,901.0,99,6,,,
1727,20,4,5,22,18,2,99,1,26,1,1.0,5.0,9999.0,1,2012,,1728,4,1,1801.0,99,6,,,
1728,20,4,5,22,18,2,99,1,25,1,4.0,1.0,9999.0,1,2012,,1729,4,1,1801.0,99,6,,,
1729,20,4,5,17,17,2,99,2,38,1,1.0,11.0,2000.0,1,2012,,1730,6,1,1703.0,99,6,,,
1730,20,4,5,17,17,2,99,2,19,1,4.0,99.0,9999.0,1,2012,,1731,2,1,1703.0,99,6,,,
1731,20,4,5,0,14,2,99,1,32,2,3.0,6.0,9999.0,1,2012,,1732,5,1,1409.0,99,6,,,
1732,20,4,5,0,14,2,99,1,47,1,2.0,11.0,9999.0,1,2012,,1733,8,1,1409.0,99,6,,,
1733,20,4,5,18,7,2,99,1,30,9,3.0,9.0,9999.0,1,2012,,1734,5,1,705.0,99,6,,,
1734,20,4,5,9,1,1,18,1,34,9,9.0,2.0,2010.0,1,2012,,1735,5,1,101.0,99,6,,,
1735,20,4,5,9,1,1,18,1,31,9,1.0,2.0,2004.0,1,2012,,1736,5,1,101.0,99,6,,,
1736,20,4,5,23,1,1,5,1,21,2,4.0,99.0,2004.0,1,2012,,1737,3,1,108.0,99,6,,,
1737,20,4,5,23,1,1,5,1,36,2,1.0,8.0,1991.0,1,2012,,1738,6,1,108.0,99,6,,,
1738,20,4,5,12,1,1,6,1,26,1,3.0,5.0,9999.0,1,2012,,1739,4,1,101.0,99,6,,,
1739,20,4,5,12,1,1,6,1,26,1,4.0,1.0,2010.0,1,2012,,1740,4,1,101.0,99,6,,,
1740,20,4,5,12,1,1,10,9,999,1,5.0,2.0,1995.0,1,2012,,1741,11,9,101.0,99,6,,,
1741,20,4,5,12,1,1,10,1,51,1,2.0,6.0,2003.0,1,2012,,1742,9,1,101.0,99,6,,,
1742,21,4,6,9,1,1,9,1,20,1,4.0,3.0,9999.0,2,2012,,1743,3,1,101.0,99,6,,,
1743,21,4,6,13,1,1,18,1,25,1,6.0,5.0,2000.0,1,2012,,1744,4,1,101.0,99,6,,,
1744,21,4,6,13,1,1,18,1,26,1,4.0,5.0,9999.0,1,2012,,1745,4,1,101.0,99,6,,,
1745,21,4,6,22,1,2,99,1,35,1,3.0,99.0,2007.0,1,2012,,1746,6,1,102.0,99,6,,,
1746,21,4,6,22,1,2,99,1,25,9,4.0,4.0,9999.0,1,2012,,1747,4,1,102.0,99,6,,,
1747,21,4,6,9,1,2,99,9,999,9,5.0,99.0,9999.0,1,2012,,1748,11,9,114.0,99,6,,,
1748,21,4,6,9,1,2,99,1,40,9,4.0,3.0,9999.0,1,2012,,1749,7,1,114.0,99,6,,,
1749,21,4,6,21,5,2,99,9,999,9,5.0,2.0,9999.0,1,2012,,1750,11,9,506.0,99,6,,,
1750,21,4,6,21,5,2,99,1,33,9,3.0,4.0,9999.0,99,2012,,1751,5,1,506.0,99,6,,,
1751,21,4,6,15,10,2,99,1,41,1,9.0,2.0,1986.0,4,2012,,1752,7,1,1002.0,99,6,,,
1752,21,4,6,12,13,2,99,1,46,1,4.0,99.0,9999.0,1,2012,,1753,8,1,1301.0,99,6,,,
1753,21,4,6,12,13,2,99,9,999,9,3.0,6.0,9999.0,1,2012,,1754,11,9,1301.0,99,6,,,
1754,21,4,6,3,16,2,99,1,26,2,3.0,2.0,9999.0,4,2012,,1755,4,1,1608.0,99,6,,,
1755,21,4,6,20,4,2,99,9,999,9,3.0,3.0,9999.0,3,2012,,1756,11,9,401.0,99,6,,,
1756,22,4,7,3,1,1,3,1,26,1,3.0,5.0,9999.0,2,2012,,1757,4,1,108.0,99,6,,,
1757,22,4,7,14,22,2,99,1,19,9,4.0,5.0,2009.0,2,2012,,1758,2,1,2205.0,99,6,,,
1758,22,4,7,1,19,2,99,9,999,9,2.0,4.0,9999.0,1,2012,,1759,11,9,1910.0,99,6,,,
1759,22,4,7,1,19,2,99,1,33,9,4.0,1.0,9999.0,1,2012,,1760,5,1,1910.0,99,6,,,
1760,22,4,7,9,19,2,99,1,34,9,4.0,99.0,9999.0,2,2012,,1761,5,1,1901.0,99,6,,,
1761,22,4,7,1,5,2,99,9,999,9,1.0,99.0,9999.0,1,2012,,1762,11,9,501.0,99,6,,,
1762,22,4,7,1,5,2,99,1,30,9,4.0,5.0,9999.0,1,2012,,1763,5,1,501.0,99,6,,,
1763,22,4,7,12,5,2,99,1,35,9,3.0,1.0,9999.0,2,2012,,1764,6,1,501.0,99,6,,,
1764,22,4,7,21,6,2,99,1,42,1,3.0,9.0,9999.0,1,2012,,1765,7,1,609.0,99,6,,,
1765,22,4,7,21,6,2,99,1,37,9,4.0,1.0,9999.0,1,2012,,1766,6,1,609.0,99,6,,,
1766,22,4,7,16,16,2,99,1,36,2,1.0,6.0,9999.0,2,2012,,1767,6,1,1609.0,99,6,,,
1767,22,4,7,0,18,2,99,9,999,9,3.0,99.0,9999.0,1,2012,,1768,11,9,1801.0,99,6,,,
1768,22,4,7,0,18,2,99,1,26,9,3.0,3.0,9999.0,1,2012,,1769,4,1,1801.0,99,6,,,
1769,22,4,7,20,7,1,2,1,32,2,3.0,5.0,9999.0,3,2012,,1770,5,1,701.0,99,6,,,
1770,23,4,1,23,5,2,99,1,46,1,6.0,14.0,1999.0,1,2012,,1771,8,1,504.0,99,6,,,
1771,23,4,1,23,5,2,99,1,38,9,3.0,5.0,9999.0,1,2012,,1772,6,1,504.0,99,6,,,
1772,23,4,1,2,10,2,99,1,41,1,6.0,14.0,9999.0,1,2012,,1773,7,1,1010.0,99,6,,,
1773,23,4,1,2,10,2,99,1,46,9,16.0,99.0,9999.0,1,2012,,1774,8,1,1010.0,99,6,,,
1774,23,4,1,10,11,2,99,1,55,9,13.0,3.0,9999.0,3,2012,,1775,10,1,1107.0,99,6,,,
1775,23,4,1,12,16,2,99,9,999,9,5.0,99.0,9999.0,1,2012,,1776,11,9,1613.0,99,6,,,
1776,23,4,1,12,16,2,99,1,26,9,4.0,1.0,9999.0,1,2012,,1777,4,1,1613.0,99,6,,,
1777,23,4,1,20,16,1,99,9,999,9,3.0,99.0,9999.0,1,2012,,1778,11,9,1615.0,99,6,,,
1778,23,4,1,20,16,1,99,1,41,9,99.0,99.0,9999.0,1,2012,,1779,7,1,1615.0,99,6,,,
1779,24,4,2,2,1,1,6,1,23,2,1.0,8.0,9999.0,2,2012,,1780,3,1,101.0,99,6,,,
1780,24,4,2,11,1,2,99,9,999,9,7.0,99.0,9999.0,4,2012,,1781,11,9,105.0,99,6,,,
1781,24,4,2,22,1,1,12,1,32,9,3.0,4.0,9999.0,2,2012,,1782,5,1,101.0,99,6,,,
1782,24,4,2,15,6,2,99,9,999,9,3.0,99.0,9999.0,3,2012,,1783,11,9,604.0,99,6,,,
1783,24,4,2,23,8,2,99,9,999,9,1.0,99.0,9999.0,1,2012,,1784,11,9,801.0,99,6,,,
1784,24,4,2,23,8,2,99,1,26,1,4.0,9.0,2007.0,1,2012,,1785,4,1,801.0,99,6,,,
1785,24,4,2,11,4,2,99,1,45,1,3.0,6.0,1975.0,1,2012,,1786,8,1,415.0,99,6,,,
1786,24,4,2,11,4,2,99,2,55,1,9.0,11.0,2012.0,1,2012,,1787,10,1,415.0,99,6,,,
1787,24,4,2,11,4,2,99,1,35,1,3.0,4.0,2007.0,1,2012,,1788,6,1,415.0,99,6,,,
1788,25,4,3,16,1,1,1,1,30,1,12.0,6.0,9999.0,1,2012,,1789,5,1,101.0,99,6,,,
1789,25,4,3,16,1,1,1,1,16,1,4.0,1.0,9999.0,1,2012,,1790,2,2,101.0,99,6,,,
1790,25,4,3,12,1,1,13,1,40,1,9.0,2.0,2007.0,1,2012,,1791,7,1,101.0,99,6,,,
1791,25,4,3,12,1,1,13,1,22,1,4.0,5.0,2000.0,1,2012,,1792,3,1,101.0,99,6,,,
1792,25,4,3,21,1,1,7,1,18,9,4.0,99.0,9999.0,2,2012,,1793,2,1,101.0,99,6,,,
1793,25,4,3,12,1,1,1,1,38,1,5.0,4.0,9999.0,1,2012,,1794,6,1,115.0,99,6,,,
1794,25,4,3,12,1,1,1,1,32,1,4.0,5.0,9999.0,1,2012,,1795,5,1,115.0,99,6,,,
1795,25,4,3,23,1,1,19,1,25,1,1.0,2.0,1995.0,1,2012,,1796,4,1,101.0,99,6,,,
1796,25,4,3,23,1,1,19,9,999,9,1.0,2.0,1994.0,1,2012,,1797,11,9,101.0,99,6,,,
1797,25,4,3,5,5,2,99,1,34,1,6.0,6.0,2000.0,1,2012,,1798,5,1,501.0,99,6,,,
1798,25,4,3,5,5,2,99,1,53,9,4.0,5.0,9999.0,1,2012,,1799,9,1,501.0,99,6,,,
1799,25,4,3,18,12,2,99,1,37,1,3.0,5.0,9999.0,1,2012,,1800,6,1,1216.0,99,6,,,
1800,25,4,3,18,12,2,99,1,21,1,14.0,1.0,9999.0,1,2012,,1801,3,1,1216.0,99,6,,,
1801,25,4,3,21,8,2,99,1,26,1,4.0,9.0,2007.0,2,2012,,1802,4,1,801.0,99,6,,,
1802,25,4,3,7,2,2,99,1,36,9,1.0,3.0,1996.0,4,2012,,1803,6,1,208.0,99,6,,,
1803,25,4,3,4,2,2,99,1,45,9,5.0,14.0,1990.0,1,2012,,1804,8,1,201.0,99,6,,,
1804,25,4,3,4,2,2,99,1,24,9,1.0,5.0,1998.0,1,2012,,1805,3,1,201.0,99,6,,,
1805,25,4,3,16,14,2,99,1,24,1,3.0,5.0,9999.0,2,2012,,1806,3,1,1401.0,99,6,,,
1806,26,4,4,22,1,1,7,1,19,9,4.0,1.0,9999.0,2,2012,,1807,2,1,101.0,99,6,,,
1807,26,4,4,2,1,2,99,1,25,9,4.0,1.0,2012.0,2,2012,,1808,4,1,114.0,99,6,,,
1808,26,4,4,1,5,1,99,1,999,9,4.0,99.0,9999.0,3,2012,,1809,11,1,501.0,99,6,,,
1809,26,4,4,21,10,1,99,1,24,1,5.0,2.0,1996.0,1,2012,,1810,3,1,1001.0,99,6,,,
1810,26,4,4,21,10,1,99,1,51,2,1.0,1.0,9999.0,1,2012,,1811,9,1,1001.0,99,6,,,
1811,26,4,4,17,10,1,99,1,32,2,3.0,4.0,9999.0,2,2012,,1812,5,1,1010.0,99,6,,,
1812,26,4,4,16,10,1,99,1,39,2,2.0,1.0,9999.0,3,2012,,1813,6,1,1009.0,99,6,,,
1813,26,4,4,20,15,1,1,1,49,2,3.0,2.0,2009.0,2,2012,,1814,8,1,1501.0,99,6,,,
1814,26,4,4,9,4,1,5,1,27,2,3.0,99.0,9999.0,3,2012,,1815,4,1,407.0,99,6,,,
1815,27,4,4,2,1,1,6,1,44,1,6.0,3.0,2004.0,1,2012,,1816,7,1,101.0,99,6,,,
1816,27,4,4,2,1,1,6,1,27,1,4.0,3.0,9999.0,1,2012,,1817,4,1,101.0,99,6,,,
1817,27,4,4,23,1,1,12,2,23,1,1.0,4.0,2005.0,1,2012,,1818,3,1,101.0,99,6,,,
1818,27,4,4,23,1,1,12,1,999,2,4.0,1.0,9999.0,1,2012,,1819,11,1,101.0,99,6,,,
1819,27,4,4,1,1,2,99,1,50,1,1.0,1.0,2008.0,1,2012,,1820,9,1,110.0,99,6,,,
1820,27,4,4,1,1,2,99,9,999,1,1.0,7.0,9999.0,1,2012,,1821,11,9,110.0,99,6,,,
1821,27,4,4,18,12,2,99,1,26,2,4.0,1.0,9999.0,2,2012,,1822,4,1,1201.0,99,6,,,
1822,27,4,4,4,17,2,99,1,22,2,4.0,1.0,2010.0,2,2012,,1823,3,1,1701.0,99,6,,,
1823,27,4,4,12,3,2,99,1,23,2,3.0,2.0,1999.0,2,2012,,1824,3,1,301.0,99,6,,,
1824,28,4,6,1,1,1,9,1,32,2,1.0,3.0,2000.0,2,2012,,1825,5,1,101.0,99,6,,,
1825,28,4,6,7,1,1,1,1,32,1,4.0,3.0,9999.0,1,2012,,1826,5,1,101.0,99,6,,,
1826,28,4,6,7,1,1,1,1,32,1,3.0,1.0,9999.0,1,2012,,1827,5,1,101.0,99,6,,,
1827,28,4,6,1,1,1,13,1,42,2,1.0,4.0,9999.0,1,2012,,1828,7,1,101.0,99,6,,,
1828,28,4,6,1,1,1,13,1,999,1,3.0,5.0,9999.0,1,2012,,1829,11,1,101.0,99,6,,,
1829,28,4,6,7,1,1,12,9,999,9,1.0,99.0,9999.0,1,2012,,1830,11,9,101.0,99,6,,,
1830,28,4,6,7,1,1,12,1,26,1,4.0,99.0,9999.0,1,2012,,1831,4,1,101.0,99,6,,,
1831,28,4,6,14,1,2,99,9,999,9,3.0,3.0,9999.0,3,2012,,1832,11,9,115.0,99,6,,,
1832,28,4,6,19,5,2,99,9,999,9,2.0,3.0,9999.0,2,2012,,1833,11,9,501.0,99,6,,,
1833,28,4,6,6,6,2,99,1,39,9,6.0,6.0,9999.0,3,2012,,1834,6,1,605.0,99,6,,,
1834,28,4,6,1,13,2,99,9,999,9,1.0,99.0,9999.0,1,2012,,1835,11,9,1301.0,99,6,,,
1835,28,4,6,1,13,2,99,1,17,1,4.0,99.0,9999.0,1,2012,,1836,2,2,1301.0,99,6,,,
1836,28,4,6,12,3,2,99,1,999,1,3.0,2.0,1999.0,2,2012,,1837,11,1,302.0,99,6,,,
1837,29,4,7,13,20,2,99,2,19,9,4.0,3.0,9999.0,3,2012,,1838,2,1,2001.0,99,6,,,
1838,29,4,7,9,19,2,99,2,60,9,3.0,6.0,9999.0,4,2012,,1839,10,1,1901.0,99,6,,,
1839,29,4,7,23,5,2,99,1,18,9,3.0,5.0,9999.0,4,2012,,1840,2,1,501.0,99,6,,,
1840,29,4,7,15,5,2,99,1,24,9,14.0,1.0,9999.0,2,2012,,1841,3,1,501.0,99,6,,,
1841,29,4,7,14,18,2,99,1,25,9,3.0,5.0,9999.0,1,2012,,1842,4,1,1801.0,99,6,,,
1842,29,4,7,14,18,2,99,1,23,9,4.0,6.0,9999.0,1,2012,,1843,3,1,1801.0,99,6,,,
1843,29,4,7,0,17,2,99,1,25,9,4.0,3.0,9999.0,1,2012,,1844,4,1,1701.0,99,6,,,
1844,29,4,7,0,17,2,99,1,31,9,4.0,6.0,9999.0,1,2012,,1845,5,1,1701.0,99,6,,,
1845,29,4,7,2,14,2,99,1,22,9,4.0,5.0,9999.0,2,2012,,1846,3,1,1401.0,99,6,,,
1846,29,4,7,9,4,2,99,9,999,9,3.0,3.0,9999.0,3,2012,,1847,11,9,401.0,99,6,,,
1847,30,4,1,18,1,2,99,1,31,9,3.0,1.0,1999.0,1,2012,,1848,5,1,106.0,99,6,,,
1848,30,4,1,18,1,2,99,1,41,9,3.0,5.0,2008.0,1,2012,,1849,7,1,106.0,99,6,,,
1849,30,4,1,9,19,2,99,1,31,9,4.0,1.0,2007.0,1,2012,,1850,5,1,1901.0,99,6,,,
1850,30,4,1,9,19,2,99,9,999,9,1.0,1.0,9999.0,1,2012,,1851,11,9,1901.0,99,6,,,
1851,30,4,1,21,6,1,99,1,23,9,14.0,1.0,9999.0,1,2012,,1852,3,1,601.0,99,6,,,
1852,30,4,1,21,6,1,99,1,30,9,3.0,5.0,9999.0,1,2012,,1853,5,1,601.0,99,6,,,
1853,30,4,1,21,10,2,99,1,26,9,6.0,3.0,1996.0,1,2012,,1854,4,1,1002.0,99,6,,,
1854,30,4,1,21,10,2,99,1,61,9,1.0,2.0,9999.0,1,2012,,1855,10,1,1002.0,99,6,,,
1855,30,4,1,15,2,2,99,1,40,9,3.0,9.0,1989.0,1,2012,,1856,7,1,208.0,99,6,,,
1856,30,4,1,15,2,2,99,1,44,9,6.0,3.0,2006.0,1,2012,,1857,7,1,208.0,99,6,,,
1857,30,4,1,14,18,1,99,2,37,9,14.0,99.0,9999.0,1,2012,,1858,6,1,1805.0,99,6,,,
1858,30,4,1,14,18,1,99,1,24,9,14.0,99.0,9999.0,1,2012,,1859,3,1,1805.0,99,6,,,
1859,30,4,1,20,17,1,99,1,19,9,4.0,99.0,9999.0,1,2012,,1860,2,1,1712.0,99,6,,,
1860,30,4,1,20,17,1,99,9,999,9,3.0,99.0,9999.0,1,2012,,1861,11,9,1712.0,99,6,,,
1861,1,5,2,15,1,1,9,1,32,2,10.0,2.0,2005.0,1,2012,,1862,5,1,101.0,99,6,,,
1862,1,5,2,15,1,1,9,1,24,1,4.0,99.0,2011.0,1,2012,,1863,3,1,101.0,99,6,,,
1863,1,5,2,14,5,2,99,1,28,1,5.0,7.0,9999.0,1,2012,,1864,4,1,507.0,99,6,,,
1864,1,5,2,14,5,2,99,1,41,9,1.0,99.0,1997.0,1,2012,,1865,7,1,507.0,99,6,,,
1865,1,5,2,5,12,2,99,1,33,9,1.0,3.0,9999.0,1,2012,,1866,5,1,1201.0,99,6,,,
1866,1,5,2,5,12,2,99,9,999,9,5.0,99.0,9999.0,1,2012,,1867,11,9,1201.0,99,6,,,
1867,2,5,3,14,1,1,1,1,999,1,3.0,5.0,9999.0,1,2012,,1868,11,1,101.0,99,6,,,
1868,2,5,3,14,1,1,1,1,34,1,1.0,4.0,1998.0,1,2012,,1869,5,1,101.0,99,6,,,
1869,2,5,3,14,1,1,1,1,54,1,10.0,4.0,2007.0,1,2012,,1870,9,1,101.0,99,6,,,
1870,2,5,3,5,6,2,99,9,999,9,7.0,6.0,9999.0,3,2012,,1871,11,9,602.0,99,6,,,
1871,2,5,3,14,11,2,99,1,24,1,5.0,2.0,1990.0,1,2012,,1872,3,1,1107.0,99,6,,,
1872,2,5,3,14,11,2,99,1,22,1,4.0,3.0,9999.0,1,2012,,1873,3,1,1107.0,99,6,,,
1873,2,5,3,19,11,2,99,1,35,2,3.0,5.0,2007.0,1,2012,,1874,6,1,1103.0,99,6,,,
1874,2,5,3,19,11,2,99,1,32,9,9.0,99.0,9999.0,1,2012,,1875,5,1,1103.0,99,6,,,
1875,2,5,3,11,9,2,99,1,21,1,3.0,1.0,1985.0,2,2012,,1876,3,1,919.0,99,6,,,
1876,2,5,3,23,17,2,99,1,15,9,4.0,99.0,9999.0,2,2012,,1877,2,2,1704.0,99,6,,,
1877,2,5,3,16,17,2,99,9,999,9,1.0,99.0,9999.0,1,2012,,1878,11,9,1710.0,99,6,,,
1878,2,5,3,16,17,2,99,1,24,9,4.0,99.0,9999.0,1,2012,,1879,3,1,1710.0,99,6,,,
1879,2,5,3,21,7,2,99,1,27,1,3.0,4.0,9999.0,3,2012,,1880,4,1,701.0,99,6,,,
1880,3,5,4,12,5,2,99,1,36,1,11.0,2.0,2006.0,1,2012,,1881,6,1,511.0,99,6,,,
1881,3,5,4,12,5,2,99,1,37,1,6.0,1.0,9999.0,1,2012,,1882,6,1,511.0,99,6,,,
1882,3,5,4,12,5,1,99,2,28,1,1.0,4.0,2006.0,1,2012,,1883,4,1,501.0,99,6,,,
1883,3,5,4,12,5,1,99,1,25,1,4.0,3.0,1998.0,1,2012,,1884,4,1,501.0,99,6,,,
1884,3,5,4,19,6,1,3,1,50,2,5.0,2.0,9999.0,1,2012,,1885,9,1,601.0,99,6,,,
1885,3,5,4,19,6,1,3,9,999,9,3.0,5.0,9999.0,1,2012,,1886,11,9,601.0,99,6,,,
1886,3,5,4,16,14,1,2,1,18,9,4.0,5.0,9999.0,1,2012,,1887,2,1,1401.0,99,6,,,
1887,3,5,4,16,14,1,2,9,999,9,5.0,2.0,9999.0,1,2012,,1888,11,9,1401.0,99,6,,,
1888,3,5,4,21,4,2,99,9,999,9,7.0,7.0,9999.0,2,2012,,1889,11,9,406.0,99,6,,,
1889,3,5,4,22,3,2,99,1,31,9,1.0,10.0,1998.0,1,2012,,1890,5,1,303.0,99,6,,,
1890,3,5,4,22,3,2,99,9,999,9,1.0,4.0,1998.0,1,2012,,1891,11,9,303.0,99,6,,,
1891,4,5,5,20,1,2,99,1,999,9,3.0,1.0,1984.0,1,2012,,1892,11,1,105.0,99,6,,,
1892,4,5,5,20,1,2,99,1,32,9,6.0,3.0,1988.0,1,2012,,1893,5,1,105.0,99,6,,,
1893,4,5,5,7,1,1,18,1,48,9,6.0,2.0,1994.0,1,2012,,1894,8,1,101.0,99,6,,,
1894,4,5,5,7,1,1,18,1,52,9,5.0,2.0,1986.0,1,2012,,1895,9,1,101.0,99,6,,,
1895,4,5,5,7,1,1,18,1,26,9,5.0,2.0,9999.0,1,2012,,1896,4,1,101.0,99,6,,,
1896,4,5,5,15,1,1,5,1,30,9,2.0,11.0,2003.0,1,2012,,1897,5,1,101.0,99,6,,,
1897,4,5,5,15,1,1,5,1,26,9,4.0,5.0,9999.0,1,2012,,1898,4,1,101.0,99,6,,,
1898,4,5,5,23,1,1,12,1,22,9,1.0,2.0,9999.0,1,2012,,1899,3,1,101.0,99,6,,,
1899,4,5,5,23,1,1,12,1,40,9,2.0,4.0,9999.0,1,2012,,1900,7,1,101.0,99,6,,,
1900,4,5,5,13,1,2,99,2,28,9,3.0,99.0,9999.0,3,2012,,1901,4,1,114.0,99,6,,,
1901,4,5,5,20,11,2,99,9,999,9,3.0,3.0,9999.0,2,2012,,1902,11,9,1105.0,99,6,,,
1902,4,5,5,20,11,2,99,9,999,9,3.0,3.0,9999.0,2,2012,,1903,11,9,1105.0,99,6,,,
1903,4,5,5,15,9,1,9,1,26,9,3.0,4.0,1987.0,1,2012,,1904,4,1,901.0,99,6,,,
1904,4,5,5,15,9,1,9,1,17,9,4.0,1.0,1986.0,1,2012,,1905,2,2,901.0,99,6,,,
1905,4,5,5,8,2,2,99,2,999,9,9.0,4.0,1998.0,1,2012,,1906,11,1,208.0,99,6,,,
1906,4,5,5,8,2,2,99,1,999,9,6.0,2.0,9999.0,1,2012,,1907,11,1,208.0,99,6,,,
1907,5,5,6,15,1,2,99,1,64,1,1.0,4.0,1999.0,1,2012,,1908,10,1,102.0,99,6,,,
1908,5,5,6,15,1,2,99,1,35,1,7.0,1.0,1995.0,1,2012,,1909,6,1,102.0,99,6,,,
1909,5,5,6,15,22,2,99,1,27,1,2.0,9.0,1998.0,3,2012,,1910,4,1,2201.0,99,6,,,
1910,5,5,6,6,6,2,99,1,62,1,6.0,2.0,1999.0,1,2012,,1911,10,1,602.0,99,6,,,
1911,5,5,6,6,6,2,99,1,42,1,7.0,2.0,1992.0,1,2012,,1912,7,1,602.0,99,6,,,
1912,5,5,6,4,10,2,99,1,23,9,3.0,2.0,1997.0,1,2012,,1913,3,1,1001.0,99,6,,,
1913,5,5,6,4,10,2,99,9,999,9,5.0,2.0,9999.0,1,2012,,1914,11,9,1001.0,99,6,,,
1914,5,5,6,15,10,2,99,2,42,2,9.0,6.0,9999.0,3,2012,,1915,7,1,1010.0,99,6,,,
1915,5,5,6,18,16,2,99,9,999,9,1.0,7.0,9999.0,1,2012,,1916,11,9,1601.0,99,6,,,
1916,5,5,6,18,16,2,99,9,999,9,1.0,14.0,2009.0,1,2012,,1917,11,9,1601.0,99,6,,,
1917,5,5,6,8,14,2,99,9,999,9,9.0,2.0,9999.0,2,2012,,1918,11,9,1401.0,99,6,,,
1918,5,5,6,16,14,1,1,1,29,2,4.0,2.0,9999.0,1,2012,,1919,4,1,1401.0,99,6,,,
1919,5,5,6,16,14,1,1,1,27,2,3.0,1.0,1988.0,1,2012,,1920,4,1,1401.0,99,6,,,
1920,5,5,6,19,7,2,99,1,27,2,4.0,1.0,9999.0,1,2012,,1921,4,1,709.0,99,6,,,
1921,5,5,6,19,7,2,99,1,36,2,9.0,1.0,9999.0,1,2012,,1922,6,1,709.0,99,6,,,
1922,5,5,6,10,4,2,99,1,22,1,4.0,1.0,9999.0,2,2012,,1923,3,1,401.0,99,6,,,
1923,6,5,7,3,1,1,9,1,22,1,3.0,5.0,9999.0,1,2012,,1924,3,1,101.0,99,6,,,
1924,6,5,7,3,1,1,9,1,22,1,1.0,6.0,9999.0,1,2012,,1925,3,1,101.0,99,6,,,
1925,6,5,7,13,1,1,1,1,22,9,3.0,6.0,9999.0,1,2012,,1926,3,1,101.0,99,6,,,
1926,6,5,7,13,1,1,1,1,26,9,1.0,2.0,9999.0,1,2012,,1927,4,1,101.0,99,6,,,
1927,6,5,7,12,1,1,9,1,42,9,6.0,1.0,1982.0,1,2012,,1928,7,1,101.0,99,6,,,
1928,6,5,7,12,1,1,9,1,27,9,2.0,1.0,1996.0,1,2012,,1929,4,1,101.0,99,6,,,
1929,6,5,7,2,1,1,15,1,23,9,1.0,3.0,9999.0,2,2012,,1930,3,1,101.0,99,6,,,
1930,6,5,7,17,1,1,10,1,29,9,4.0,5.0,2007.0,1,2012,,1931,4,1,101.0,99,6,,,
1931,6,5,7,17,1,1,10,1,26,9,1.0,5.0,1998.0,1,2012,,1932,4,1,101.0,99,6,,,
1932,6,5,7,1,1,1,11,1,17,1,2.0,3.0,9999.0,1,2012,,1933,2,1,101.0,99,6,,,
1933,6,5,7,1,1,1,11,9,999,9,2.0,10.0,9999.0,1,2012,,1934,11,9,101.0,99,6,,,
1934,6,5,7,0,5,2,99,1,25,1,4.0,3.0,9999.0,1,2012,,1935,4,1,501.0,99,6,,,
1935,6,5,7,0,5,2,99,1,77,1,1.0,9.0,1990.0,1,2012,,1936,10,1,501.0,99,6,,,
1936,6,5,7,22,5,2,99,1,43,9,4.0,5.0,2009.0,1,2012,,1937,7,1,501.0,99,6,,,
1937,6,5,7,22,5,2,99,1,24,9,4.0,5.0,2011.0,1,2012,,1938,3,1,501.0,99,6,,,
1938,6,5,7,20,6,2,99,9,999,9,2.0,2.0,2000.0,2,2012,,1939,11,9,614.0,99,6,,,
1939,6,5,7,0,9,2,99,1,57,9,7.0,1.0,1997.0,2,2012,,1940,10,1,920.0,99,6,,,
1940,6,5,7,13,13,2,99,9,999,9,3.0,2.0,9999.0,3,2012,,1941,11,9,1301.0,99,6,,,
1941,6,5,7,19,17,2,99,1,53,9,5.0,2.0,9999.0,1,2012,,1942,9,1,1701.0,99,6,,,
1942,6,5,7,19,17,2,99,1,37,9,5.0,3.0,9999.0,1,2012,,1943,6,1,1701.0,99,6,,,
1943,6,5,7,12,4,2,99,1,26,1,1.0,2.0,9999.0,4,2012,,1944,4,1,401.0,99,6,,,
1944,7,5,1,4,1,2,11,1,22,9,1.0,10.0,9999.0,1,2012,,1945,3,1,101.0,99,6,,,
1945,7,5,1,4,1,2,11,1,22,9,1.0,3.0,9999.0,1,2012,,1946,3,1,101.0,99,6,,,
1946,7,5,1,19,21,2,99,1,30,9,4.0,1.0,9999.0,2,2012,,1947,5,1,2101.0,99,6,,,
1947,7,5,1,11,16,2,99,1,54,9,4.0,5.0,9999.0,1,2012,,1948,9,1,1613.0,99,6,,,
1948,7,5,1,11,16,2,99,9,999,9,3.0,3.0,9999.0,1,2012,,1949,11,9,1613.0,99,6,,,
1949,7,5,1,18,2,2,99,1,54,9,2.0,5.0,2005.0,1,2012,,1950,9,1,201.0,99,6,,,
1950,7,5,1,18,2,2,99,1,25,9,4.0,5.0,2009.0,1,2012,,1951,4,1,201.0,99,6,,,
1951,7,5,1,11,18,2,99,1,44,9,3.0,4.0,2007.0,1,2012,,1952,7,1,1801.0,99,6,,,
1952,7,5,1,11,18,2,99,1,18,9,4.0,5.0,9999.0,1,2012,,1953,2,1,1801.0,99,6,,,
1953,7,5,1,20,17,2,99,1,24,9,4.0,99.0,9999.0,3,2012,,1954,3,1,1701.0,99,6,,,
1954,8,5,2,17,1,1,1,2,37,9,2.0,4.0,2007.0,1,2012,,1955,6,1,101.0,99,6,,,
1955,8,5,2,17,1,1,1,1,45,9,4.0,3.0,9999.0,1,2012,,1956,8,1,101.0,99,6,,,
1956,8,5,2,4,1,2,99,9,999,9,7.0,99.0,9999.0,2,2012,,1957,11,9,105.0,99,6,,,
1957,8,5,2,20,20,2,99,1,28,2,9.0,6.0,9999.0,2,2012,,1958,4,1,2001.0,99,6,,,
1958,8,5,2,13,5,2,99,1,67,9,3.0,2.0,1999.0,2,2012,,1959,10,1,503.0,99,6,,,
1959,8,5,2,21,10,2,99,1,30,9,3.0,5.0,2007.0,1,2012,,1960,5,1,1001.0,99,6,,,
1960,8,5,2,21,10,2,99,9,999,9,5.0,1.0,9999.0,1,2012,,1961,11,9,1001.0,99,6,,,
1961,8,5,2,7,12,2,99,1,31,9,5.0,1.0,9999.0,1,2012,,1962,5,1,1201.0,99,6,,,
1962,8,5,2,7,12,2,99,1,33,9,2.0,6.0,1995.0,1,2012,,1963,5,1,1201.0,99,6,,,
1963,8,5,2,18,13,2,99,1,33,9,3.0,2.0,9999.0,1,2012,,1964,5,1,1301.0,99,6,,,
1964,8,5,2,18,13,2,99,1,38,9,4.0,99.0,9999.0,1,2012,,1965,6,1,1301.0,99,6,,,
1965,8,5,2,11,18,2,99,1,49,9,2.0,3.0,9999.0,2,2012,,1966,8,1,1801.0,99,6,,,
1966,9,5,3,14,1,1,1,1,29,9,12.0,6.0,9999.0,1,2012,,1967,4,1,101.0,99,6,,,
1967,9,5,3,14,1,1,1,1,24,9,1.0,4.0,9999.0,1,2012,,1968,3,1,101.0,99,6,,,
1968,9,5,3,9,1,1,1,1,29,9,1.0,1.0,1991.0,1,2012,,1969,4,1,101.0,99,6,,,
1969,9,5,3,9,1,1,1,1,39,9,3.0,5.0,9999.0,1,2012,,1970,6,1,101.0,99,6,,,
1970,9,5,3,21,1,1,15,1,24,9,4.0,1.0,9999.0,1,2012,,1971,3,1,101.0,99,6,,,
1971,9,5,3,21,1,1,15,9,999,9,1.0,99.0,9999.0,1,2012,,1972,11,9,101.0,99,6,,,
1972,9,5,3,18,1,2,99,1,41,9,7.0,6.0,1990.0,1,2012,,1973,7,1,110.0,99,6,,,
1973,9,5,3,18,1,2,99,1,43,9,4.0,3.0,9999.0,1,2012,,1974,7,1,110.0,99,6,,,
1974,9,5,3,19,5,2,99,1,30,2,3.0,4.0,9999.0,3,2012,,1975,5,1,501.0,99,6,,,
1975,9,5,3,23,12,2,99,9,999,9,1.0,1.0,9999.0,1,2012,,1976,11,9,1204.0,99,6,,,
1976,9,5,3,23,12,2,99,1,999,9,4.0,3.0,9999.0,1,2012,,1977,11,1,1204.0,99,6,,,
1977,9,5,3,10,12,1,99,1,20,9,4.0,99.0,9999.0,3,2012,,1978,3,1,1207.0,99,6,,,
1978,9,5,3,14,17,1,99,1,28,9,4.0,99.0,9999.0,1,2012,,1979,4,1,1703.0,99,6,,,
1979,9,5,3,14,17,1,99,2,20,9,4.0,1.0,9999.0,1,2012,,1980,3,1,1703.0,99,6,,,
1980,10,5,4,22,1,1,8,1,20,9,1.0,3.0,9999.0,1,2012,,1981,3,1,101.0,99,6,,,
1981,10,5,4,22,1,1,8,1,32,9,1.0,4.0,9999.0,1,2012,,1982,5,1,101.0,99,6,,,
1982,10,5,4,22,1,1,18,1,34,1,10.0,2.0,2007.0,1,2012,,1983,5,1,101.0,99,6,,,
1983,10,5,4,22,1,1,18,1,49,1,1.0,7.0,2001.0,1,2012,,1984,8,1,101.0,99,6,,,
1984,10,5,4,2,1,1,12,1,35,9,4.0,2.0,9999.0,1,2012,,1985,6,1,101.0,99,6,,,
1985,10,5,4,2,1,1,12,9,999,9,1.0,99.0,9999.0,1,2012,,1986,11,9,101.0,99,6,,,
1986,10,5,4,7,19,2,99,1,40,1,6.0,3.0,1997.0,1,2012,,1987,7,1,1901.0,99,6,,,
1987,10,5,4,7,19,2,99,1,27,1,3.0,2.0,2010.0,1,2012,,1988,4,1,1901.0,99,6,,,
1988,10,5,4,1,19,2,99,1,25,1,2.0,2.0,9999.0,2,2012,,1989,4,1,1902.0,99,6,,,
1989,10,5,4,21,5,2,99,1,35,1,3.0,16.0,1996.0,1,2012,,1990,6,1,502.0,99,6,,,
1990,10,5,4,21,5,2,99,1,22,9,4.0,1.0,9999.0,1,2012,,1991,3,1,502.0,99,6,,,
1991,10,5,4,6,5,2,99,1,27,1,3.0,99.0,9999.0,4,2012,,1992,4,1,509.0,99,6,,,
1992,10,5,4,2,5,2,99,1,25,1,2.0,5.0,9999.0,2,2012,,1993,4,1,501.0,99,6,,,
1993,10,5,4,9,7,2,99,2,30,1,1.0,4.0,2006.0,1,2012,,1994,5,1,701.0,99,6,,,
1994,10,5,4,9,7,2,99,1,47,1,4.0,1.0,2011.0,1,2012,,1995,8,1,701.0,99,6,,,
1995,11,5,5,22,22,2,99,1,18,9,4.0,5.0,9999.0,1,2012,,1996,2,1,2201.0,99,6,,,
1996,11,5,5,22,22,2,99,2,21,9,4.0,5.0,9999.0,1,2012,,1997,3,1,2201.0,99,6,,,
1997,11,5,5,22,22,2,99,1,23,9,4.0,4.0,9999.0,1,2012,,1998,3,1,2201.0,99,6,,,
1998,11,5,5,22,22,2,99,1,19,2,1.0,6.0,1988.0,1,2012,,1999,2,1,2201.0,99,6,,,
1999,11,5,5,22,10,2,99,1,34,2,2.0,5.0,2005.0,1,2012,,2000,5,1,1001.0,99,6,,,
2000,11,5,5,22,10,2,99,9,999,9,5.0,1.0,9999.0,1,2012,,2001,11,9,1001.0,99,6,,,
2001,11,5,5,2,18,2,99,1,24,1,3.0,5.0,9999.0,2,2012,,2002,3,1,1801.0,99,6,,,
2002,11,5,5,17,14,2,99,1,19,9,4.0,99.0,9999.0,2,2012,,2003,2,1,1419.0,99,6,,,
2003,11,5,5,5,7,2,99,1,24,1,5.0,2.0,9999.0,1,2012,,2004,3,1,701.0,99,6,,,
2004,11,5,5,5,7,2,99,1,32,1,3.0,5.0,9999.0,1,2012,,2005,5,1,701.0,99,6,,,
2005,12,5,6,7,1,2,99,1,21,2,1.0,99.0,9999.0,99,2012,,2006,3,1,102.0,99,6,,,
2006,12,5,6,7,1,2,99,1,35,9,4.0,99.0,9999.0,99,2012,,2007,6,1,102.0,99,6,,,
2007,12,5,6,20,20,2,99,9,999,9,1.0,99.0,9999.0,1,2012,,2008,11,9,2001.0,99,6,,,
2008,12,5,6,20,20,2,99,1,30,9,4.0,99.0,9999.0,1,2012,,2009,5,1,2001.0,99,6,,,
2009,12,5,6,14,5,1,99,1,25,9,4.0,99.0,9999.0,2,2012,,2010,4,1,511.0,99,6,,,
2010,12,5,6,17,11,2,99,1,26,1,3.0,2.0,1984.0,1,2012,,2011,4,1,1105.0,99,6,,,
2011,12,5,6,17,11,2,99,1,27,1,4.0,5.0,1997.0,1,2012,,2012,4,1,1105.0,99,6,,,
2012,12,5,6,18,8,2,99,9,999,9,3.0,99.0,9999.0,3,2012,,2013,11,9,808.0,99,6,,,
2013,12,5,6,18,17,1,99,9,999,9,3.0,5.0,9999.0,1,2012,,2014,11,9,1708.0,99,6,,,
2014,12,5,6,18,17,1,99,1,16,1,4.0,99.0,9999.0,1,2012,,2015,2,2,1708.0,99,6,,,
2015,13,5,7,21,1,1,12,9,999,9,1.0,1.0,9999.0,1,2012,,2016,11,9,101.0,99,6,,,
2016,13,5,7,21,1,1,12,1,41,9,4.0,1.0,2012.0,1,2012,,2017,7,1,101.0,99,6,,,
2017,13,5,7,12,21,2,99,1,34,9,3.0,9.0,9999.0,4,2012,,2018,5,1,2102.0,99,6,,,
2018,13,5,7,8,2,2,99,1,28,9,6.0,2.0,9999.0,4,2012,,2019,4,1,201.0,99,6,,,
2019,14,5,1,16,1,2,99,1,33,9,1.0,3.0,9999.0,2,2012,,2020,5,1,113.0,99,6,,,
2020,14,5,1,20,1,2,99,2,38,9,1.0,6.0,9999.0,1,2012,,2021,6,1,113.0,99,6,,,
2021,14,5,1,20,1,2,99,1,43,9,3.0,3.0,9999.0,1,2012,,2022,7,1,113.0,99,6,,,
2022,14,5,1,7,15,2,99,1,38,9,7.0,14.0,9999.0,1,2012,,2023,6,1,1501.0,99,6,,,
2023,14,5,1,7,15,2,99,2,16,9,1.0,1.0,2004.0,1,2012,,2024,2,1,1501.0,99,6,,,
2024,14,5,1,21,18,2,99,1,25,1,1.0,1.0,2006.0,1,2012,,2025,4,1,1801.0,99,6,,,
2025,14,5,1,21,18,2,99,1,52,1,3.0,6.0,9999.0,1,2012,,2026,9,1,1801.0,99,6,,,
2026,14,5,1,21,18,2,99,1,16,1,4.0,1.0,9999.0,1,2012,,2027,2,1,1801.0,99,6,,,
2027,15,5,2,20,1,1,9,1,32,1,1.0,4.0,9999.0,1,2012,,2028,5,1,101.0,99,6,,,
2028,15,5,2,20,1,1,9,1,999,1,4.0,6.0,9999.0,1,2012,,2029,11,1,101.0,99,6,,,
2029,15,5,2,16,1,1,3,1,30,1,1.0,5.0,9999.0,1,2012,,2030,5,1,101.0,99,6,,,
2030,15,5,2,16,1,1,3,9,999,9,3.0,5.0,9999.0,1,2012,,2031,11,9,101.0,99,6,,,
2031,15,5,2,21,1,1,7,1,22,1,3.0,1.0,9999.0,1,2012,,2032,3,1,101.0,99,6,,,
2032,15,5,2,21,1,1,7,9,999,9,4.0,99.0,9999.0,1,2012,,2033,11,9,101.0,99,6,,,
2033,15,5,2,15,1,2,99,1,29,1,3.0,11.0,1993.0,1,2012,,2034,4,1,110.0,99,6,,,
2034,15,5,2,15,1,2,99,9,999,9,5.0,99.0,9999.0,1,2012,,2035,11,9,110.0,99,6,,,
2035,15,5,2,6,21,2,99,1,33,1,4.0,3.0,9999.0,1,2012,,2036,5,1,2101.0,99,6,,,
2036,15,5,2,6,21,2,99,1,21,1,4.0,5.0,9999.0,1,2012,,2037,3,1,2101.0,99,6,,,
2037,15,5,2,19,5,2,99,1,60,9,3.0,1.0,1996.0,1,2012,,2038,10,1,501.0,99,6,,,
2038,15,5,2,19,5,2,99,1,28,9,4.0,1.0,2007.0,1,2012,,2039,4,1,501.0,99,6,,,
2039,15,5,2,15,10,2,99,1,28,9,3.0,5.0,9999.0,3,2012,,2040,4,1,1004.0,99,6,,,
2040,15,5,2,0,12,2,99,1,17,1,4.0,99.0,9999.0,3,2012,,2041,2,2,1201.0,99,6,,,
2041,15,5,2,5,16,2,99,1,42,1,3.0,4.0,2011.0,1,2012,,2042,7,1,1601.0,99,6,,,
2042,15,5,2,5,16,2,99,1,48,1,5.0,2.0,1983.0,1,2012,,2043,8,1,1601.0,99,6,,,
2043,15,5,2,13,16,1,6,1,28,1,4.0,1.0,9999.0,1,2012,,2044,4,1,1601.0,99,6,,,
2044,15,5,2,13,16,1,6,1,17,1,3.0,1.0,2008.0,1,2012,,2045,2,2,1601.0,99,6,,,
2045,15,5,2,19,15,2,99,1,22,1,4.0,1.0,2011.0,1,2012,,2046,3,1,1501.0,99,6,,,
2046,15,5,2,19,15,2,99,1,37,2,4.0,2.0,9999.0,1,2012,,2047,6,1,1501.0,99,6,,,
2047,15,5,2,1,3,2,99,1,25,1,4.0,2.0,2011.0,4,2012,,2048,4,1,314.0,99,6,,,
2048,16,5,3,2,2,2,99,9,999,9,5.0,2.0,9999.0,4,2012,,2049,11,9,201.0,99,6,,,
2049,16,5,3,0,13,2,99,1,34,9,3.0,1.0,9999.0,4,2012,,2050,5,1,1301.0,99,6,,,
2050,16,5,3,16,1,2,99,1,27,1,12.0,5.0,9999.0,2,2012,,2051,4,1,110.0,99,6,,,
2051,16,5,3,1,16,2,99,1,25,1,5.0,2.0,1992.0,1,2012,,2052,4,1,1616.0,99,6,,,
2052,16,5,3,1,16,2,99,9,999,1,12.0,2.0,2007.0,1,2012,,2053,11,9,1616.0,99,6,,,
2053,16,5,3,23,22,2,99,1,32,9,4.0,1.0,2008.0,2,2012,,2054,5,1,2214.0,99,6,,,
2054,16,5,3,21,2,1,99,1,30,9,2.0,11.0,9999.0,1,2012,,2055,5,1,207.0,99,6,,,
2055,16,5,3,21,2,1,99,1,44,9,5.0,1.0,2009.0,1,2012,,2056,7,1,207.0,99,6,,,
2056,16,5,3,21,18,2,99,1,999,9,6.0,6.0,9999.0,1,2012,,2057,11,1,1802.0,99,6,,,
2057,16,5,3,21,18,2,99,1,50,9,6.0,11.0,1986.0,1,2012,,2058,9,1,1802.0,99,6,,,
2058,16,5,3,9,3,1,99,1,44,9,9.0,3.0,2008.0,1,2012,,2059,7,1,301.0,99,6,,,
2059,16,5,3,9,3,1,99,1,28,9,4.0,3.0,2011.0,1,2012,,2060,4,1,301.0,99,6,,,
2060,16,5,3,15,7,1,99,1,59,9,1.0,4.0,9999.0,4,2012,,2061,10,1,701.0,99,6,,,
2061,17,5,4,3,1,1,3,2,41,2,3.0,1.0,9999.0,1,2012,,2062,7,1,108.0,99,6,,,
2062,17,5,4,3,1,1,3,1,60,1,9.0,3.0,9999.0,1,2012,,2063,10,1,108.0,99,6,,,
2063,17,5,4,20,19,2,99,1,15,1,4.0,99.0,9999.0,3,2012,,2064,2,1,1903.0,99,6,,,
2064,17,5,4,0,11,1,1,1,26,2,14.0,1.0,9999.0,2,2012,,2065,4,1,1101.0,99,6,,,
2065,17,5,4,21,16,1,1,1,52,2,1.0,3.0,1997.0,3,2012,,2066,9,1,1601.0,99,6,,,
2066,17,5,4,13,14,2,99,1,38,1,3.0,4.0,2007.0,1,2012,,2067,6,1,1406.0,99,6,,,
2067,17,5,4,13,14,2,99,1,32,1,9.0,99.0,9999.0,1,2012,,2068,5,1,1406.0,99,6,,,
2068,17,5,4,22,3,2,99,1,20,1,1.0,6.0,9999.0,1,2012,,2069,3,1,301.0,99,6,,,
2069,17,5,4,22,3,2,99,1,20,1,1.0,1.0,9999.0,1,2012,,2070,3,1,301.0,99,6,,,
2070,18,5,5,6,1,1,7,1,35,1,4.0,1.0,9999.0,1,2012,,2071,6,1,101.0,99,6,,,
2071,18,5,5,6,1,1,7,9,999,9,12.0,7.0,9999.0,1,2012,,2072,11,9,101.0,99,6,,,
2072,18,5,5,15,21,1,1,1,30,2,5.0,2.0,2008.0,1,2012,,2073,5,1,2101.0,99,6,,,
2073,18,5,5,15,21,1,1,9,999,9,3.0,14.0,9999.0,1,2012,,2074,11,9,2101.0,99,6,,,
2074,18,5,5,11,19,2,99,1,33,1,5.0,99.0,9999.0,3,2012,,2075,5,1,1903.0,99,6,,,
2075,18,5,5,23,17,2,99,1,27,2,4.0,1.0,9999.0,4,2012,,2076,4,1,1705.0,99,6,,,
2076,18,5,5,18,17,2,99,1,56,1,2.0,3.0,2001.0,1,2012,,2077,10,1,1701.0,99,6,,,
2077,18,5,5,18,17,2,99,1,27,2,4.0,1.0,2007.0,1,2012,,2078,4,1,1701.0,99,6,,,
2078,18,5,5,11,14,2,99,1,37,1,9.0,2.0,9999.0,3,2012,,2079,6,1,1414.0,99,6,,,
2079,18,5,5,12,14,2,99,1,42,1,2.0,4.0,9999.0,4,2012,,2080,7,1,1406.0,99,6,,,
2080,18,5,5,10,7,2,99,1,49,1,4.0,99.0,9999.0,2,2012,,2081,8,1,701.0,99,6,,,
2081,19,5,6,19,1,1,11,1,22,2,2.0,3.0,2008.0,1,2012,,2082,3,1,101.0,99,6,,,
2082,19,5,6,19,1,1,11,1,32,1,1.0,4.0,9999.0,2,2012,,2083,5,1,108.0,99,6,,,
2083,19,5,6,15,20,2,99,1,19,1,4.0,1.0,9999.0,4,2012,,2084,2,1,2006.0,99,6,,,
2084,19,5,6,10,5,1,1,2,34,1,1.0,14.0,2000.0,1,2012,,2085,5,1,502.0,99,6,,,
2085,19,5,6,10,5,1,1,1,28,1,4.0,99.0,9999.0,1,2012,,2086,4,1,502.0,99,6,,,
2086,19,5,6,22,9,1,7,1,24,1,2.0,4.0,9999.0,1,2012,,2087,3,1,901.0,99,6,,,
2087,19,5,6,22,9,1,7,9,999,1,1.0,3.0,9999.0,1,2012,,2088,11,9,901.0,99,6,,,
2088,19,5,6,9,9,1,1,1,19,1,1.0,9.0,9999.0,2,2012,,2089,2,1,901.0,99,6,,,
2089,19,5,6,19,9,1,4,1,34,1,3.0,99.0,9999.0,1,2012,,2090,5,1,920.0,99,6,,,
2090,19,5,6,19,9,1,4,9,999,1,3.0,1.0,1991.0,1,2012,,2091,11,9,920.0,99,6,,,
2091,19,5,6,19,9,1,4,1,48,1,4.0,1.0,2007.0,1,2012,,2092,8,1,920.0,99,6,,,
2092,19,5,6,21,13,2,99,1,30,1,3.0,99.0,9999.0,1,2012,,2093,5,1,1304.0,99,6,,,
2093,19,5,6,21,13,2,99,1,999,1,3.0,1.0,2003.0,1,2012,,2094,11,1,1304.0,99,6,,,
2094,19,5,6,0,17,2,99,1,25,1,4.0,14.0,9999.0,1,2012,,2095,4,1,1705.0,99,6,,,
2095,19,5,6,0,17,2,99,9,999,1,6.0,2.0,9999.0,1,2012,,2096,11,9,1705.0,99,6,,,
2096,19,5,6,20,14,2,99,1,21,1,12.0,99.0,9999.0,3,2012,,2097,3,1,1420.0,99,6,,,
2097,20,5,7,19,1,1,1,1,46,1,12.0,99.0,9999.0,1,2012,,2098,8,1,101.0,99,6,,,
2098,20,5,7,19,1,1,1,1,56,1,11.0,99.0,9999.0,1,2012,,2099,10,1,101.0,99,6,,,
2099,20,5,7,10,1,1,1,1,27,1,1.0,6.0,9999.0,1,2012,,2100,4,1,101.0,99,6,,,
2100,20,5,7,10,1,1,1,2,63,1,2.0,3.0,9999.0,1,2012,,2101,10,1,101.0,99,6,,,
2101,20,5,7,1,1,1,6,1,27,2,2.0,4.0,9999.0,2,2012,,2102,4,1,101.0,99,6,,,
2102,20,5,7,9,1,2,99,1,42,1,8.0,1.0,1989.0,4,2012,,2103,7,1,104.0,99,6,,,
2103,20,5,7,1,1,1,10,1,65,1,2.0,6.0,2001.0,2,2012,,2104,10,1,101.0,99,6,,,
2104,20,5,7,1,1,1,7,1,19,1,4.0,1.0,2009.0,2,2012,,2105,2,1,101.0,99,6,,,
2105,20,5,7,18,1,1,12,1,25,2,1.0,6.0,2001.0,1,2012,,2106,4,1,101.0,99,6,,,
2106,20,5,7,18,1,1,12,1,41,1,1.0,1.0,1995.0,1,2012,,2107,7,1,101.0,99,6,,,
2107,20,5,7,7,1,1,6,1,21,1,2.0,6.0,2001.0,1,2012,,2108,3,1,108.0,99,6,,,
2108,20,5,7,7,1,1,6,1,40,2,1.0,6.0,1995.0,1,2012,,2109,7,1,108.0,99,6,,,
2109,20,5,7,15,19,2,99,2,20,1,3.0,14.0,2002.0,1,2012,,2110,3,1,1901.0,99,6,,,
2110,20,5,7,15,19,2,99,1,23,1,9.0,3.0,2004.0,1,2012,,2111,3,1,1901.0,99,6,,,
2111,20,5,7,16,6,2,99,1,67,1,3.0,3.0,1974.0,1,2012,,2112,10,1,602.0,99,6,,,
2112,20,5,7,16,6,2,99,1,32,1,3.0,99.0,9999.0,1,2012,,2113,5,1,602.0,99,6,,,
2113,20,5,7,16,6,2,99,1,55,1,7.0,6.0,1987.0,1,2012,,2114,10,1,602.0,99,6,,,
2114,20,5,7,19,6,2,99,1,21,2,1.0,4.0,9999.0,1,2012,,2115,3,1,608.0,99,6,,,
2115,20,5,7,19,6,2,99,1,29,1,5.0,2.0,1986.0,1,2012,,2116,4,1,608.0,99,6,,,
2116,20,5,7,9,12,2,99,1,999,1,3.0,5.0,9999.0,2,2012,,2117,11,1,1202.0,99,6,,,
2117,20,5,7,10,16,2,99,1,24,1,3.0,3.0,1985.0,3,2012,,2118,3,1,1606.0,99,6,,,
2118,20,5,7,16,2,2,99,2,57,1,4.0,1.0,9999.0,4,2012,,2119,10,1,201.0,99,6,,,
2119,20,5,7,18,14,1,1,1,29,2,1.0,9.0,1999.0,1,2012,,2120,4,1,1401.0,99,6,,,
2120,20,5,7,18,14,1,1,9,999,9,9.0,6.0,2000.0,1,2012,,2121,11,9,1401.0,99,6,,,
2121,20,5,7,17,4,2,99,1,21,1,4.0,4.0,2007.0,1,2012,,2122,3,1,406.0,99,6,,,
2122,20,5,7,17,4,2,99,9,999,9,1.0,99.0,9999.0,1,2012,,2123,11,9,406.0,99,6,,,
2123,21,5,1,16,12,2,99,9,999,9,1.0,99.0,9999.0,1,2012,,2124,11,9,1201.0,99,6,,,
2124,21,5,1,16,12,2,99,1,17,9,4.0,99.0,9999.0,1,2012,,2125,2,1,1201.0,99,6,,,
2125,21,5,1,20,15,2,99,1,28,9,4.0,5.0,2009.0,2,2012,,2126,4,1,1501.0,99,6,,,
2126,21,5,1,5,2,2,99,1,999,9,3.0,5.0,9999.0,3,2012,,2127,11,1,203.0,99,6,,,
2127,21,5,1,18,18,2,99,9,999,9,99.0,99.0,9999.0,1,2012,,2128,11,9,1804.0,99,6,,,
2128,21,5,1,18,18,2,99,1,20,9,4.0,99.0,9999.0,1,2012,,2129,3,1,1804.0,99,6,,,
2129,22,5,2,20,1,1,18,1,29,9,2.0,1.0,9999.0,1,2012,,2130,4,1,101.0,99,6,,,
2130,22,5,2,20,1,1,18,1,31,9,4.0,99.0,9999.0,1,2012,,2131,5,1,101.0,99,6,,,
2131,22,5,2,14,20,2,99,1,999,9,3.0,99.0,9999.0,1,2012,,2132,11,1,2007.0,99,6,,,
2132,22,5,2,14,20,2,99,1,999,9,4.0,99.0,9999.0,1,2012,,2133,11,1,2007.0,99,6,,,
2133,22,5,2,18,5,2,99,1,59,1,9.0,4.0,9999.0,2,2012,,2134,10,1,501.0,99,6,,,
2134,22,5,2,19,9,1,6,1,29,1,5.0,3.0,9999.0,2,2012,,2135,4,1,901.0,99,6,,,
2135,22,5,2,10,9,2,99,1,18,9,2.0,4.0,9999.0,3,2012,,2136,2,1,920.0,99,6,,,
2136,22,5,2,22,1,1,1,2,25,1,2.0,2.0,2001.0,1,2012,,2137,4,1,101.0,99,6,,,
2137,22,5,2,22,1,1,1,1,44,1,9.0,2.0,9999.0,1,2012,,2138,7,1,101.0,99,6,,,
2138,23,5,3,8,1,1,2,1,999,1,3.0,5.0,9999.0,1,2012,,2139,11,1,108.0,99,6,,,
2139,23,5,3,8,1,1,2,1,38,1,10.0,4.0,9999.0,1,2012,,2140,6,1,108.0,99,6,,,
2140,23,5,3,8,1,1,2,1,42,1,9.0,1.0,1997.0,1,2012,,2141,7,1,108.0,99,6,,,
2141,23,5,3,21,1,1,2,1,33,1,3.0,5.0,9999.0,1,2012,,2142,5,1,108.0,99,6,,,
2142,23,5,3,21,1,1,2,1,35,1,9.0,7.0,9999.0,1,2012,,2143,6,1,108.0,99,6,,,
2143,23,5,3,7,21,1,1,2,26,2,3.0,8.0,1988.0,2,2012,,2144,4,1,2101.0,99,6,,,
2144,23,5,3,16,10,2,99,1,29,1,5.0,2.0,1990.0,1,2012,,2145,4,1,1001.0,99,6,,,
2145,23,5,3,16,10,2,99,1,28,1,4.0,1.0,2008.0,1,2012,,2146,4,1,1001.0,99,6,,,
2146,23,5,3,19,9,1,3,1,31,2,3.0,4.0,9999.0,1,2012,,2147,5,1,901.0,99,6,,,
2147,23,5,3,19,9,1,3,1,36,1,1.0,2.0,9999.0,1,2012,,2148,6,1,901.0,99,6,,,
2148,23,5,3,7,8,2,99,1,43,1,5.0,2.0,1989.0,1,2012,,2149,7,1,801.0,99,6,,,
2149,23,5,3,7,8,2,99,1,33,1,3.0,1.0,2011.0,1,2012,,2150,5,1,801.0,99,6,,,
2150,23,5,3,14,3,2,99,1,20,1,4.0,5.0,2011.0,2,2012,,2151,3,1,301.0,99,6,,,
2151,24,5,4,11,1,1,9,1,999,9,4.0,3.0,9999.0,1,2012,,2152,11,1,101.0,99,6,,,
2152,24,5,4,11,1,1,9,1,54,9,1.0,4.0,2003.0,1,2012,,2153,9,1,101.0,99,6,,,
2153,24,5,4,21,1,1,18,1,29,9,4.0,99.0,9999.0,3,2012,,2154,4,1,101.0,99,6,,,
2154,24,5,4,22,1,1,19,1,33,2,2.0,5.0,2001.0,2,2012,,2155,5,1,101.0,99,6,,,
2155,24,5,4,9,19,2,99,9,999,9,3.0,1.0,9999.0,3,2012,,2156,11,9,1910.0,99,6,,,
2156,24,5,4,12,8,2,99,1,36,9,1.0,3.0,2008.0,2,2012,,2157,6,1,802.0,99,6,,,
2157,24,5,4,17,15,2,99,1,39,9,9.0,4.0,2004.0,3,2012,,2158,6,1,1502.0,99,6,,,
2158,25,5,5,1,1,1,9,2,39,9,1.0,99.0,9999.0,1,2012,,2159,6,1,101.0,99,6,,,
2159,25,5,5,1,1,1,9,2,48,9,1.0,2.0,9999.0,1,2012,,2160,8,1,101.0,99,6,,,
2160,25,5,5,6,1,1,2,1,38,9,13.0,7.0,9999.0,2,2012,,2161,6,1,109.0,99,6,,,
2161,25,5,5,12,11,2,99,9,999,9,3.0,4.0,9999.0,3,2012,,2162,11,9,1101.0,99,6,,,
2162,25,5,5,17,9,2,99,9,999,9,3.0,99.0,9999.0,2,2012,,2163,11,9,920.0,99,6,,,
2163,26,5,6,17,1,1,1,1,25,9,4.0,1.0,2007.0,1,2012,,2164,4,1,101.0,99,6,,,
2164,26,5,6,17,1,1,1,1,38,9,9.0,6.0,1998.0,1,2012,,2165,6,1,101.0,99,6,,,
2165,26,5,6,19,1,1,10,1,26,9,4.0,2.0,2000.0,1,2012,,2166,4,1,101.0,99,6,,,
2166,26,5,6,19,1,2,99,1,35,9,14.0,1.0,9999.0,1,2012,,2167,6,1,110.0,99,6,,,
2167,26,5,6,19,1,2,99,1,23,1,4.0,1.0,9999.0,1,2012,,2168,3,1,110.0,99,6,,,
2168,26,5,6,19,19,2,99,1,62,9,5.0,2.0,1997.0,1,2012,,2169,10,1,1904.0,99,6,,,
2169,26,5,6,19,19,2,99,9,999,9,3.0,2.0,9999.0,1,2012,,2170,11,9,1904.0,99,6,,,
2170,26,5,6,19,6,2,99,1,44,2,3.0,1.0,2006.0,2,2012,,2171,7,1,608.0,99,6,,,
2171,26,5,6,7,9,2,99,9,999,9,99.0,99.0,9999.0,1,2012,,2172,11,9,901.0,99,6,,,
2172,26,5,6,7,9,2,99,1,20,9,4.0,99.0,9999.0,1,2012,,2173,3,1,901.0,99,6,,,
2173,26,5,6,22,9,2,99,1,28,2,3.0,5.0,9999.0,2,2012,,2174,4,1,901.0,99,6,,,
2174,26,5,6,10,12,2,99,9,999,9,3.0,99.0,9999.0,1,2012,,2175,11,9,1215.0,99,6,,,
2175,26,5,6,10,12,2,99,9,999,9,3.0,4.0,9999.0,1,2012,,2176,11,9,1215.0,99,6,,,
2176,26,5,6,17,12,2,99,1,35,2,5.0,2.0,9999.0,1,2012,,2177,6,1,1207.0,99,6,,,
2177,26,5,6,17,12,2,99,9,999,9,3.0,5.0,9999.0,1,2012,,2178,11,9,1207.0,99,6,,,
2178,26,5,6,17,12,2,99,9,999,9,3.0,3.0,9999.0,1,2012,,2179,11,9,1207.0,99,6,,,
2179,26,5,6,6,13,2,99,9,999,9,3.0,2.0,9999.0,3,2012,,2180,11,9,1306.0,99,6,,,
2180,26,5,6,2,18,2,99,1,34,9,4.0,1.0,9999.0,2,2012,,2181,5,1,1801.0,99,6,,,
2181,26,5,6,21,14,2,99,1,48,9,3.0,4.0,1989.0,2,2012,,2182,8,1,1406.0,99,6,,,
2182,27,5,7,21,1,1,1,1,27,2,1.0,3.0,1994.0,1,2012,,2183,4,1,102.0,99,6,,,
2183,27,5,7,21,1,1,1,1,31,1,2.0,11.0,1999.0,1,2012,,2184,5,1,102.0,99,6,,,
2184,27,5,7,3,1,2,1,1,24,2,3.0,3.0,1991.0,1,2012,,2185,3,1,108.0,99,6,,,
2185,27,5,7,3,1,2,1,1,40,1,2.0,99.0,9999.0,1,2012,,2186,7,1,108.0,99,6,,,
2186,27,5,7,5,22,2,99,1,52,2,4.0,1.0,2007.0,3,2012,,2187,9,1,2202.0,99,6,,,
2187,27,5,7,16,22,2,99,1,29,9,4.0,1.0,1990.0,3,2012,,2188,4,1,2208.0,99,6,,,
2188,27,5,7,20,19,2,99,1,47,9,4.0,2.0,2011.0,1,2012,,2189,8,1,1902.0,99,6,,,
2189,27,5,7,20,19,2,99,1,21,2,99.0,99.0,9999.0,1,2012,,2190,3,1,1902.0,99,6,,,
2190,27,5,7,10,19,2,99,1,62,9,3.0,9.0,1999.0,2,2012,,2191,10,1,1904.0,99,6,,,
2191,27,5,7,10,11,2,99,1,31,9,3.0,2.0,2006.0,1,2012,,2192,5,1,1101.0,99,6,,,
2192,27,5,7,10,11,2,99,1,24,9,4.0,3.0,2012.0,1,2012,,2193,3,1,1101.0,99,6,,,
2193,27,5,7,15,8,2,99,9,999,9,3.0,2.0,9999.0,1,2012,,2194,11,9,802.0,99,6,,,
2194,27,5,7,15,8,2,99,1,42,9,4.0,1.0,9999.0,1,2012,,2195,7,1,802.0,99,6,,,
2195,27,5,7,3,16,2,99,1,36,2,3.0,1.0,1985.0,1,2012,,2196,6,1,1601.0,99,6,,,
2196,27,5,7,3,16,2,99,1,30,1,3.0,6.0,2004.0,1,2012,,2197,5,1,1601.0,99,6,,,
2197,28,5,1,4,1,1,12,9,999,9,3.0,4.0,9999.0,3,2012,,2198,11,9,101.0,99,6,,,
2198,28,5,1,20,1,1,1,1,28,2,3.0,2.0,9999.0,1,2012,,2199,4,1,111.0,99,6,,,
2199,28,5,1,20,1,1,1,9,999,9,10.0,3.0,2009.0,1,2012,,2200,11,9,111.0,99,6,,,
2200,28,5,1,18,20,1,1,1,32,1,4.0,5.0,2007.0,1,2012,,2201,5,1,2001.0,99,6,,,
2201,28,5,1,18,20,1,1,1,37,1,4.0,5.0,2007.0,1,2012,,2202,6,1,2001.0,99,6,,,
2202,28,5,1,21,9,1,2,1,29,2,1.0,8.0,9999.0,1,2012,,2203,4,1,923.0,99,6,,,
2203,28,5,1,21,9,1,2,1,999,1,1.0,4.0,9999.0,1,2012,,2204,11,1,923.0,99,6,,,
2204,28,5,1,21,9,1,2,9,999,9,4.0,1.0,2012.0,1,2012,,2205,11,9,923.0,99,6,,,
2205,28,5,1,0,9,1,1,1,19,2,1.0,1.0,9999.0,1,2012,,2206,2,1,920.0,99,6,,,
2206,28,5,1,0,9,1,1,2,21,1,4.0,1.0,9999.0,1,2012,,2207,3,1,920.0,99,6,,,
2207,28,5,1,22,12,2,99,9,999,9,3.0,6.0,9999.0,1,2012,,2208,11,9,1215.0,99,6,,,
2208,28,5,1,22,12,2,99,1,999,1,4.0,6.0,9999.0,1,2012,,2209,11,1,1215.0,99,6,,,
2209,28,5,1,13,12,2,99,9,999,9,3.0,3.0,9999.0,1,2012,,2210,11,9,1216.0,99,6,,,
2210,28,5,1,13,12,2,99,1,36,1,14.0,99.0,9999.0,1,2012,,2211,6,1,1216.0,99,6,,,
2211,28,5,1,17,16,2,99,1,26,9,5.0,2.0,2008.0,1,2012,,2212,4,1,1615.0,99,6,,,
2212,28,5,1,17,16,2,99,1,38,9,5.0,2.0,9999.0,1,2012,,2213,6,1,1615.0,99,6,,,
2213,28,5,1,13,2,2,99,1,44,2,5.0,2.0,1990.0,1,2012,,2214,7,1,208.0,99,6,,,
2214,28,5,1,13,2,2,99,1,999,1,3.0,2.0,2011.0,1,2012,,2215,11,1,208.0,99,6,,,
2215,28,5,1,18,17,2,99,1,22,1,4.0,99.0,9999.0,1,2012,,2216,3,1,1705.0,99,6,,,
2216,28,5,1,18,17,2,99,9,999,9,4.0,99.0,9999.0,1,2012,,2217,11,9,1705.0,99,6,,,
2217,28,5,1,21,14,1,1,1,45,2,4.0,5.0,9999.0,1,2012,,2218,8,1,1401.0,99,6,,,
2218,28,5,1,21,14,1,1,1,26,1,14.0,1.0,2009.0,1,2012,,2219,4,1,1401.0,99,6,,,
2219,29,5,2,20,6,2,99,9,999,9,3.0,5.0,9999.0,1,2012,,2220,11,9,608.0,99,6,,,
2220,29,5,2,20,6,2,99,9,999,9,6.0,99.0,9999.0,1,2012,,2221,11,9,608.0,99,6,,,
2221,29,5,2,2,9,2,99,1,22,2,1.0,5.0,1993.0,2,2012,,2222,3,1,921.0,99,6,,,
2222,29,5,2,7,9,1,10,1,40,1,3.0,1.0,1989.0,1,2012,,2223,7,1,901.0,99,6,,,
2223,29,5,2,7,9,1,10,1,35,1,4.0,4.0,1982.0,1,2012,,2224,6,1,901.0,99,6,,,
2224,29,5,2,21,2,2,99,1,45,1,5.0,99.0,9999.0,1,2012,,2225,8,1,204.0,99,6,,,
2225,29,5,2,21,2,2,99,1,25,1,3.0,99.0,1984.0,1,2012,,2226,4,1,204.0,99,6,,,
2226,29,5,2,6,2,2,99,1,999,1,3.0,5.0,9999.0,3,2012,,2227,11,1,207.0,99,6,,,
2227,30,5,3,15,1,2,99,1,23,1,2.0,99.0,9999.0,1,2012,,2228,3,1,102.0,99,6,,,
2228,30,5,3,15,1,2,99,1,36,1,4.0,3.0,9999.0,1,2012,,2229,6,1,102.0,99,6,,,
2229,30,5,3,19,1,1,8,1,37,1,1.0,2.0,9999.0,1,2012,,2230,6,1,108.0,99,6,,,
2230,30,5,3,19,1,1,8,1,29,1,4.0,3.0,9999.0,1,2012,,2231,4,1,108.0,99,6,,,
2231,30,5,3,18,17,2,99,9,999,9,4.0,99.0,9999.0,1,2012,,2232,11,9,1708.0,99,6,,,
2232,30,5,3,18,17,2,99,1,23,9,4.0,99.0,9999.0,1,2012,,2233,3,1,1708.0,99,6,,,
2233,30,5,3,16,7,2,99,1,999,9,3.0,5.0,9999.0,1,2012,,2234,11,1,704.0,99,6,,,
2234,30,5,3,16,7,2,99,1,26,9,1.0,99.0,9999.0,1,2012,,2235,4,1,704.0,99,6,,,
2235,30,5,3,20,4,2,99,1,18,9,1.0,99.0,2006.0,1,2012,,2236,2,1,415.0,99,6,,,
2236,30,5,3,20,4,2,99,1,54,9,2.0,11.0,1998.0,1,2012,,2237,9,1,415.0,99,6,,,
2237,31,5,4,15,1,1,3,1,34,9,12.0,1.0,9999.0,1,2012,,2238,5,1,101.0,99,6,,,
2238,31,5,4,15,1,1,3,1,16,9,4.0,5.0,9999.0,1,2012,,2239,2,2,101.0,99,6,,,
2239,31,5,4,14,1,1,9,1,25,9,4.0,1.0,9999.0,1,2012,,2240,4,1,101.0,99,6,,,
2240,31,5,4,14,1,1,9,9,999,9,99.0,99.0,9999.0,1,2012,,2241,11,1,101.0,99,6,,,
2241,31,5,4,15,1,1,1,1,36,1,3.0,3.0,1984.0,1,2012,,2242,6,1,101.0,99,6,,,
2242,31,5,4,15,1,1,1,1,23,1,4.0,3.0,2011.0,1,2012,,2243,3,1,101.0,99,6,,,
2243,31,5,4,11,1,1,17,1,56,9,9.0,4.0,1996.0,1,2012,,2244,10,1,101.0,99,6,,,
2244,31,5,4,11,1,1,17,1,23,9,4.0,1.0,9999.0,1,2012,,2245,3,1,101.0,99,6,,,
2245,31,5,4,20,1,2,99,1,36,2,4.0,1.0,2012.0,2,2012,,2246,6,1,106.0,99,6,,,
2246,31,5,4,23,1,2,99,1,999,9,4.0,99.0,9999.0,1,2012,,2247,11,1,103.0,99,6,,,
2247,31,5,4,23,1,2,99,9,999,9,99.0,99.0,9999.0,1,2012,,2248,11,9,103.0,99,6,,,
2248,31,5,4,13,1,1,12,1,61,9,4.0,5.0,9999.0,1,2012,,2249,10,1,101.0,99,6,,,
2249,31,5,4,13,1,1,12,9,999,9,6.0,99.0,9999.0,1,2012,,2250,11,9,101.0,99,6,,,
2250,31,5,4,22,19,2,99,1,16,9,1.0,1.0,9999.0,1,2012,,2251,2,1,1901.0,99,6,,,
2251,31,5,4,22,19,2,99,1,32,9,3.0,4.0,9999.0,1,2012,,2252,5,1,1901.0,99,6,,,
2252,31,5,4,11,19,2,99,1,49,9,9.0,2.0,9999.0,4,2012,,2253,8,1,1904.0,99,6,,,
2253,31,5,4,8,5,2,99,1,38,1,3.0,5.0,9999.0,1,2012,,2254,6,1,501.0,99,6,,,
2254,31,5,4,8,5,2,99,1,38,1,4.0,1.0,9999.0,1,2012,,2255,6,1,501.0,99,6,,,
2255,31,5,4,22,6,2,99,1,30,2,3.0,2.0,2006.0,2,2012,,2256,5,1,602.0,99,6,,,
2256,31,5,4,0,10,2,99,1,58,9,4.0,3.0,2009.0,1,2012,,2257,10,1,1014.0,99,6,,,
2257,31,5,4,0,10,2,99,9,999,9,6.0,2.0,9999.0,1,2012,,2258,11,9,1014.0,99,6,,,
2258,31,5,4,0,8,2,99,1,21,9,4.0,99.0,9999.0,1,2012,,2259,3,1,801.0,99,6,,,
2259,31,5,4,0,8,2,99,9,999,9,9.0,6.0,2003.0,1,2012,,2260,11,9,801.0,99,6,,,
2260,31,5,4,21,16,2,99,1,24,9,2.0,1.0,1998.0,1,2012,,2261,3,1,1602.0,99,6,,,
2261,31,5,4,21,16,2,99,1,28,9,9.0,2.0,2009.0,1,2012,,2262,4,1,1602.0,99,6,,,
2262,31,5,4,21,16,2,99,1,23,9,2.0,10.0,2002.0,1,2012,,2263,3,1,1602.0,99,6,,,
2263,31,5,4,23,14,2,99,1,40,9,3.0,99.0,1980.0,4,2012,,2264,7,1,1415.0,99,6,,,
2264,1,6,5,22,1,1,16,1,21,1,1.0,99.0,9999.0,1,2012,,2265,3,1,101.0,99,6,,,
2265,1,6,5,23,1,2,99,1,999,1,1.0,2.0,9999.0,1,2012,,2266,11,9,116.0,99,6,,,
2266,1,6,5,23,1,2,99,1,27,1,4.0,3.0,9999.0,1,2012,,2267,4,9,116.0,99,6,,,
2267,1,6,5,22,19,2,99,1,38,9,5.0,2.0,1996.0,1,2012,,2268,6,1,1905.0,99,6,,,
2268,1,6,5,22,19,2,99,9,999,9,3.0,2.0,9999.0,1,2012,,2269,11,9,1905.0,99,6,,,
2269,1,6,5,23,9,1,1,1,25,9,4.0,6.0,9999.0,1,2012,,2270,4,1,901.0,99,6,,,
2270,1,6,5,23,9,1,1,1,26,9,4.0,3.0,2008.0,1,2012,,2271,4,1,901.0,99,6,,,
2271,2,6,6,18,21,1,6,1,26,9,4.0,5.0,9999.0,2,2012,,2272,4,1,2101.0,99,6,,,
2272,2,6,6,8,19,2,99,1,26,9,4.0,5.0,9999.0,2,2012,,2273,4,1,1905.0,99,6,,,
2273,2,6,6,19,6,2,99,1,30,9,1.0,4.0,9999.0,1,2012,,2274,5,1,609.0,99,6,,,
2274,2,6,6,19,6,2,99,1,999,9,3.0,14.0,9999.0,1,2012,,2275,11,1,609.0,99,6,,,
2275,2,6,6,9,16,2,99,9,999,9,14.0,99.0,9999.0,3,2012,,2276,11,9,1601.0,99,6,,,
2276,2,6,6,4,18,2,99,1,40,9,1.0,99.0,9999.0,3,2012,,2277,7,1,1804.0,99,6,,,
2277,2,6,6,14,4,2,99,1,25,9,3.0,1.0,9999.0,1,2012,,2278,4,1,409.0,99,6,,,
2278,2,6,6,14,4,2,99,9,999,9,3.0,5.0,9999.0,1,2012,,2279,11,9,409.0,99,6,,,
2279,3,6,7,3,1,1,1,1,25,2,1.0,2.0,1981.0,1,2012,,2280,4,1,101.0,99,6,,,
2280,3,6,7,3,1,1,1,1,28,1,1.0,7.0,2011.0,1,2012,,2281,4,1,101.0,99,6,,,
2281,3,6,7,0,1,1,18,1,47,2,1.0,6.0,1997.0,1,2012,,2282,8,1,101.0,99,6,,,
2282,3,6,7,0,1,1,18,1,29,1,2.0,10.0,1998.0,1,2012,,2283,4,1,101.0,99,6,,,
2283,3,6,7,15,1,1,15,1,999,1,3.0,4.0,9999.0,1,2012,,2284,11,1,101.0,99,6,,,
2284,3,6,7,5,1,1,7,2,30,1,1.0,1.0,2001.0,2,2012,,2285,5,1,101.0,99,6,,,
2285,3,6,7,12,1,1,21,1,28,2,2.0,2.0,1996.0,2,2012,,2286,4,1,101.0,99,6,,,
2286,3,6,7,1,1,2,99,1,28,2,2.0,4.0,2004.0,1,2012,,2287,4,1,114.0,99,6,,,
2287,3,6,7,1,1,2,99,1,26,1,1.0,1.0,2007.0,1,2012,,2288,4,1,114.0,99,6,,,
2288,3,6,7,21,1,1,2,1,39,2,5.0,2.0,2008.0,1,2012,,2289,6,1,108.0,99,6,,,
2289,3,6,7,21,1,1,2,2,33,1,1.0,8.0,2001.0,1,2012,,2290,5,1,108.0,99,6,,,
2290,3,6,7,17,10,2,99,9,999,9,8.0,7.0,9999.0,1,2012,,2291,11,9,1002.0,99,6,,,
2291,3,6,7,17,10,2,99,9,999,9,3.0,4.0,2009.0,1,2012,,2292,11,9,1002.0,99,6,,,
2292,3,6,7,20,16,2,99,1,25,1,4.0,5.0,9999.0,3,2012,,2293,4,1,1615.0,99,6,,,
2293,3,6,7,15,2,2,99,1,52,1,9.0,99.0,2007.0,3,2012,,2294,9,1,202.0,99,6,,,
2294,4,6,1,20,21,2,99,1,21,2,1.0,4.0,1997.0,1,2012,,2295,3,1,2102.0,99,6,,,
2295,4,6,1,20,21,2,99,1,43,1,6.0,2.0,1999.0,1,2012,,2296,7,1,2102.0,99,6,,,
2296,4,6,1,5,3,2,99,9,999,9,12.0,3.0,9999.0,1,2012,,2297,11,9,307.0,99,6,,,
2297,4,6,1,5,3,2,99,1,27,1,3.0,5.0,9999.0,1,2012,,2298,4,1,307.0,99,6,,,
2298,5,6,2,20,20,2,99,1,30,1,3.0,3.0,9999.0,2,2012,,2299,5,1,2009.0,99,6,,,
2299,5,6,2,20,20,2,99,1,46,1,3.0,4.0,9999.0,3,2012,,2300,8,1,2001.0,99,6,,,
2300,5,6,2,20,19,2,99,1,34,1,3.0,1.0,9999.0,1,2012,,2301,5,1,1903.0,99,6,,,
2301,5,6,2,20,19,2,99,1,42,1,6.0,2.0,9999.0,1,2012,,2302,7,1,1903.0,99,6,,,
2302,5,6,2,12,11,2,99,1,30,1,4.0,1.0,9999.0,2,2012,,2303,5,1,1107.0,99,6,,,
2303,5,6,2,9,2,2,99,1,35,1,14.0,1.0,9999.0,2,2012,,2304,6,1,201.0,99,6,,,
2304,6,6,3,20,1,1,1,1,25,1,4.0,1.0,9999.0,1,2012,,2305,4,1,101.0,99,6,,,
2305,6,6,3,20,1,1,1,9,999,9,1.0,5.0,9999.0,1,2012,,2306,11,9,101.0,99,6,,,
2306,6,6,3,13,1,1,12,1,29,1,12.0,99.0,9999.0,1,2012,,2307,4,1,101.0,99,6,,,
2307,6,6,3,13,1,1,12,2,32,1,99.0,99.0,9999.0,1,2012,,2308,5,1,101.0,99,6,,,
2308,6,6,3,16,20,2,99,1,25,1,4.0,99.0,9999.0,3,2012,,2309,4,1,2007.0,99,6,,,
2309,6,6,3,21,5,2,99,1,22,1,4.0,5.0,9999.0,1,2012,,2310,3,1,506.0,99,6,,,
2310,6,6,3,21,5,2,99,9,999,9,12.0,7.0,9999.0,1,2012,,2311,11,9,506.0,99,6,,,
2311,6,6,3,14,13,2,99,2,56,1,1.0,9.0,9999.0,1,2012,,2312,10,1,1303.0,99,6,,,
2312,6,6,3,14,13,2,99,1,45,1,5.0,99.0,9999.0,1,2012,,2313,8,1,1303.0,99,6,,,
2313,6,6,3,7,13,2,99,1,36,1,2.0,4.0,9999.0,2,2012,,2314,6,1,1305.0,99,6,,,
2314,6,6,3,0,18,2,99,1,27,2,14.0,99.0,9999.0,1,2012,,2315,4,1,1804.0,99,6,,,
2315,6,6,3,0,18,2,99,9,999,9,3.0,5.0,9999.0,1,2012,,2316,11,9,1804.0,99,6,,,
2316,6,6,3,17,17,2,99,1,56,1,12.0,2.0,9999.0,1,2012,,2317,10,1,1712.0,99,6,,,
2317,6,6,3,17,17,2,99,1,54,2,4.0,3.0,9999.0,1,2012,,2318,9,1,1712.0,99,6,,,
2318,7,6,4,14,21,2,99,1,22,1,1.0,2.0,1990.0,2,2012,,2319,3,1,2101.0,99,6,,,
2319,7,6,4,12,19,2,99,1,40,1,5.0,2.0,9999.0,1,2012,,2320,7,1,1901.0,99,6,,,
2320,7,6,4,12,19,2,99,1,50,1,4.0,3.0,2009.0,1,2012,,2321,9,1,1901.0,99,6,,,
2321,7,6,4,1,9,1,1,1,43,2,3.0,2.0,9999.0,1,2012,,2322,7,1,901.0,99,6,,,
2322,7,6,4,1,9,1,1,1,24,1,4.0,5.0,9999.0,1,2012,,2323,3,1,901.0,99,6,,,
2323,7,6,4,14,9,1,11,1,21,1,3.0,2.0,9999.0,1,2012,,2324,3,1,901.0,99,6,,,
2324,7,6,4,14,9,1,11,1,40,1,4.0,5.0,9999.0,1,2012,,2325,7,1,901.0,99,6,,,
2325,7,6,4,7,16,2,99,1,33,1,3.0,4.0,1999.0,1,2012,,2326,5,1,1602.0,99,6,,,
2326,7,6,4,7,16,2,99,1,33,1,9.0,4.0,2006.0,1,2012,,2327,5,1,1602.0,99,6,,,
2327,7,6,4,16,16,2,99,1,37,1,4.0,99.0,9999.0,1,2012,,2328,6,1,1616.0,99,6,,,
2328,7,6,4,16,16,2,99,9,999,1,3.0,6.0,9999.0,1,2012,,2329,11,9,1616.0,99,6,,,
2329,7,6,4,16,7,2,99,1,16,2,14.0,1.0,9999.0,1,2012,,2330,2,2,718.0,99,6,,,
2330,7,6,4,16,7,2,99,1,16,1,14.0,1.0,9999.0,1,2012,,2331,2,2,718.0,99,6,,,
2331,8,6,5,2,1,1,10,1,16,1,1.0,4.0,2009.0,2,2012,,2332,2,2,101.0,99,6,,,
2332,8,6,5,23,1,1,4,1,29,1,1.0,2.0,9999.0,1,2012,,2333,4,1,108.0,99,6,,,
2333,8,6,5,23,1,1,4,1,19,1,2.0,4.0,9999.0,1,2012,,2334,2,1,108.0,99,6,,,
2334,8,6,5,1,1,1,4,1,31,2,1.0,1.0,9999.0,1,2012,,2335,5,1,108.0,99,6,,,
2335,8,6,5,1,1,1,4,1,31,1,4.0,2.0,2012.0,1,2012,,2336,5,1,108.0,99,6,,,
2336,8,6,5,11,22,2,99,2,20,1,1.0,2.0,2007.0,1,2012,,2337,3,1,2216.0,99,6,,,
2337,8,6,5,11,22,2,99,9,999,9,12.0,2.0,1979.0,1,2012,,2338,11,9,2216.0,99,6,,,
2338,8,6,5,7,22,2,99,1,46,9,9.0,4.0,2001.0,4,2012,,2339,8,1,2201.0,99,6,,,
2339,8,6,5,2,11,2,99,9,999,9,5.0,3.0,9999.0,1,2012,,2340,11,9,1101.0,99,6,,,
2340,8,6,5,2,11,2,99,9,999,9,5.0,2.0,9999.0,1,2012,,2341,11,9,1101.0,99,6,,,
2341,8,6,5,15,6,2,99,1,61,1,1.0,2.0,9999.0,2,2012,,2342,10,1,608.0,99,6,,,
2342,8,6,5,15,6,2,99,9,999,1,3.0,3.0,9999.0,3,2012,,2343,11,9,601.0,99,6,,,
2343,8,6,5,20,12,1,1,1,41,2,1.0,5.0,9999.0,1,2012,,2344,7,1,1202.0,99,6,,,
2344,8,6,5,20,12,1,1,9,999,9,1.0,3.0,1995.0,1,2012,,2345,11,9,1202.0,99,6,,,
2345,8,6,5,12,2,2,99,1,19,1,4.0,1.0,2006.0,2,2012,,2346,2,1,201.0,99,6,,,
2346,8,6,5,16,18,2,99,2,34,2,1.0,3.0,2006.0,1,2012,,2347,5,1,1801.0,99,6,,,
2347,8,6,5,16,18,2,99,9,999,9,3.0,6.0,2006.0,1,2012,,2348,11,9,1801.0,99,6,,,
2348,8,6,5,22,17,2,99,1,32,9,14.0,1.0,9999.0,1,2012,,2349,5,1,1705.0,99,6,,,
2349,8,6,5,22,17,2,99,1,16,9,14.0,1.0,2008.0,1,2012,,2350,2,2,1705.0,99,6,,,
2350,8,6,5,15,14,2,99,1,36,2,2.0,9.0,9999.0,1,2012,,2351,6,1,1401.0,99,6,,,
2351,8,6,5,15,14,2,99,1,35,1,1.0,4.0,2002.0,1,2012,,2352,6,1,1401.0,99,6,,,
2352,8,6,5,19,14,2,99,1,29,2,4.0,1.0,9999.0,1,2012,,2353,4,1,1412.0,99,6,,,
2353,8,6,5,19,14,2,99,1,22,1,4.0,5.0,9999.0,1,2012,,2354,3,1,1412.0,99,6,,,
2354,8,6,5,17,4,2,99,1,50,1,3.0,4.0,2007.0,1,2012,,2355,9,1,416.0,99,6,,,
2355,8,6,5,17,4,2,99,9,999,9,7.0,1.0,9999.0,1,2012,,2356,11,9,416.0,99,6,,,
2356,9,6,6,19,1,1,3,1,54,1,1.0,6.0,9999.0,1,2012,,2357,9,1,101.0,99,6,,,
2357,9,6,6,19,1,1,3,1,22,1,4.0,1.0,9999.0,1,2012,,2358,3,1,101.0,99,6,,,
2358,9,6,6,14,1,2,99,1,999,9,4.0,5.0,9999.0,1,2012,,2359,11,1,102.0,99,6,,,
2359,9,6,6,14,1,2,99,9,999,9,99.0,99.0,9999.0,1,2012,,2360,11,9,102.0,99,6,,,
2360,9,6,6,22,1,1,11,1,22,9,4.0,1.0,9999.0,2,2012,,2361,3,1,101.0,99,6,,,
2361,9,6,6,22,1,1,3,1,29,1,1.0,5.0,9999.0,1,2012,,2362,4,1,116.0,99,6,,,
2362,9,6,6,22,1,1,3,1,29,1,1.0,5.0,9999.0,1,2012,,2363,4,1,116.0,99,6,,,
2363,9,6,6,20,21,2,99,1,32,1,4.0,99.0,9999.0,4,2012,,2364,5,1,2101.0,99,6,,,
2364,9,6,6,23,20,2,99,1,23,9,3.0,5.0,9999.0,1,2012,,2365,3,1,2001.0,99,6,,,
2365,9,6,6,23,20,2,99,1,72,9,2.0,4.0,9999.0,1,2012,,2366,10,1,2001.0,99,6,,,
2366,9,6,6,23,19,2,99,1,51,9,4.0,99.0,9999.0,3,2012,,2367,9,1,1902.0,99,6,,,
2367,9,6,6,13,6,2,99,1,46,1,4.0,5.0,9999.0,1,2012,,2368,8,1,602.0,99,6,,,
2368,9,6,6,13,6,2,99,9,999,9,2.0,6.0,1992.0,1,2012,,2369,11,9,602.0,99,6,,,
2369,9,6,6,11,9,2,99,1,47,1,3.0,14.0,9999.0,1,2012,,2370,8,1,920.0,99,6,,,
2370,9,6,6,11,9,2,99,9,999,1,9.0,4.0,9999.0,1,2012,,2371,11,9,920.0,99,6,,,
2371,9,6,6,21,9,1,2,2,27,2,1.0,1.0,9999.0,1,2012,,2372,4,1,901.0,99,6,,,
2372,9,6,6,21,9,1,2,1,27,2,4.0,2.0,9999.0,1,2012,,2373,4,1,901.0,99,6,,,
2373,9,6,6,19,12,2,99,1,20,1,4.0,5.0,9999.0,1,2012,,2374,3,1,1226.0,99,6,,,
2374,9,6,6,19,12,2,99,1,18,1,3.0,3.0,9999.0,1,2012,,2375,2,1,1226.0,99,6,,,
2375,9,6,6,2,13,2,99,1,21,1,5.0,7.0,9999.0,2,2012,,2376,3,1,1324.0,99,6,,,
2376,9,6,6,14,13,2,99,9,999,9,6.0,99.0,9999.0,2,2012,,2377,11,9,1302.0,99,6,,,
2377,9,6,6,22,13,2,99,1,50,2,3.0,3.0,9999.0,2,2012,,2378,9,1,1312.0,99,6,,,
2378,9,6,6,14,18,2,99,1,49,1,3.0,4.0,2005.0,2,2012,,2379,8,1,1804.0,99,6,,,
2379,9,6,6,20,18,2,99,1,31,1,3.0,4.0,9999.0,1,2012,,2380,5,1,1803.0,99,6,,,
2380,9,6,6,20,18,2,99,1,24,1,4.0,99.0,9999.0,1,2012,,2381,3,1,1803.0,99,6,,,
2381,9,6,6,21,3,2,99,1,45,1,1.0,3.0,9999.0,1,2012,,2382,8,1,301.0,99,6,,,
2382,9,6,6,21,3,2,99,1,36,1,4.0,7.0,9999.0,1,2012,,2383,6,1,301.0,99,6,,,
2383,10,6,7,1,1,1,8,1,29,1,3.0,2.0,9999.0,1,2012,,2384,4,1,101.0,99,6,,,
2384,10,6,7,1,1,1,8,1,47,1,1.0,4.0,1990.0,1,2012,,2385,8,1,101.0,99,6,,,
2385,10,6,7,15,1,1,2,1,22,1,4.0,7.0,2009.0,1,2012,,2386,3,1,101.0,99,6,,,
2386,10,6,7,15,1,1,2,1,66,1,11.0,10.0,1997.0,1,2012,,2387,10,1,101.0,99,6,,,
2387,10,6,7,22,1,1,11,9,999,9,2.0,3.0,9999.0,2,2012,,2388,11,9,101.0,99,6,,,
2388,10,6,7,6,1,2,99,2,41,1,1.0,9.0,9999.0,1,2012,,2389,7,1,115.0,99,6,,,
2389,10,6,7,6,1,2,99,9,999,9,1.0,2.0,9999.0,1,2012,,2390,11,9,115.0,99,6,,,
2390,10,6,7,0,1,2,99,1,30,1,1.0,2.0,1977.0,1,2012,,2391,5,1,110.0,99,6,,,
2391,10,6,7,0,1,2,99,1,18,1,4.0,1.0,2010.0,1,2012,,2392,2,1,110.0,99,6,,,
2392,10,6,7,20,1,2,99,1,25,9,4.0,14.0,9999.0,1,2012,,2393,4,1,110.0,99,6,,,
2393,10,6,7,20,1,2,99,9,999,9,10.0,99.0,9999.0,1,2012,,2394,11,9,110.0,99,6,,,
2394,10,6,7,9,20,2,99,1,24,1,4.0,5.0,9999.0,1,2012,,2395,3,1,2001.0,99,6,,,
2395,10,6,7,9,20,2,99,1,58,1,9.0,4.0,2006.0,1,2012,,2396,10,1,2001.0,99,6,,,
2396,10,6,7,19,19,2,99,9,999,1,14.0,99.0,9999.0,3,2012,,2397,11,9,1903.0,99,6,,,
2397,10,6,7,21,10,2,99,1,43,1,7.0,1.0,1995.0,1,2012,,2398,7,1,1014.0,99,6,,,
2398,10,6,7,21,10,2,99,1,33,1,4.0,3.0,2001.0,1,2012,,2399,5,1,1014.0,99,6,,,
2399,10,6,7,22,10,2,99,1,38,2,9.0,3.0,2007.0,1,2012,,2400,6,1,1010.0,99,6,,,
2400,10,6,7,22,10,2,99,1,54,1,5.0,1.0,1990.0,1,2012,,2401,9,1,1010.0,99,6,,,
2401,10,6,7,14,10,1,2,1,30,2,1.0,3.0,9999.0,1,2012,,2402,5,1,1001.0,99,6,,,
2402,10,6,7,14,10,1,2,1,20,1,4.0,99.0,2011.0,1,2012,,2403,3,1,1001.0,99,6,,,
2403,10,6,7,16,11,2,99,1,27,1,4.0,99.0,9999.0,1,2012,,2404,4,1,1104.0,99,6,,,
2404,10,6,7,21,9,1,5,1,37,2,1.0,5.0,9999.0,1,2012,,2405,6,1,901.0,99,6,,,
2405,10,6,7,21,9,1,5,1,42,1,2.0,4.0,9999.0,1,2012,,2406,7,1,901.0,99,6,,,
2406,10,6,7,1,9,1,2,1,21,2,8.0,11.0,9999.0,1,2012,,2407,3,1,901.0,99,6,,,
2407,10,6,7,1,9,1,2,9,999,9,2.0,5.0,9999.0,1,2012,,2408,11,9,901.0,99,6,,,
2408,10,6,7,16,9,2,99,1,22,2,3.0,9.0,9999.0,4,2012,,2409,3,1,920.0,99,6,,,
2409,10,6,7,10,13,1,8,1,20,2,1.0,2.0,9999.0,1,2012,,2410,3,1,1301.0,99,6,,,
2410,10,6,7,10,13,1,8,1,65,1,1.0,1.0,1992.0,1,2012,,2411,10,1,1301.0,99,6,,,
2411,10,6,7,8,8,2,99,2,27,1,1.0,2.0,2001.0,1,2012,,2412,4,1,805.0,99,6,,,
2412,10,6,7,8,8,2,99,1,18,1,3.0,4.0,1987.0,1,2012,,2413,2,1,805.0,99,6,,,
2413,10,6,7,21,18,2,99,1,62,1,7.0,4.0,9999.0,1,2012,,2414,10,1,1801.0,99,6,,,
2414,10,6,7,21,18,2,99,1,14,1,4.0,5.0,9999.0,1,2012,,2415,1,2,1801.0,99,6,,,
2415,11,6,1,16,1,1,1,1,24,9,4.0,3.0,2008.0,1,2012,,2416,3,1,101.0,99,6,,,
2416,11,6,1,16,1,1,1,1,23,9,4.0,1.0,9999.0,1,2012,,2417,3,1,101.0,99,6,,,
2417,11,6,1,13,22,2,99,9,999,9,12.0,6.0,1988.0,3,2012,,2418,11,9,2214.0,99,6,,,
2418,11,6,1,22,22,2,99,9,999,9,6.0,99.0,9999.0,1,2012,,2419,11,9,2201.0,99,6,,,
2419,11,6,1,22,22,2,99,1,22,9,1.0,6.0,9999.0,1,2012,,2420,3,9,2201.0,99,6,,,
2420,11,6,1,18,6,2,99,9,999,9,14.0,99.0,9999.0,3,2012,,2421,11,9,601.0,99,6,,,
2421,11,6,1,12,12,2,99,1,23,9,3.0,1.0,9999.0,1,2012,,2422,3,1,1215.0,99,6,,,
2422,11,6,1,12,12,2,99,1,999,9,14.0,1.0,9999.0,1,2012,,2423,11,1,1215.0,99,6,,,
2423,11,6,1,12,12,2,99,1,999,9,14.0,1.0,2012.0,1,2012,,2424,11,1,1215.0,99,6,,,
2424,11,6,1,17,12,1,1,1,28,9,3.0,5.0,1993.0,2,2012,,2425,4,1,1215.0,99,6,,,
2425,11,6,1,9,13,1,11,9,999,9,12.0,3.0,1995.0,1,2012,,2426,11,9,1301.0,99,6,,,
2426,11,6,1,9,13,1,11,1,27,9,4.0,3.0,9999.0,1,2012,,2427,4,1,1301.0,99,6,,,
2427,11,6,1,16,14,2,99,1,45,9,9.0,1.0,9999.0,1,2012,,2428,8,1,1413.0,99,6,,,
2428,11,6,1,16,14,2,99,1,60,9,4.0,1.0,9999.0,1,2012,,2429,10,1,1413.0,99,6,,,
2429,11,6,1,16,7,2,99,1,999,9,9.0,99.0,9999.0,3,2012,,2430,11,1,701.0,99,6,,,
2430,12,6,2,16,10,2,99,1,30,9,5.0,99.0,9999.0,3,2012,,2431,5,1,1010.0,99,6,,,
2431,12,6,2,21,20,2,99,1,999,9,3.0,5.0,9999.0,1,2012,,2432,11,1,2001.0,99,6,,,
2432,12,6,2,21,20,2,99,1,22,9,4.0,99.0,9999.0,1,2012,,2433,3,1,2001.0,99,6,,,
2433,12,6,2,7,15,2,99,1,62,9,3.0,6.0,9999.0,3,2012,,2434,10,1,1508.0,99,6,,,
2434,12,6,2,23,18,2,99,9,999,9,6.0,99.0,9999.0,1,2012,,2435,11,9,1801.0,99,6,,,
2435,12,6,2,23,18,2,99,1,58,9,1.0,99.0,9999.0,1,2012,,2436,10,1,1801.0,99,6,,,
2436,12,6,2,16,7,2,99,1,25,9,3.0,1.0,9999.0,1,2012,,2437,4,1,705.0,99,6,,,
2437,12,6,2,16,7,2,99,1,33,9,3.0,99.0,9999.0,1,2012,,2438,5,1,705.0,99,6,,,
2438,13,6,3,10,5,2,99,1,30,9,3.0,5.0,9999.0,1,2012,,2439,5,1,501.0,99,6,,,
2439,13,6,3,10,5,2,99,1,24,9,5.0,2.0,9999.0,1,2012,,2440,3,1,501.0,99,6,,,
2440,13,6,3,13,11,2,99,1,33,2,4.0,99.0,2010.0,3,2012,,2441,5,1,1103.0,99,6,,,
2441,13,6,3,13,18,2,99,2,32,9,4.0,4.0,9999.0,1,2012,,2442,5,1,1801.0,99,6,,,
2442,13,6,3,13,18,2,99,1,31,9,4.0,1.0,9999.0,1,2012,,2443,5,1,1801.0,99,6,,,
2443,13,6,3,19,17,2,99,1,50,2,4.0,3.0,2010.0,2,2012,,2444,9,1,1701.0,99,6,,,
2444,13,6,3,18,17,2,99,1,32,2,1.0,3.0,9999.0,1,2012,,2445,5,1,1701.0,99,6,,,
2445,13,6,3,18,17,2,99,1,23,9,14.0,1.0,9999.0,1,2012,,2446,3,1,1701.0,99,6,,,
2446,14,6,4,10,1,1,13,1,30,2,1.0,11.0,1982.0,2,2012,,2447,5,1,101.0,99,6,,,
2447,14,6,4,14,1,1,12,1,45,9,3.0,2.0,9999.0,1,2012,,2448,8,1,101.0,99,6,,,
2448,14,6,4,14,1,1,12,1,66,9,4.0,1.0,2007.0,1,2012,,2449,10,1,101.0,99,6,,,
2449,14,6,4,10,21,1,1,1,22,1,4.0,5.0,2011.0,2,2012,,2450,3,1,2101.0,99,6,,,
2450,14,6,4,10,19,2,99,1,35,1,2.0,11.0,2001.0,1,2012,,2451,6,1,1901.0,99,6,,,
2451,14,6,4,10,19,2,99,1,22,9,4.0,4.0,2002.0,1,2012,,2452,3,1,1901.0,99,6,,,
2452,14,6,4,2,5,2,99,1,32,1,5.0,2.0,9999.0,1,2012,,2453,5,1,501.0,99,6,,,
2453,14,6,4,2,5,2,99,1,999,1,3.0,3.0,9999.0,1,2012,,2454,11,9,501.0,99,6,,,
2454,14,6,4,8,5,2,99,1,38,9,12.0,9.0,1992.0,1,2012,,2455,6,1,511.0,99,6,,,
2455,14,6,4,8,5,2,99,1,27,9,12.0,7.0,9999.0,1,2012,,2456,4,1,511.0,99,6,,,
2456,14,6,4,16,10,2,99,1,65,9,5.0,2.0,9999.0,1,2012,,2457,10,1,1001.0,99,6,,,
2457,14,6,4,16,10,2,99,1,24,9,4.0,1.0,9999.0,1,2012,,2458,3,1,1001.0,99,6,,,
2458,14,6,4,8,4,2,99,9,999,9,12.0,6.0,1985.0,3,2012,,2459,11,9,413.0,99,6,,,
2459,15,6,5,18,1,1,4,1,23,9,4.0,5.0,9999.0,1,2012,,2460,3,1,101.0,99,6,,,
2460,15,6,5,18,1,1,4,1,35,9,4.0,3.0,9999.0,1,2012,,2461,6,1,101.0,99,6,,,
2461,15,6,5,16,22,2,99,1,30,9,3.0,99.0,9999.0,1,2012,,2462,5,1,2216.0,99,6,,,
2462,15,6,5,16,22,2,99,1,41,9,1.0,99.0,9999.0,1,2012,,2463,7,1,2216.0,99,6,,,
2463,15,6,5,17,20,1,1,1,55,9,4.0,1.0,2012.0,1,2012,,2464,10,1,2001.0,99,6,,,
2464,15,6,5,17,20,1,1,1,43,9,11.0,2.0,2010.0,1,2012,,2465,7,1,2001.0,99,6,,,
2465,15,6,5,15,20,2,99,1,27,9,13.0,99.0,9999.0,4,2012,,2466,4,1,2009.0,99,6,,,
2466,15,6,5,19,3,1,99,1,66,9,8.0,11.0,1976.0,1,2012,,2467,10,1,301.0,99,6,,,
2467,15,6,5,19,3,1,99,1,20,9,4.0,2.0,1980.0,1,2012,,2468,3,1,301.0,99,6,,,
2468,15,6,5,7,1,1,1,1,58,9,1.0,2.0,2007.0,1,2012,,2469,10,1,101.0,99,6,,,
2469,15,6,5,7,1,1,1,2,48,9,1.0,1.0,9999.0,1,2012,,2470,8,1,101.0,99,6,,,
2470,15,6,5,9,1,1,13,1,41,9,12.0,1.0,1983.0,1,2012,,2471,7,1,101.0,99,6,,,
2471,15,6,5,9,1,1,13,1,41,9,1.0,1.0,1983.0,1,2012,,2472,7,1,101.0,99,6,,,
2472,15,6,5,9,1,1,13,1,23,9,4.0,5.0,2012.0,1,2012,,2473,3,1,101.0,99,6,,,
2473,15,6,5,23,1,1,11,1,21,9,1.0,2.0,9999.0,2,2012,,2474,3,1,101.0,99,6,,,
2474,16,6,6,3,1,1,9,9,999,9,1.0,99.0,9999.0,1,2012,,2475,11,9,101.0,99,6,,,
2475,16,6,6,3,1,1,9,1,21,2,4.0,1.0,9999.0,1,2012,,2476,3,1,101.0,99,6,,,
2476,16,6,6,21,1,1,12,1,47,1,5.0,2.0,1997.0,1,2012,,2477,8,1,101.0,99,6,,,
2477,16,6,6,21,1,1,12,1,26,1,4.0,1.0,9999.0,1,2012,,2478,4,1,101.0,99,6,,,
2478,16,6,6,17,20,2,99,9,999,9,2.0,5.0,9999.0,4,2012,,2479,11,9,2001.0,99,6,,,
2479,16,6,6,19,19,2,99,9,999,9,3.0,99.0,9999.0,1,2012,,2480,11,9,1902.0,99,6,,,
2480,16,6,6,19,19,2,99,1,29,9,4.0,1.0,9999.0,1,2012,,2481,4,1,1902.0,99,6,,,
2481,16,6,6,20,5,2,99,9,999,9,5.0,2.0,9999.0,1,2012,,2482,11,9,501.0,99,6,,,
2482,16,6,6,20,5,2,99,1,27,9,4.0,99.0,9999.0,1,2012,,2483,4,1,501.0,99,6,,,
2483,16,6,6,20,5,2,99,9,999,9,6.0,3.0,9999.0,2,2012,,2484,11,9,511.0,99,6,,,
2484,16,6,6,20,5,2,99,1,35,9,1.0,5.0,9999.0,2,2012,,2485,6,1,511.0,99,6,,,
2485,16,6,6,13,16,2,99,1,43,1,3.0,9.0,1996.0,1,2012,,2486,7,1,1601.0,99,6,,,
2486,16,6,6,13,16,2,99,2,23,1,2.0,3.0,9999.0,1,2012,,2487,3,1,1601.0,99,6,,,
2487,16,6,6,1,18,2,99,1,38,1,3.0,4.0,2007.0,1,2012,,2488,6,1,1801.0,99,6,,,
2488,16,6,6,1,18,2,99,1,30,1,4.0,5.0,9999.0,1,2012,,2489,5,1,1801.0,99,6,,,
2489,17,6,7,19,1,1,1,1,25,1,3.0,5.0,9999.0,1,2012,,2490,4,1,101.0,99,6,,,
2490,17,6,7,19,1,1,1,1,40,1,8.0,99.0,9999.0,1,2012,,2491,7,1,101.0,99,6,,,
2491,17,6,7,2,1,1,1,1,31,2,2.0,1.0,9999.0,1,2012,,2492,5,1,101.0,99,6,,,
2492,17,6,7,2,1,1,1,9,999,9,1.0,5.0,9999.0,1,2012,,2493,11,9,101.0,99,6,,,
2493,17,6,7,2,1,1,1,9,999,9,1.0,3.0,9999.0,1,2012,,2494,11,9,101.0,99,6,,,
2494,17,6,7,22,1,1,18,1,37,1,6.0,2.0,1999.0,1,2012,,2495,6,1,101.0,99,6,,,
2495,17,6,7,22,1,1,18,1,22,9,4.0,9.0,9999.0,1,2012,,2496,3,1,101.0,99,6,,,
2496,17,6,7,1,1,1,18,9,999,9,1.0,99.0,9999.0,1,2012,,2497,11,9,101.0,99,6,,,
2497,17,6,7,1,1,1,18,1,34,9,4.0,5.0,9999.0,1,2012,,2498,5,1,101.0,99,6,,,
2498,17,6,7,4,1,1,12,1,24,2,3.0,14.0,9999.0,1,2012,,2499,3,1,101.0,99,6,,,
2499,17,6,7,4,1,1,12,1,25,9,2.0,99.0,9999.0,1,2012,,2500,4,1,101.0,99,6,,,
2500,17,6,7,23,1,2,99,1,999,9,1.0,1.0,9999.0,2,2012,,2501,11,9,114.0,99,6,,,
2501,17,6,7,15,22,1,99,2,24,1,3.0,9.0,9999.0,1,2012,,2502,3,1,2201.0,99,6,,,
2502,17,6,7,15,22,1,99,1,41,1,9.0,1.0,2003.0,1,2012,,2503,7,1,2201.0,99,6,,,
2503,17,6,7,12,21,1,2,1,24,1,3.0,99.0,9999.0,1,2012,,2504,3,1,2101.0,99,6,,,
2504,17,6,7,12,21,1,2,1,52,9,4.0,99.0,2007.0,1,2012,,2505,9,1,2101.0,99,6,,,
2505,17,6,7,10,5,2,99,1,52,1,3.0,6.0,1997.0,1,2012,,2506,9,1,501.0,99,6,,,
2506,17,6,7,10,5,2,99,2,65,1,1.0,2.0,1996.0,1,2012,,2507,10,1,501.0,99,6,,,
2507,17,6,7,18,6,2,99,1,35,1,2.0,2.0,2013.0,1,2012,,2508,6,1,602.0,99,6,,,
2508,17,6,7,18,6,2,99,9,999,9,3.0,9.0,9999.0,1,2012,,2509,11,9,602.0,99,6,,,
2509,17,6,7,23,3,2,99,1,18,2,4.0,1.0,9999.0,3,2012,,2510,2,1,308.0,99,6,,,
2510,17,6,7,21,3,2,99,9,999,9,7.0,7.0,9999.0,3,2012,,2511,11,9,308.0,99,6,,,
2511,18,6,1,11,1,1,11,1,47,1,5.0,1.0,1998.0,1,2012,,2512,8,1,101.0,99,6,,,
2512,18,6,1,11,1,1,11,1,35,1,3.0,2.0,2008.0,1,2012,,2513,6,1,101.0,99,6,,,
2513,18,6,1,0,1,1,13,1,27,9,4.0,99.0,9999.0,2,2012,,2514,4,1,101.0,99,6,,,
2514,18,6,1,21,1,2,99,1,46,1,99.0,1.0,9999.0,3,2012,,2515,8,1,114.0,99,6,,,
2515,18,6,1,7,1,2,99,9,999,9,12.0,11.0,9999.0,1,2012,,2516,11,9,116.0,99,6,,,
2516,18,6,1,7,1,2,99,9,999,9,99.0,99.0,9999.0,1,2012,,2517,11,9,116.0,99,6,,,
2517,18,6,1,20,1,1,7,1,68,1,1.0,11.0,9999.0,1,2012,,2518,10,1,117.0,99,6,,,
2518,18,6,1,20,1,1,7,1,18,9,4.0,1.0,9999.0,1,2012,,2519,2,1,117.0,99,6,,,
2519,18,6,1,19,19,2,99,9,999,9,2.0,4.0,9999.0,1,2012,,2520,11,9,1903.0,99,6,,,
2520,18,6,1,19,19,2,99,1,30,1,4.0,1.0,9999.0,1,2012,,2521,5,1,1903.0,99,6,,,
2521,18,6,1,6,5,2,99,2,29,9,1.0,4.0,9999.0,2,2012,,2522,4,1,502.0,99,6,,,
2522,18,6,1,21,10,2,99,1,39,9,6.0,3.0,2000.0,1,2012,,2523,6,1,1016.0,99,6,,,
2523,18,6,1,21,10,2,99,1,42,9,1.0,99.0,1983.0,1,2012,,2524,7,1,1016.0,99,6,,,
2524,18,6,1,0,11,2,99,1,30,2,4.0,1.0,9999.0,1,2012,,2525,5,1,1102.0,99,6,,,
2525,18,6,1,0,11,2,99,1,28,1,4.0,1.0,9999.0,1,2012,,2526,4,1,1102.0,99,6,,,
2526,19,6,2,19,1,2,99,1,42,1,7.0,99.0,9999.0,1,2012,,2527,7,1,114.0,99,6,,,
2527,19,6,2,19,1,2,99,2,26,1,1.0,2.0,1998.0,1,2012,,2528,4,1,114.0,99,6,,,
2528,19,6,2,19,1,2,99,1,28,1,4.0,1.0,2011.0,1,2012,,2529,4,1,114.0,99,6,,,
2529,19,6,2,19,1,2,99,1,27,1,3.0,7.0,9999.0,1,2012,,2530,4,1,116.0,99,6,,,
2530,19,6,2,19,1,2,99,1,34,1,3.0,1.0,9999.0,1,2012,,2531,5,1,116.0,99,6,,,
2531,19,6,2,19,1,2,99,1,30,1,3.0,1.0,9999.0,1,2012,,2532,5,1,116.0,99,6,,,
2532,19,6,2,20,19,1,99,9,999,9,1.0,99.0,9999.0,1,2012,,2533,11,9,1901.0,99,6,,,
2533,19,6,2,20,19,1,99,1,25,1,4.0,99.0,9999.0,1,2012,,2534,4,1,1901.0,99,6,,,
2534,19,6,2,18,7,2,99,1,35,1,3.0,5.0,9999.0,1,2012,,2535,6,1,705.0,99,6,,,
2535,19,6,2,18,7,2,99,1,67,1,3.0,3.0,1999.0,1,2012,,2536,10,1,705.0,99,6,,,
2536,20,6,3,1,1,1,3,1,32,2,1.0,4.0,1998.0,1,2012,,2537,5,1,101.0,99,6,,,
2537,20,6,3,1,1,1,3,1,32,1,3.0,5.0,9999.0,1,2012,,2538,5,1,101.0,99,6,,,
2538,20,6,3,11,1,1,1,1,48,1,4.0,1.0,9999.0,1,2012,,2539,8,1,101.0,99,6,,,
2539,20,6,3,11,1,1,1,9,999,9,3.0,5.0,9999.0,1,2012,,2540,11,9,101.0,99,6,,,
2540,20,6,3,16,1,1,4,1,54,1,1.0,4.0,9999.0,1,2012,,2541,9,1,101.0,99,6,,,
2541,20,6,3,16,1,1,4,1,56,1,4.0,1.0,9999.0,1,2012,,2542,10,1,101.0,99,6,,,
2542,20,6,3,23,1,1,13,1,24,1,1.0,1.0,1990.0,1,2012,,2543,3,1,101.0,99,6,,,
2543,20,6,3,23,1,1,13,1,23,1,4.0,1.0,2006.0,1,2012,,2544,3,1,101.0,99,6,,,
2544,20,6,3,23,1,1,13,1,42,2,1.0,2.0,2004.0,1,2012,,2545,7,1,101.0,99,6,,,
2545,20,6,3,8,10,2,99,1,23,1,5.0,2.0,1995.0,1,2012,,2546,3,1,1014.0,99,6,,,
2546,20,6,3,8,10,2,99,1,38,1,6.0,6.0,2011.0,1,2012,,2547,6,1,1014.0,99,6,,,
2547,20,6,3,3,12,2,99,1,40,2,3.0,6.0,9999.0,4,2012,,2548,7,1,1201.0,99,6,,,
2548,20,6,3,15,12,2,99,9,999,9,3.0,7.0,9999.0,3,2012,,2549,11,9,1201.0,99,6,,,
2549,20,6,3,23,4,2,99,1,31,2,1.0,4.0,9999.0,2,2012,,2550,5,1,410.0,99,6,,,
2550,21,6,4,13,1,1,16,1,36,1,12.0,1.0,1993.0,1,2012,,2551,6,1,101.0,99,6,,,
2551,21,6,4,13,1,1,16,1,25,1,4.0,1.0,9999.0,1,2012,,2552,4,1,101.0,99,6,,,
2552,21,6,4,10,1,1,1,1,23,1,4.0,99.0,9999.0,1,2012,,2553,3,1,101.0,99,6,,,
2553,21,6,4,10,1,1,1,2,41,1,1.0,99.0,9999.0,1,2012,,2554,7,1,101.0,99,6,,,
2554,21,6,4,7,1,1,19,1,26,1,1.0,2.0,2002.0,1,2012,,2555,4,1,101.0,99,6,,,
2555,21,6,4,7,1,1,19,2,25,1,1.0,6.0,2003.0,1,2012,,2556,4,1,101.0,99,6,,,
2556,21,6,4,20,1,1,10,1,52,1,1.0,1.0,9999.0,1,2012,,2557,9,1,101.0,99,6,,,
2557,21,6,4,20,1,1,10,1,22,1,4.0,1.0,9999.0,1,2012,,2558,3,1,101.0,99,6,,,
2558,21,6,4,22,22,2,99,1,34,2,1.0,6.0,9999.0,1,2012,,2559,5,1,2201.0,99,6,,,
2559,21,6,4,22,22,2,99,1,27,1,1.0,3.0,9999.0,1,2012,,2560,4,1,2201.0,99,6,,,
2560,21,6,4,18,19,2,99,1,30,1,3.0,4.0,2001.0,1,2012,,2561,5,1,1901.0,99,6,,,
2561,21,6,4,18,19,2,99,1,53,1,4.0,1.0,9999.0,1,2012,,2562,9,1,1901.0,99,6,,,
2562,21,6,4,8,5,2,99,1,34,1,4.0,99.0,9999.0,3,2012,,2563,5,1,501.0,99,6,,,
2563,21,6,4,11,5,2,99,1,56,2,3.0,2.0,1997.0,1,2012,,2564,10,1,501.0,99,6,,,
2564,21,6,4,11,5,2,99,1,30,1,4.0,4.0,2007.0,1,2012,,2565,5,1,501.0,99,6,,,
2565,21,6,4,14,10,2,99,1,40,1,3.0,5.0,1988.0,1,2012,,2566,7,1,1001.0,99,6,,,
2566,21,6,4,14,10,2,99,1,28,1,2.0,4.0,2004.0,1,2012,,2567,4,1,1001.0,99,6,,,
2567,21,6,4,7,9,2,99,2,22,1,1.0,9.0,9999.0,2,2012,,2568,3,1,901.0,99,6,,,
2568,21,6,4,14,13,2,99,1,53,1,3.0,6.0,9999.0,2,2012,,2569,9,1,1301.0,99,6,,,
2569,22,6,5,10,1,1,1,1,30,1,1.0,2.0,9999.0,1,2012,,2570,5,1,101.0,99,6,,,
2570,22,6,5,10,1,1,1,1,50,1,2.0,3.0,9999.0,1,2012,,2571,9,1,101.0,99,6,,,
2571,22,6,5,15,1,1,13,2,22,1,1.0,3.0,1992.0,1,2012,,2572,3,1,101.0,99,6,,,
2572,22,6,5,15,1,1,13,1,18,1,4.0,1.0,2012.0,1,2012,,2573,2,1,101.0,99,6,,,
2573,22,6,5,1,1,1,12,1,28,1,4.0,1.0,9999.0,1,2012,,2574,4,1,101.0,99,6,,,
2574,22,6,5,1,1,1,12,1,35,1,1.0,11.0,9999.0,1,2012,,2575,6,1,101.0,99,6,,,
2575,22,6,5,9,5,2,99,1,35,9,4.0,5.0,9999.0,1,2012,,2576,6,1,508.0,99,6,,,
2576,22,6,5,9,5,2,99,9,999,9,5.0,99.0,9999.0,1,2012,,2577,11,9,508.0,99,6,,,
2577,22,6,5,11,10,2,99,1,30,9,4.0,1.0,2012.0,3,2012,,2578,5,1,1001.0,99,6,,,
2578,22,6,5,19,10,1,1,1,19,9,4.0,5.0,9999.0,2,2012,,2579,2,1,1001.0,99,6,,,
2579,22,6,5,6,11,2,99,1,52,9,4.0,5.0,9999.0,1,2012,,2580,9,1,1101.0,99,6,,,
2580,22,6,5,6,11,2,99,1,31,9,3.0,4.0,2003.0,1,2012,,2581,5,1,1101.0,99,6,,,
2581,22,6,5,5,12,2,99,1,30,1,5.0,2.0,1988.0,1,2012,,2582,5,1,1201.0,99,6,,,
2582,22,6,5,5,12,2,99,1,37,1,9.0,1.0,2005.0,1,2012,,2583,6,1,1201.0,99,6,,,
2583,22,6,5,18,17,2,99,9,999,9,2.0,10.0,9999.0,3,2012,,2584,11,9,1701.0,99,6,,,
2584,23,6,6,0,1,1,1,1,21,9,1.0,1.0,9999.0,1,2012,,2585,3,1,101.0,99,6,,,
2585,23,6,6,0,1,1,1,1,23,9,2.0,6.0,9999.0,1,2012,,2586,3,1,101.0,99,6,,,
2586,23,6,6,14,1,1,6,1,19,9,4.0,99.0,9999.0,2,2012,,2587,2,1,101.0,99,6,,,
2587,23,6,6,0,1,1,17,1,51,9,1.0,4.0,9999.0,1,2012,,2588,9,1,101.0,99,6,,,
2588,23,6,6,0,1,1,17,1,18,9,1.0,2.0,9999.0,1,2012,,2589,2,1,101.0,99,6,,,
2589,23,6,6,10,1,1,7,1,24,1,3.0,3.0,9999.0,1,2012,,2590,3,1,108.0,99,6,,,
2590,23,6,6,10,1,1,7,1,30,1,1.0,5.0,9999.0,1,2012,,2591,5,1,108.0,99,6,,,
2591,23,6,6,6,1,2,99,1,35,1,3.0,2.0,1987.0,1,2012,,2592,6,1,102.0,99,6,,,
2592,23,6,6,6,1,2,99,1,32,1,1.0,4.0,2009.0,1,2012,,2593,5,1,102.0,99,6,,,
2593,23,6,6,22,1,2,99,1,24,2,1.0,2.0,1995.0,2,2012,,2594,3,1,103.0,99,6,,,
2594,23,6,6,22,1,2,99,1,33,9,3.0,1.0,1991.0,1,2012,,2595,5,1,113.0,99,6,,,
2595,23,6,6,22,1,2,99,1,27,9,1.0,2.0,1994.0,1,2012,,2596,4,1,113.0,99,6,,,
2596,23,6,6,22,5,2,99,1,21,9,1.0,5.0,2005.0,3,2012,,2597,3,1,501.0,99,6,,,
2597,23,6,6,17,10,2,99,1,32,9,2.0,4.0,2004.0,1,2012,,2598,5,1,1001.0,99,6,,,
2598,23,6,6,17,10,2,99,1,52,9,3.0,4.0,1988.0,1,2012,,2599,9,1,1001.0,99,6,,,
2599,23,6,6,10,16,2,99,9,999,9,7.0,99.0,9999.0,3,2012,,2600,11,9,1601.0,99,6,,,
2600,23,6,6,19,16,2,99,2,27,2,1.0,2.0,9999.0,1,2012,,2601,4,1,1601.0,99,6,,,
2601,23,6,6,19,16,2,99,1,48,1,1.0,4.0,9999.0,1,2012,,2602,8,1,1601.0,99,6,,,
2602,23,6,6,16,2,2,99,1,60,1,4.0,3.0,2009.0,1,2012,,2603,10,1,201.0,99,6,,,
2603,23,6,6,16,2,2,99,9,999,9,3.0,99.0,9999.0,1,2012,,2604,11,9,201.0,99,6,,,
2604,23,6,6,0,18,2,99,1,30,9,4.0,5.0,9999.0,1,2012,,2605,5,1,1801.0,99,6,,,
2605,23,6,6,0,18,2,99,9,999,9,6.0,1.0,9999.0,1,2012,,2606,11,9,1801.0,99,6,,,
2606,23,6,6,10,7,2,99,1,36,9,1.0,14.0,2006.0,1,2012,,2607,6,1,701.0,99,6,,,
2607,23,6,6,10,7,2,99,1,48,9,1.0,4.0,2008.0,1,2012,,2608,8,1,701.0,99,6,,,
2608,24,6,7,5,1,2,12,1,22,9,1.0,1.0,9999.0,2,2012,,2609,3,1,101.0,99,6,,,
2609,24,6,7,11,1,1,10,1,24,9,99.0,99.0,9999.0,2,2012,,2610,3,1,101.0,99,6,,,
2610,24,6,7,18,1,2,99,9,999,9,7.0,1.0,9999.0,1,2012,,2611,11,9,107.0,99,6,,,
2611,24,6,7,18,1,2,99,1,26,9,4.0,5.0,9999.0,1,2012,,2612,4,1,107.0,99,6,,,
2612,24,6,7,9,1,2,99,1,23,9,1.0,5.0,1982.0,1,2012,,2613,3,1,113.0,99,6,,,
2613,24,6,7,9,1,2,99,1,40,9,3.0,6.0,1990.0,1,2012,,2614,7,1,113.0,99,6,,,
2614,24,6,7,13,1,2,99,1,33,9,3.0,1.0,9999.0,1,2012,,2615,5,1,111.0,99,6,,,
2615,24,6,7,13,1,2,99,9,999,9,1.0,4.0,9999.0,1,2012,,2616,11,9,111.0,99,6,,,
2616,24,6,7,13,1,2,99,9,999,9,1.0,6.0,9999.0,1,2012,,2617,11,9,111.0,99,6,,,
2617,24,6,7,12,20,2,99,1,44,9,3.0,6.0,2002.0,1,2012,,2618,7,1,2001.0,99,6,,,
2618,24,6,7,12,20,2,99,1,38,9,4.0,3.0,9999.0,1,2012,,2619,6,1,2001.0,99,6,,,
2619,24,6,7,19,20,2,99,1,44,9,1.0,8.0,9999.0,1,2012,,2620,7,1,2001.0,99,6,,,
2620,24,6,7,19,20,2,99,1,32,9,4.0,4.0,2011.0,1,2012,,2621,5,1,2001.0,99,6,,,
2621,24,6,7,15,19,2,99,9,999,9,5.0,99.0,9999.0,2,2012,,2622,11,9,1901.0,99,6,,,
2622,24,6,7,13,5,2,99,1,43,9,1.0,11.0,9999.0,1,2012,,2623,7,1,501.0,99,6,,,
2623,24,6,7,13,5,2,99,1,56,9,4.0,1.0,9999.0,1,2012,,2624,10,1,501.0,99,6,,,
2624,24,6,7,0,9,2,99,1,40,9,3.0,6.0,9999.0,1,2012,,2625,7,1,901.0,99,6,,,
2625,24,6,7,0,9,2,99,1,21,9,1.0,3.0,9999.0,1,2012,,2626,3,1,901.0,99,6,,,
2626,24,6,7,2,16,1,2,1,33,9,2.0,3.0,9999.0,1,2012,,2627,5,1,1601.0,99,6,,,
2627,24,6,7,2,16,1,2,9,999,9,1.0,2.0,1995.0,1,2012,,2628,11,9,1601.0,99,6,,,
2628,24,6,7,17,16,2,99,1,20,9,4.0,99.0,9999.0,3,2012,,2629,3,1,1601.0,99,6,,,
2629,24,6,7,23,17,2,99,1,21,9,1.0,5.0,2005.0,1,2012,,2630,3,1,1701.0,99,6,,,
2630,24,6,7,23,17,2,99,1,19,9,4.0,1.0,9999.0,1,2012,,2631,2,1,1701.0,99,6,,,
2631,25,6,1,15,1,1,6,1,23,1,1.0,4.0,2004.0,1,2012,,2632,3,1,101.0,99,6,,,
2632,25,6,1,15,1,1,6,1,35,9,4.0,4.0,9999.0,1,2012,,2633,6,1,101.0,99,6,,,
2633,25,6,1,16,1,1,13,9,999,9,5.0,99.0,9999.0,1,2012,,2634,11,9,101.0,99,6,,,
2634,25,6,1,16,1,1,13,1,37,9,4.0,99.0,9999.0,1,2012,,2635,6,1,101.0,99,6,,,
2635,25,6,1,5,1,1,7,1,39,9,10.0,2.0,9999.0,1,2012,,2636,6,1,101.0,99,6,,,
2636,25,6,1,5,1,1,7,1,28,9,7.0,1.0,9999.0,1,2012,,2637,4,1,101.0,99,6,,,
2637,25,6,1,14,1,1,2,1,46,9,6.0,1.0,9999.0,1,2012,,2638,8,1,115.0,99,6,,,
2638,25,6,1,14,1,1,2,1,45,9,1.0,1.0,9999.0,1,2012,,2639,8,1,115.0,99,6,,,
2639,25,6,1,7,1,2,99,9,999,9,11.0,2.0,2012.0,3,2012,,2640,11,9,114.0,99,6,,,
2640,25,6,1,12,1,1,4,1,27,9,1.0,5.0,2006.0,1,2012,,2641,4,1,108.0,99,6,,,
2641,25,6,1,12,1,1,4,1,21,9,4.0,7.0,2007.0,1,2012,,2642,3,1,108.0,99,6,,,
2642,25,6,1,11,22,2,99,1,62,9,3.0,1.0,1988.0,1,2012,,2643,10,1,2201.0,99,6,,,
2643,25,6,1,11,22,2,99,9,999,9,2.0,1.0,9999.0,1,2012,,2644,11,9,2201.0,99,6,,,
2644,25,6,1,0,17,2,99,9,999,9,3.0,9.0,9999.0,1,2012,,2645,11,9,1712.0,99,6,,,
2645,25,6,1,0,17,2,99,1,58,9,4.0,2.0,9999.0,1,2012,,2646,10,1,1712.0,99,6,,,
2646,25,6,1,6,7,2,99,1,34,9,3.0,5.0,9999.0,3,2012,,2647,5,1,718.0,99,6,,,
2647,25,6,1,19,7,2,99,1,19,9,4.0,99.0,9999.0,2,2012,,2648,2,1,713.0,99,6,,,
2648,25,6,1,20,4,2,99,1,25,9,3.0,5.0,9999.0,1,2012,,2649,4,1,415.0,99,6,,,
2649,25,6,1,20,4,2,99,1,21,9,2.0,5.0,2002.0,1,2012,,2650,3,1,415.0,99,6,,,
2650,26,6,2,20,1,1,1,1,29,1,4.0,5.0,9999.0,1,2012,,2651,4,1,101.0,99,6,,,
2651,26,6,2,20,1,1,1,1,11,1,4.0,99.0,9999.0,1,2012,,2652,1,2,101.0,99,6,,,
2652,26,6,2,6,1,1,9,1,33,1,3.0,5.0,9999.0,1,2012,,2653,5,1,101.0,99,6,,,
2653,26,6,2,6,1,1,9,1,37,1,3.0,9.0,2009.0,1,2012,,2654,6,1,101.0,99,6,,,
2654,26,6,2,6,1,1,1,1,34,1,3.0,5.0,9999.0,1,2012,,2655,5,1,101.0,99,6,,,
2655,26,6,2,6,1,1,1,1,21,1,3.0,1.0,9999.0,1,2012,,2656,3,1,101.0,99,6,,,
2656,26,6,2,7,1,2,99,9,999,9,7.0,1.0,1995.0,1,2012,,2657,11,9,115.0,99,6,,,
2657,26,6,2,7,1,2,99,1,48,1,1.0,3.0,9999.0,1,2012,,2658,8,1,115.0,99,6,,,
2658,26,6,2,14,1,1,2,1,37,1,4.0,99.0,9999.0,1,2012,,2659,6,1,108.0,99,6,,,
2659,26,6,2,14,1,1,2,1,19,1,4.0,4.0,2012.0,1,2012,,2660,2,1,108.0,99,6,,,
2660,26,6,2,20,14,2,99,1,18,1,4.0,99.0,9999.0,1,2012,,2661,2,1,1415.0,99,6,,,
2661,26,6,2,20,14,2,99,1,45,9,5.0,99.0,9999.0,1,2012,,2662,8,1,1415.0,99,6,,,
2662,26,6,2,23,4,2,99,9,999,9,5.0,99.0,9999.0,1,2012,,2663,11,9,406.0,99,6,,,
2663,26,6,2,23,4,2,99,1,26,2,4.0,99.0,9999.0,1,2012,,2664,4,1,406.0,99,6,,,
2664,27,6,3,19,1,1,6,1,26,9,12.0,1.0,9999.0,1,2012,,2665,4,1,101.0,99,6,,,
2665,27,6,3,19,1,1,6,1,25,9,2.0,3.0,9999.0,1,2012,,2666,4,1,101.0,99,6,,,
2666,27,6,3,19,1,1,6,9,999,9,4.0,5.0,9999.0,1,2012,,2667,11,9,101.0,99,6,,,
2667,27,6,3,23,1,1,9,9,999,9,1.0,99.0,9999.0,1,2012,,2668,11,9,117.0,99,6,,,
2668,27,6,3,23,1,1,9,1,24,1,4.0,4.0,9999.0,1,2012,,2669,3,1,117.0,99,6,,,
2669,27,6,3,19,21,1,99,1,57,2,2.0,5.0,9999.0,1,2012,,2670,10,1,2106.0,99,6,,,
2670,27,6,3,19,21,1,99,1,34,1,2.0,5.0,1994.0,1,2012,,2671,5,1,2106.0,99,6,,,
2671,27,6,3,19,21,1,99,1,45,1,2.0,9.0,1999.0,1,2012,,2672,8,1,2106.0,99,6,,,
2672,27,6,3,11,6,2,99,1,26,9,4.0,99.0,9999.0,2,2012,,2673,4,1,604.0,99,6,,,
2673,27,6,3,18,4,1,1,9,999,9,4.0,99.0,9999.0,1,2012,,2674,11,9,401.0,99,6,,,
2674,27,6,3,18,4,1,1,1,36,9,4.0,99.0,9999.0,1,2012,,2675,6,1,401.0,99,6,,,
2675,28,6,4,23,1,1,2,1,32,1,3.0,2.0,9999.0,1,2012,,2676,5,1,101.0,99,6,,,
2676,28,6,4,23,1,1,2,1,68,1,1.0,1.0,9999.0,1,2012,,2677,10,1,101.0,99,6,,,
2677,28,6,4,23,1,1,2,1,25,1,2.0,99.0,9999.0,1,2012,,2678,4,1,101.0,99,6,,,
2678,28,6,4,23,1,1,2,9,999,9,5.0,1.0,9999.0,1,2012,,2679,11,9,101.0,99,6,,,
2679,28,6,4,23,1,1,2,1,18,9,4.0,99.0,9999.0,1,2012,,2680,2,1,101.0,99,6,,,
2680,28,6,4,9,1,1,7,9,999,9,1.0,99.0,9999.0,1,2012,,2681,11,9,101.0,99,6,,,
2681,28,6,4,9,1,1,7,1,19,9,4.0,99.0,9999.0,1,2012,,2682,2,1,101.0,99,6,,,
2682,28,6,4,23,1,1,12,9,999,9,1.0,99.0,9999.0,1,2012,,2683,11,9,101.0,99,6,,,
2683,28,6,4,23,1,1,12,1,26,9,4.0,5.0,9999.0,1,2012,,2684,4,1,101.0,99,6,,,
2684,28,6,4,2,1,1,3,9,999,9,5.0,99.0,9999.0,1,2012,,2685,11,9,108.0,99,6,,,
2685,28,6,4,2,1,1,3,1,25,1,4.0,5.0,9999.0,1,2012,,2686,4,1,108.0,99,6,,,
2686,28,6,4,16,5,2,99,9,999,9,6.0,2.0,9999.0,1,2012,,2687,11,9,511.0,99,6,,,
2687,28,6,4,16,5,2,99,1,40,9,6.0,5.0,9999.0,1,2012,,2688,7,1,511.0,99,6,,,
2688,28,6,4,16,5,2,99,1,25,9,1.0,3.0,9999.0,1,2012,,2689,4,1,511.0,99,6,,,
2689,28,6,4,16,5,2,99,1,43,9,3.0,6.0,9999.0,1,2012,,2690,7,1,511.0,99,6,,,
2690,28,6,4,17,10,1,99,1,49,1,4.0,99.0,9999.0,3,2012,,2691,8,1,1001.0,99,6,,,
2691,28,6,4,15,13,1,1,1,27,1,4.0,4.0,2000.0,1,2012,,2692,4,1,1302.0,99,6,,,
2692,28,6,4,15,13,1,1,1,28,1,14.0,1.0,9999.0,1,2012,,2693,4,1,1302.0,99,6,,,
2693,28,6,4,14,13,2,99,1,31,2,3.0,99.0,1986.0,1,2012,,2694,5,1,1306.0,99,6,,,
2694,28,6,4,14,13,2,99,9,999,9,4.0,2.0,2007.0,1,2012,,2695,11,9,1306.0,99,6,,,
2695,28,6,4,19,8,2,99,1,34,9,3.0,4.0,9999.0,2,2012,,2696,5,1,802.0,99,6,,,
2696,28,6,4,16,18,2,99,1,62,9,4.0,99.0,9999.0,3,2012,,2697,10,1,1801.0,99,6,,,
2697,28,6,4,7,18,2,99,1,29,9,1.0,4.0,9999.0,1,2012,,2698,4,1,1801.0,99,6,,,
2698,28,6,4,7,18,2,99,9,999,9,6.0,4.0,9999.0,1,2012,,2699,11,9,1801.0,99,6,,,
2699,29,6,5,23,1,1,9,1,26,2,1.0,1.0,9999.0,1,2012,,2700,4,1,101.0,99,6,,,
2700,29,6,5,23,1,1,9,1,46,1,1.0,6.0,9999.0,1,2012,,2701,8,1,101.0,99,6,,,
2701,29,6,5,6,1,2,99,9,999,9,5.0,99.0,9999.0,1,2012,,2702,11,9,102.0,99,6,,,
2702,29,6,5,6,1,2,99,1,32,9,4.0,9.0,9999.0,1,2012,,2703,5,1,102.0,99,6,,,
2703,29,6,5,0,1,2,99,1,26,9,1.0,1.0,9999.0,1,2012,,2704,4,1,117.0,99,6,,,
2704,29,6,5,0,1,2,99,1,26,9,4.0,1.0,9999.0,1,2012,,2705,4,1,117.0,99,6,,,
2705,29,6,5,20,9,2,99,1,28,9,3.0,3.0,9999.0,1,2012,,2706,4,1,901.0,99,6,,,
2706,29,6,5,20,9,2,99,1,24,9,4.0,1.0,9999.0,1,2012,,2707,3,1,901.0,99,6,,,
2707,29,6,5,18,12,2,99,1,50,9,1.0,1.0,9999.0,1,2012,,2708,9,1,1201.0,99,6,,,
2708,29,6,5,18,12,2,99,1,43,9,4.0,3.0,9999.0,1,2012,,2709,7,1,1201.0,99,6,,,
2709,29,6,5,15,12,2,99,9,999,9,1.0,4.0,9999.0,1,2012,,2710,11,9,1201.0,99,6,,,
2710,29,6,5,15,12,2,99,1,17,9,14.0,1.0,9999.0,1,2012,,2711,2,2,1201.0,99,6,,,
2711,29,6,5,6,14,2,99,9,999,9,9.0,4.0,9999.0,4,2012,,2712,11,9,1401.0,99,6,,,
2712,29,6,5,14,14,2,99,1,30,9,14.0,1.0,2008.0,1,2012,,2713,5,1,1401.0,99,6,,,
2713,29,6,5,14,14,2,99,1,21,9,4.0,5.0,9999.0,1,2012,,2714,3,1,1401.0,99,6,,,
2714,30,6,6,8,1,1,1,1,28,9,4.0,5.0,2009.0,1,2012,,2715,4,1,101.0,99,6,,,
2715,30,6,6,8,1,1,1,1,34,9,4.0,1.0,2002.0,1,2012,,2716,5,1,101.0,99,6,,,
2716,30,6,6,2,1,1,6,2,55,9,1.0,1.0,9999.0,1,2012,,2717,10,1,101.0,99,6,,,
2717,30,6,6,2,1,1,6,9,999,9,1.0,3.0,9999.0,1,2012,,2718,11,9,101.0,99,6,,,
2718,30,6,6,10,1,2,99,1,55,9,6.0,2.0,1994.0,1,2012,,2719,10,1,105.0,99,6,,,
2719,30,6,6,10,1,2,99,1,42,9,4.0,3.0,9999.0,1,2012,,2720,7,1,105.0,99,6,,,
2720,30,6,6,2,1,2,99,1,21,9,1.0,14.0,1997.0,2,2012,,2721,3,1,102.0,99,6,,,
2721,30,6,6,3,1,1,10,1,39,9,4.0,1.0,9999.0,1,2012,,2722,6,1,101.0,99,6,,,
2722,30,6,6,3,1,1,10,1,26,9,1.0,3.0,9999.0,1,2012,,2723,4,1,101.0,99,6,,,
2723,30,6,6,12,1,1,13,1,20,9,5.0,2.0,9999.0,4,2012,,2724,3,1,101.0,99,6,,,
2724,30,6,6,10,1,2,99,1,30,9,12.0,1.0,9999.0,2,2012,,2725,5,1,102.0,99,6,,,
2725,30,6,6,14,1,2,99,2,38,9,1.0,5.0,9999.0,1,2012,,2726,6,1,115.0,99,6,,,
2726,30,6,6,14,1,2,99,1,24,9,4.0,1.0,9999.0,1,2012,,2727,3,1,115.0,99,6,,,
2727,30,6,6,15,19,2,99,1,26,9,3.0,9.0,1990.0,1,2012,,2728,4,1,1903.0,99,6,,,
2728,30,6,6,15,19,2,99,1,26,9,4.0,5.0,2012.0,1,2012,,2729,4,1,1903.0,99,6,,,
2729,30,6,6,9,6,2,99,1,21,9,3.0,2.0,9999.0,1,2012,,2730,3,1,601.0,99,6,,,
2730,30,6,6,20,10,2,99,1,47,9,6.0,8.0,1991.0,1,2012,,2731,8,1,1002.0,99,6,,,
2731,30,6,6,20,10,2,99,1,22,9,4.0,5.0,2006.0,1,2012,,2732,3,1,1002.0,99,6,,,
2732,30,6,6,15,9,1,2,1,25,2,4.0,1.0,2010.0,1,2012,,2733,4,1,901.0,99,6,,,
2733,30,6,6,15,9,1,2,1,31,1,2.0,1.0,1997.0,1,2012,,2734,5,1,901.0,99,6,,,
2734,30,6,6,16,9,2,99,1,62,2,1.0,2.0,2010.0,1,2012,,2735,10,1,901.0,99,6,,,
2735,30,6,6,16,9,2,99,1,22,1,1.0,2.0,9999.0,1,2012,,2736,3,1,901.0,99,6,,,
2736,30,6,6,17,9,2,99,1,33,1,3.0,6.0,1998.0,1,2012,,2737,5,1,901.0,99,6,,,
2737,30,6,6,17,9,2,99,1,22,1,1.0,6.0,2001.0,1,2012,,2738,3,1,901.0,99,6,,,
2738,30,6,6,1,18,2,99,1,26,2,1.0,4.0,9999.0,1,2012,,2739,4,1,1801.0,99,6,,,
2739,30,6,6,1,18,2,99,9,999,9,1.0,6.0,9999.0,1,2012,,2740,11,9,1801.0,99,6,,,
2740,30,6,6,23,18,2,99,1,18,9,4.0,4.0,2012.0,2,2012,,2741,2,1,1801.0,99,6,,,
2741,30,6,6,16,17,2,99,1,25,1,9.0,3.0,2012.0,1,2012,,2742,4,1,1701.0,99,6,,,
2742,30,6,6,16,17,2,99,2,17,1,4.0,3.0,9999.0,1,2012,,2743,2,2,1701.0,99,6,,,
2743,1,7,7,2,1,2,99,9,999,9,1.0,2.0,9999.0,1,2012,,2744,11,9,107.0,99,6,,,
2744,1,7,7,2,1,2,99,1,36,1,1.0,2.0,1983.0,1,2012,,2745,6,1,107.0,99,6,,,
2745,1,7,7,0,1,1,18,1,23,1,3.0,2.0,9999.0,3,2012,,2746,3,1,101.0,99,6,,,
2746,1,7,7,10,1,1,6,1,25,2,4.0,5.0,2001.0,1,2012,,2747,4,1,101.0,99,6,,,
2747,1,7,7,10,1,1,6,1,19,1,1.0,2.0,2006.0,1,2012,,2748,2,1,101.0,99,6,,,
2748,1,7,7,3,1,1,10,1,42,2,1.0,1.0,2006.0,1,2012,,2749,7,1,101.0,99,6,,,
2749,1,7,7,3,1,1,10,1,22,9,1.0,2.0,1999.0,1,2012,,2750,3,1,101.0,99,6,,,
2750,1,7,7,23,1,1,5,1,65,1,1.0,2.0,2006.0,1,2012,,2751,10,1,101.0,99,6,,,
2751,1,7,7,23,1,1,5,1,39,1,1.0,6.0,9999.0,1,2012,,2752,6,1,101.0,99,6,,,
2752,1,7,7,19,1,1,12,1,30,2,2.0,5.0,9999.0,2,2012,,2753,5,1,101.0,99,6,,,
2753,1,7,7,23,1,1,11,1,29,1,1.0,3.0,9999.0,1,2012,,2754,4,1,101.0,99,6,,,
2754,1,7,7,23,1,1,11,1,27,9,4.0,3.0,9999.0,1,2012,,2755,4,1,101.0,99,6,,,
2755,1,7,7,11,1,1,3,2,50,1,1.0,2.0,9999.0,2,2012,,2756,9,1,108.0,99,6,,,
2756,1,7,7,15,1,1,3,1,68,1,3.0,1.0,1998.0,1,2012,,2757,10,1,108.0,99,6,,,
2757,1,7,7,15,1,1,3,2,27,1,4.0,3.0,9999.0,1,2012,,2758,4,1,108.0,99,6,,,
2758,1,7,7,17,1,1,7,1,43,1,3.0,5.0,2007.0,1,2012,,2759,7,1,108.0,99,6,,,
2759,1,7,7,17,1,1,7,1,40,1,1.0,1.0,1992.0,1,2012,,2760,7,1,108.0,99,6,,,
2760,1,7,7,15,21,1,5,1,24,1,9.0,2.0,2006.0,1,2012,,2761,3,1,2101.0,99,6,,,
2761,1,7,7,15,21,1,5,1,19,1,4.0,5.0,9999.0,1,2012,,2762,2,1,2101.0,99,6,,,
2762,1,7,7,21,19,2,99,1,21,9,4.0,5.0,9999.0,1,2012,,2763,3,1,1901.0,99,6,,,
2763,1,7,7,21,19,2,99,9,999,9,1.0,99.0,9999.0,1,2012,,2764,11,9,1901.0,99,6,,,
2764,2,7,1,18,1,1,7,2,27,9,1.0,5.0,9999.0,3,2012,,2765,4,1,101.0,99,6,,,
2765,2,7,1,5,1,1,12,1,33,9,1.0,4.0,2003.0,2,2012,,2766,5,1,115.0,99,6,,,
2766,2,7,1,20,1,1,7,1,48,9,1.0,2.0,9999.0,1,2012,,2767,8,1,101.0,99,6,,,
2767,2,7,1,20,1,1,7,1,23,9,4.0,3.0,9999.0,1,2012,,2768,3,1,101.0,99,6,,,
2768,2,7,1,18,20,2,99,1,25,9,1.0,2.0,1994.0,1,2012,,2769,4,1,2001.0,99,6,,,
2769,2,7,1,18,20,2,99,1,43,9,3.0,1.0,9999.0,1,2012,,2770,7,1,2001.0,99,6,,,
2770,2,7,1,18,20,2,99,9,999,9,1.0,5.0,2001.0,1,2012,,2771,11,9,2001.0,99,6,,,
2771,2,7,1,11,5,2,99,1,22,9,2.0,3.0,9999.0,1,2012,,2772,3,1,501.0,99,6,,,
2772,2,7,1,11,5,2,99,1,51,9,3.0,2.0,9999.0,1,2012,,2773,9,1,501.0,99,6,,,
2773,2,7,1,18,8,2,99,1,23,9,9.0,1.0,9999.0,3,2012,,2774,3,1,801.0,99,6,,,
2774,2,7,1,21,8,2,99,9,999,9,9.0,99.0,9999.0,4,2012,,2775,11,9,801.0,99,6,,,
2775,2,7,1,9,16,2,99,1,23,9,3.0,9.0,9999.0,1,2012,,2776,3,1,1601.0,99,6,,,
2776,2,7,1,9,16,2,99,9,999,9,6.0,1.0,9999.0,1,2012,,2777,11,9,1601.0,99,6,,,
2777,2,7,1,21,3,2,99,1,52,9,5.0,6.0,9999.0,1,2012,,2778,9,1,301.0,99,6,,,
2778,2,7,1,21,3,2,99,1,20,9,1.0,5.0,9999.0,1,2012,,2779,3,1,301.0,99,6,,,
2779,2,7,1,21,3,2,99,9,999,9,1.0,11.0,9999.0,1,2012,,2780,11,9,301.0,99,6,,,
2780,2,7,1,21,3,2,99,1,24,9,5.0,2.0,9999.0,1,2012,,2781,3,1,301.0,99,6,,,
2781,2,7,1,21,3,2,99,1,28,9,4.0,1.0,9999.0,1,2012,,2782,4,1,301.0,99,6,,,
2782,3,7,2,9,1,2,99,1,35,9,2.0,2.0,9999.0,1,2012,,2783,6,1,114.0,99,6,,,
2783,3,7,2,9,1,2,99,1,43,9,5.0,2.0,9999.0,1,2012,,2784,7,1,114.0,99,6,,,
2784,3,7,2,9,1,2,99,9,999,9,6.0,1.0,9999.0,1,2012,,2785,11,9,114.0,99,6,,,
2785,3,7,2,16,4,2,99,1,25,9,9.0,2.0,9999.0,3,2012,,2786,4,1,412.0,99,6,,,
2786,4,7,3,18,1,2,99,1,53,9,4.0,5.0,9999.0,1,2012,,2787,9,1,110.0,99,6,,,
2787,4,7,3,18,1,2,99,9,999,9,7.0,7.0,9999.0,1,2012,,2788,11,9,110.0,99,6,,,
2788,4,7,3,9,5,2,99,1,27,9,9.0,99.0,2010.0,1,2012,,2789,4,1,501.0,99,6,,,
2789,4,7,3,9,5,2,99,1,39,9,4.0,3.0,2009.0,1,2012,,2790,6,1,501.0,99,6,,,
2790,4,7,3,10,11,2,99,1,65,1,3.0,1.0,1987.0,2,2012,,2791,10,1,1103.0,99,6,,,
2791,5,7,4,23,1,1,18,2,44,1,1.0,4.0,9999.0,1,2012,,2792,7,1,101.0,99,6,,,
2792,5,7,4,23,1,1,18,1,30,1,10.0,2.0,9999.0,1,2012,,2793,5,1,101.0,99,6,,,
2793,5,7,4,23,1,1,15,9,999,9,2.0,4.0,9999.0,2,2012,,2794,11,9,101.0,99,6,,,
2794,5,7,4,11,1,1,7,1,39,1,10.0,99.0,2004.0,1,2012,,2795,6,1,101.0,99,6,,,
2795,5,7,4,11,1,1,7,1,20,1,1.0,1.0,1994.0,1,2012,,2796,3,1,101.0,99,6,,,
2796,5,7,4,15,1,1,99,9,999,9,7.0,10.0,9999.0,2,2012,,2797,11,9,114.0,99,6,,,
2797,5,7,4,21,1,1,99,1,20,9,4.0,99.0,9999.0,3,2012,,2798,3,1,110.0,99,6,,,
2798,5,7,4,19,5,2,99,1,49,9,4.0,99.0,9999.0,2,2012,,2799,8,1,507.0,99,6,,,
2799,5,7,4,13,5,2,99,1,25,9,1.0,2.0,9999.0,2,2012,,2800,4,1,511.0,99,6,,,
2800,5,7,4,22,12,1,1,1,18,9,3.0,5.0,1991.0,1,2012,,2801,2,1,1202.0,99,6,,,
2801,5,7,4,22,12,1,1,1,25,1,4.0,6.0,9999.0,1,2012,,2802,4,1,1202.0,99,6,,,
2802,5,7,4,14,12,2,99,1,15,9,2.0,5.0,9999.0,3,2012,,2803,2,2,1225.0,99,6,,,
2803,5,7,4,9,12,2,99,1,34,1,3.0,99.0,9999.0,1,2012,,2804,5,1,1208.0,99,6,,,
2804,5,7,4,9,12,2,99,9,999,9,5.0,99.0,9999.0,1,2012,,2805,11,9,1208.0,99,6,,,
2805,5,7,4,20,13,2,99,1,31,2,5.0,2.0,9999.0,2,2012,,2806,5,1,1302.0,99,6,,,
2806,5,7,4,20,17,2,99,9,999,9,2.0,99.0,9999.0,1,2012,,2807,11,9,1701.0,99,6,,,
2807,5,7,4,20,17,2,99,2,37,1,4.0,99.0,9999.0,1,2012,,2808,6,1,1701.0,99,6,,,
2808,6,7,5,2,1,2,99,1,30,1,1.0,4.0,2009.0,2,2012,,2809,5,1,102.0,99,6,,,
2809,6,7,5,17,1,2,3,1,35,1,3.0,3.0,1979.0,2,2012,,2810,6,1,108.0,99,6,,,
2810,6,7,5,12,22,2,99,9,999,9,3.0,2.0,9999.0,1,2012,,2811,11,9,2201.0,99,6,,,
2811,6,7,5,12,22,2,99,1,25,1,3.0,3.0,2006.0,1,2012,,2812,4,1,2201.0,99,6,,,
2812,6,7,5,11,21,2,99,9,999,9,3.0,11.0,9999.0,1,2012,,2813,11,9,2106.0,99,6,,,
2813,6,7,5,11,21,2,99,1,14,1,4.0,99.0,9999.0,1,2012,,2814,1,2,2106.0,99,6,,,
2814,6,7,5,6,5,2,99,9,999,9,1.0,99.0,9999.0,1,2012,,2815,11,9,507.0,99,6,,,
2815,6,7,5,6,5,2,99,1,23,9,4.0,1.0,9999.0,1,2012,,2816,3,1,507.0,99,6,,,
2816,6,7,5,18,5,2,99,1,45,9,3.0,1.0,9999.0,2,2012,,2817,8,1,501.0,99,6,,,
2817,6,7,5,18,10,2,99,1,35,1,3.0,2.0,1993.0,1,2012,,2818,6,1,1001.0,99,6,,,
2818,6,7,5,18,10,2,99,1,19,1,4.0,99.0,9999.0,1,2012,,2819,2,1,1001.0,99,6,,,
2819,6,7,5,22,11,2,99,9,999,9,6.0,2.0,9999.0,2,2012,,2820,11,9,1109.0,99,6,,,
2820,6,7,5,21,9,2,99,9,999,9,1.0,99.0,9999.0,1,2012,,2821,11,9,903.0,99,6,,,
2821,6,7,5,21,9,2,99,1,15,9,4.0,1.0,9999.0,1,2012,,2822,2,2,903.0,99,6,,,
2822,6,7,5,19,2,2,99,1,32,1,4.0,5.0,9999.0,1,2012,,2823,5,1,201.0,99,6,,,
2823,6,7,5,19,2,2,99,1,54,1,4.0,1.0,9999.0,1,2012,,2824,9,1,201.0,99,6,,,
2824,6,7,5,14,2,2,99,1,40,1,9.0,1.0,2009.0,1,2012,,2825,7,1,201.0,99,6,,,
2825,6,7,5,14,2,2,99,1,26,1,1.0,4.0,9999.0,1,2012,,2826,4,1,201.0,99,6,,,
2826,6,7,5,11,17,2,99,1,22,1,4.0,5.0,9999.0,1,2012,,2827,3,1,1712.0,99,6,,,
2827,6,7,5,11,17,2,99,1,28,1,4.0,6.0,9999.0,1,2012,,2828,4,1,1712.0,99,6,,,
2828,6,7,5,19,17,2,99,1,19,1,4.0,99.0,9999.0,1,2012,,2829,2,1,1712.0,99,6,,,
2829,6,7,5,19,17,2,99,1,30,1,4.0,99.0,9999.0,1,2012,,2830,5,1,1712.0,99,6,,,
2830,7,7,6,6,1,1,8,1,51,9,1.0,1.0,9999.0,2,2012,,2831,9,1,101.0,99,6,,,
2831,7,7,6,21,1,2,3,1,35,9,4.0,3.0,9999.0,3,2012,,2832,6,1,108.0,99,6,,,
2832,7,7,6,16,5,2,99,1,28,9,1.0,5.0,9999.0,4,2012,,2833,4,1,501.0,99,6,,,
2833,7,7,6,18,5,2,99,1,35,9,9.0,1.0,9999.0,1,2012,,2834,6,1,501.0,99,6,,,
2834,7,7,6,18,5,2,99,1,16,9,4.0,3.0,9999.0,1,2012,,2835,2,2,501.0,99,6,,,
2835,8,7,7,0,1,1,13,1,34,1,1.0,2.0,9999.0,1,2012,,2836,5,1,101.0,99,6,,,
2836,8,7,7,0,1,1,13,1,24,1,4.0,5.0,9999.0,1,2012,,2837,3,1,101.0,99,6,,,
2837,8,7,7,21,1,1,2,1,26,9,1.0,11.0,1999.0,2,2012,,2838,4,1,103.0,99,6,,,
2838,8,7,7,3,1,1,99,1,35,2,1.0,4.0,1989.0,1,2012,,2839,6,1,117.0,99,6,,,
2839,8,7,7,3,1,1,99,1,25,2,3.0,9.0,9999.0,1,2012,,2840,4,1,117.0,99,6,,,
2840,8,7,7,19,1,1,1,1,17,9,1.0,4.0,2001.0,1,2012,,2841,2,2,111.0,99,6,,,
2841,8,7,7,19,1,1,1,1,20,9,4.0,1.0,1979.0,1,2012,,2842,3,1,111.0,99,6,,,
2842,8,7,7,19,22,2,99,1,27,1,4.0,99.0,9999.0,3,2012,,2843,4,1,2217.0,99,6,,,
2843,8,7,7,15,21,2,99,9,999,9,1.0,99.0,9999.0,1,2012,,2844,11,9,2101.0,99,6,,,
2844,8,7,7,15,21,2,99,1,23,9,4.0,1.0,9999.0,1,2012,,2845,3,1,2101.0,99,6,,,
2845,8,7,7,6,5,2,99,9,999,9,1.0,2.0,9999.0,4,2012,,2846,11,9,511.0,99,6,,,
2846,8,7,7,11,6,2,99,1,52,9,5.0,7.0,9999.0,3,2012,,2847,9,1,601.0,99,6,,,
2847,8,7,7,7,9,1,8,1,43,9,3.0,6.0,9999.0,1,2012,,2848,7,1,901.0,99,6,,,
2848,8,7,7,7,9,1,8,2,50,9,1.0,4.0,9999.0,1,2012,,2849,9,1,901.0,99,6,,,
2849,9,7,1,14,15,2,99,1,15,9,3.0,3.0,9999.0,3,2012,,2850,2,2,1501.0,99,6,,,
2850,9,7,1,3,2,2,99,1,32,9,2.0,2.0,9999.0,4,2012,,2851,5,1,203.0,99,6,,,
2851,10,7,2,0,1,1,6,1,19,1,4.0,5.0,9999.0,1,2012,,2852,2,1,101.0,99,6,,,
2852,10,7,2,0,1,1,6,2,33,1,9.0,2.0,2003.0,1,2012,,2853,5,1,101.0,99,6,,,
2853,10,7,2,9,1,2,99,9,999,9,6.0,11.0,9999.0,1,2012,,2854,11,9,115.0,99,6,,,
2854,10,7,2,9,1,2,99,1,35,9,4.0,5.0,9999.0,1,2012,,2855,6,1,115.0,99,6,,,
2855,10,7,2,22,13,1,4,1,19,9,2.0,6.0,1995.0,2,2012,,2856,2,1,1301.0,99,6,,,
2856,11,7,3,20,1,1,16,1,47,9,2.0,11.0,2003.0,1,2012,,2857,8,1,101.0,99,6,,,
2857,11,7,3,20,1,1,16,1,20,9,4.0,5.0,9999.0,1,2012,,2858,3,1,101.0,99,6,,,
2858,11,7,3,17,22,2,99,1,44,9,3.0,2.0,1999.0,1,2012,,2859,7,1,2214.0,99,6,,,
2859,11,7,3,12,5,2,99,9,999,9,5.0,2.0,2004.0,1,2012,,2860,11,9,501.0,99,6,,,
2860,11,7,3,12,5,2,99,2,33,9,4.0,5.0,9999.0,1,2012,,2861,5,1,501.0,99,6,,,
2861,11,7,3,5,6,2,99,1,57,9,2.0,1.0,2012.0,1,2012,,2862,10,1,602.0,99,6,,,
2862,11,7,3,5,6,2,99,1,21,9,4.0,1.0,2009.0,1,2012,,2863,3,1,602.0,99,6,,,
2863,11,7,3,19,17,2,99,1,46,9,3.0,6.0,2011.0,1,2012,,2864,8,1,1701.0,99,6,,,
2864,11,7,3,19,17,2,99,2,22,9,4.0,3.0,1999.0,1,2012,,2865,3,1,1701.0,99,6,,,
2865,11,7,3,11,17,2,99,9,999,9,3.0,3.0,9999.0,1,2012,,2866,11,9,1701.0,99,6,,,
2866,11,7,3,11,17,2,99,9,999,9,3.0,3.0,9999.0,1,2012,,2867,11,9,1701.0,99,6,,,
2867,12,7,4,23,1,1,13,1,26,9,8.0,1.0,9999.0,2,2012,,2868,4,1,101.0,99,6,,,
2868,12,7,4,18,22,2,99,1,29,2,1.0,14.0,9999.0,1,2012,,2869,4,1,2201.0,99,6,,,
2869,12,7,4,18,22,2,99,2,25,1,4.0,1.0,2011.0,1,2012,,2870,4,1,2201.0,99,6,,,
2870,12,7,4,18,22,2,99,2,38,1,4.0,1.0,2010.0,1,2012,,2871,6,1,2201.0,99,6,,,
2871,12,7,4,13,19,2,99,1,17,9,3.0,6.0,2012.0,1,2012,,2872,2,2,1901.0,99,6,,,
2872,12,7,4,13,19,2,99,1,35,9,9.0,6.0,1999.0,1,2012,,2873,6,1,1901.0,99,6,,,
2873,12,7,4,21,5,2,99,1,31,9,5.0,7.0,1987.0,1,2012,,2874,5,1,501.0,99,6,,,
2874,12,7,4,21,5,2,99,1,30,9,1.0,3.0,9999.0,1,2012,,2875,5,1,501.0,99,6,,,
2875,12,7,4,22,10,2,99,1,19,9,3.0,3.0,2007.0,3,2012,,2876,2,1,1001.0,99,6,,,
2876,12,7,4,13,13,2,99,9,999,9,3.0,6.0,9999.0,3,2012,,2877,11,9,1301.0,99,6,,,
2877,12,7,4,13,13,2,99,9,999,9,3.0,6.0,9999.0,3,2012,,2878,11,9,1301.0,99,6,,,
2878,12,7,4,17,4,2,99,1,40,9,1.0,4.0,9999.0,1,2012,,2879,7,1,401.0,99,6,,,
2879,12,7,4,17,4,2,99,1,17,9,4.0,1.0,9999.0,1,2012,,2880,2,2,401.0,99,6,,,
2880,13,7,5,3,1,1,9,1,25,9,1.0,3.0,9999.0,1,2012,,2881,4,1,101.0,99,6,,,
2881,13,7,5,3,1,1,9,1,32,9,1.0,11.0,9999.0,1,2012,,2882,5,1,101.0,99,6,,,
2882,13,7,5,7,1,1,5,1,25,9,1.0,4.0,9999.0,1,2012,,2883,4,1,101.0,99,6,,,
2883,13,7,5,7,1,1,5,1,39,9,4.0,99.0,9999.0,1,2012,,2884,6,1,101.0,99,6,,,
2884,13,7,5,2,7,2,99,2,35,9,2.0,3.0,2011.0,2,2012,,2885,6,1,710.0,99,6,,,
2885,14,7,6,1,1,1,13,9,999,9,1.0,99.0,9999.0,1,2012,,2886,11,9,101.0,99,6,,,
2886,14,7,6,1,1,1,13,1,19,9,4.0,99.0,9999.0,1,2012,,2887,2,1,101.0,99,6,,,
2887,14,7,6,12,20,2,99,1,26,9,3.0,9.0,9999.0,4,2012,,2888,4,1,2005.0,99,6,,,
2888,14,7,6,12,19,2,99,1,24,1,3.0,5.0,9999.0,1,2012,,2889,3,1,1901.0,99,6,,,
2889,14,7,6,12,19,2,99,1,24,1,1.0,4.0,2004.0,1,2012,,2890,3,1,1901.0,99,6,,,
2890,14,7,6,16,12,2,99,1,23,9,9.0,99.0,9999.0,1,2012,,2891,3,1,1217.0,99,6,,,
2891,14,7,6,16,12,2,99,1,33,9,3.0,99.0,9999.0,1,2012,,2892,5,1,1217.0,99,6,,,
2892,14,7,6,16,12,2,99,9,999,9,99.0,99.0,9999.0,1,2012,,2893,11,9,1201.0,99,6,,,
2893,14,7,6,16,12,2,99,1,18,9,4.0,99.0,9999.0,1,2012,,2894,2,1,1201.0,99,6,,,
2894,14,7,6,22,13,2,99,1,30,9,4.0,99.0,9999.0,2,2012,,2895,5,1,1312.0,99,6,,,
2895,14,7,6,7,16,2,99,1,63,9,1.0,2.0,1984.0,1,2012,,2896,10,1,1601.0,99,6,,,
2896,14,7,6,7,16,2,99,1,24,9,4.0,5.0,2009.0,1,2012,,2897,3,1,1601.0,99,6,,,
2897,14,7,6,22,18,1,99,1,20,9,4.0,5.0,9999.0,1,2012,,2898,3,1,1801.0,99,6,,,
2898,15,7,7,11,21,2,99,1,22,9,4.0,1.0,9999.0,2,2012,,2899,3,1,2104.0,99,6,,,
2899,15,7,7,20,6,2,99,1,32,9,4.0,4.0,9999.0,1,2012,,2900,5,1,602.0,99,6,,,
2900,15,7,7,20,6,2,99,1,33,9,4.0,1.0,2008.0,1,2012,,2901,5,1,602.0,99,6,,,
2901,15,7,7,16,13,1,11,9,999,9,5.0,99.0,9999.0,1,2012,,2902,11,9,1301.0,99,6,,,
2902,15,7,7,16,13,1,11,2,33,9,3.0,1.0,2003.0,1,2012,,2903,5,1,1301.0,99,6,,,
2903,15,7,7,15,13,1,3,9,999,9,99.0,99.0,9999.0,1,2012,,2904,11,9,1301.0,99,6,,,
2904,15,7,7,4,1,1,2,1,19,9,1.0,4.0,1987.0,1,2012,,2905,2,1,101.0,99,6,,,
2905,15,7,7,4,1,1,2,1,25,9,2.0,9.0,9999.0,1,2012,,2906,4,1,101.0,99,6,,,
2906,15,7,7,14,1,2,99,1,48,1,7.0,2.0,9999.0,1,2012,,2907,8,1,105.0,99,6,,,
2907,15,7,7,14,1,2,99,1,48,9,4.0,99.0,9999.0,1,2012,,2908,8,1,105.0,99,6,,,
2908,16,7,1,16,1,1,4,1,31,9,3.0,99.0,2008.0,1,2012,,2909,5,1,101.0,99,6,,,
2909,16,7,1,16,1,1,4,1,37,9,4.0,99.0,9999.0,1,2012,,2910,6,1,101.0,99,6,,,
2910,16,7,1,14,10,1,4,1,26,9,3.0,6.0,1984.0,3,2012,,2911,4,1,1015.0,99,6,,,
2911,16,7,1,11,7,2,99,1,23,1,3.0,4.0,2010.0,3,2012,,2912,3,1,704.0,99,6,,,
2912,17,7,2,3,1,2,99,2,33,9,2.0,2.0,9999.0,2,2012,,2913,5,1,102.0,99,6,,,
2913,17,7,2,1,1,1,12,1,28,1,1.0,5.0,2000.0,1,2012,,2914,4,1,101.0,99,6,,,
2914,17,7,2,1,1,1,12,1,32,9,4.0,4.0,9999.0,1,2012,,2915,5,1,101.0,99,6,,,
2915,17,7,2,19,1,1,6,9,999,9,9.0,7.0,9999.0,1,2012,,2916,11,9,115.0,99,6,,,
2916,17,7,2,19,1,1,6,1,20,9,4.0,5.0,9999.0,1,2012,,2917,3,1,115.0,99,6,,,
2917,17,7,2,1,1,1,11,1,26,9,4.0,5.0,9999.0,1,2012,,2918,4,1,108.0,99,6,,,
2918,17,7,2,17,22,2,99,1,24,9,5.0,99.0,9999.0,1,2012,,2919,3,1,2214.0,99,6,,,
2919,17,7,2,17,22,2,99,1,16,9,4.0,1.0,9999.0,1,2012,,2920,2,2,2214.0,99,6,,,
2920,17,7,2,21,5,2,99,9,999,9,99.0,99.0,9999.0,1,2012,,2921,11,9,501.0,99,6,,,
2921,17,7,2,21,5,2,99,1,23,9,4.0,99.0,9999.0,1,2012,,2922,3,1,501.0,99,6,,,
2922,17,7,2,1,18,2,99,1,36,9,1.0,1.0,9999.0,1,2012,,2923,6,1,1801.0,99,6,,,
2923,17,7,2,1,18,2,99,1,36,9,3.0,6.0,9999.0,1,2012,,2924,6,1,1801.0,99,6,,,
2924,17,7,2,1,18,2,99,1,32,9,1.0,4.0,9999.0,1,2012,,2925,5,1,1801.0,99,6,,,
2925,17,7,2,20,3,2,99,1,47,9,14.0,99.0,9999.0,1,2012,,2926,8,1,301.0,99,6,,,
2926,17,7,2,20,3,2,99,1,30,9,4.0,99.0,9999.0,1,2012,,2927,5,1,301.0,99,6,,,
2927,18,7,3,13,1,1,6,1,18,9,4.0,1.0,9999.0,1,2012,,2928,2,1,106.0,99,6,,,
2928,18,7,3,13,1,1,6,1,79,9,9.0,2.0,1983.0,1,2012,,2929,10,1,106.0,99,6,,,
2929,18,7,3,10,5,2,99,1,30,9,4.0,99.0,9999.0,1,2012,,2930,5,1,509.0,99,6,,,
2930,18,7,3,10,5,2,99,2,23,9,4.0,99.0,9999.0,1,2012,,2931,3,1,509.0,99,6,,,
2931,18,7,3,17,10,2,99,1,24,9,3.0,1.0,1995.0,3,2012,,2932,3,1,1014.0,99,6,,,
2932,18,7,3,9,9,2,99,9,999,9,6.0,99.0,9999.0,1,2012,,2933,11,9,920.0,99,6,,,
2933,18,7,3,9,9,2,99,1,36,9,4.0,9.0,9999.0,1,2012,,2934,6,9,920.0,99,6,,,
2934,18,7,3,23,12,2,99,1,20,9,3.0,8.0,9999.0,2,2012,,2935,3,1,1202.0,99,6,,,
2935,18,7,3,13,16,2,99,1,23,9,4.0,5.0,9999.0,1,2012,,2936,3,1,1601.0,99,6,,,
2936,18,7,3,13,16,2,99,9,999,9,9.0,2.0,2011.0,1,2012,,2937,11,9,1601.0,99,6,,,
2937,18,7,3,15,16,2,99,1,27,9,5.0,3.0,1988.0,1,2012,,2938,4,1,1612.0,99,6,,,
2938,18,7,3,15,16,2,99,1,999,9,4.0,99.0,9999.0,1,2012,,2939,11,1,1612.0,99,6,,,
2939,19,7,4,21,1,1,7,9,999,9,1.0,5.0,2006.0,1,2012,,2940,11,9,101.0,99,6,,,
2940,19,7,4,21,1,1,7,1,36,9,1.0,3.0,9999.0,1,2012,,2941,6,1,101.0,99,6,,,
2941,19,7,4,21,1,1,6,1,30,9,7.0,7.0,9999.0,1,2012,,2942,5,9,108.0,99,6,,,
2942,19,7,4,21,1,1,6,1,23,9,12.0,1.0,1993.0,1,2012,,2943,3,9,108.0,99,6,,,
2943,19,7,4,19,20,2,99,1,27,9,5.0,2.0,2000.0,1,2012,,2944,4,1,2007.0,99,6,,,
2944,19,7,4,19,20,2,99,1,24,9,4.0,5.0,2008.0,1,2012,,2945,3,1,2007.0,99,6,,,
2945,19,7,4,4,10,2,99,1,38,9,1.0,14.0,9999.0,1,2012,,2946,6,1,1001.0,99,6,,,
2946,19,7,4,4,10,2,99,1,25,9,5.0,2.0,2002.0,1,2012,,2947,4,1,1001.0,99,6,,,
2947,19,7,4,16,16,1,2,1,24,2,1.0,1.0,1988.0,1,2012,,2948,3,1,1601.0,99,6,,,
2948,19,7,4,16,16,1,2,9,999,9,3.0,2.0,2004.0,1,2012,,2949,11,9,1601.0,99,6,,,
2949,19,7,4,17,17,2,99,9,999,9,4.0,99.0,9999.0,1,2012,,2950,11,9,1712.0,99,6,,,
2950,19,7,4,17,17,2,99,2,20,9,4.0,1.0,2007.0,1,2012,,2951,3,9,1712.0,99,6,,,
2951,19,7,4,20,7,2,99,1,999,9,3.0,4.0,2001.0,1,2012,,2952,11,9,701.0,99,6,,,
2952,19,7,4,20,7,2,99,1,999,9,5.0,99.0,9999.0,1,2012,,2953,11,9,701.0,99,6,,,
2953,20,7,5,0,1,1,8,1,999,9,2.0,5.0,9999.0,2,2012,,2954,11,1,101.0,99,6,,,
2954,20,7,5,10,1,1,19,1,44,9,1.0,3.0,2011.0,1,2012,,2955,7,1,101.0,99,6,,,
2955,20,7,5,10,1,1,19,1,21,9,3.0,2.0,1984.0,1,2012,,2956,3,1,101.0,99,6,,,
2956,20,7,5,7,10,2,99,1,58,9,1.0,3.0,1993.0,1,2012,,2957,10,1,1010.0,99,6,,,
2957,20,7,5,7,10,2,99,9,999,9,6.0,99.0,9999.0,1,2012,,2958,11,9,1010.0,99,6,,,
2958,20,7,5,2,7,2,99,1,999,9,5.0,99.0,9999.0,1,2012,,2959,11,9,701.0,99,6,,,
2959,20,7,5,2,7,2,99,1,34,9,6.0,99.0,9999.0,1,2012,,2960,5,1,701.0,99,6,,,
2960,21,7,6,21,1,1,1,1,58,9,1.0,6.0,1999.0,1,2012,,2961,10,1,101.0,99,6,,,
2961,21,7,6,21,1,1,1,1,33,9,4.0,5.0,9999.0,1,2012,,2962,5,1,101.0,99,6,,,
2962,21,7,6,5,1,1,2,1,23,9,1.0,1.0,9999.0,1,2012,,2963,3,1,101.0,99,6,,,
2963,21,7,6,5,1,1,2,9,999,9,12.0,1.0,1983.0,1,2012,,2964,11,9,101.0,99,6,,,
2964,21,7,6,3,1,1,1,1,24,9,4.0,1.0,9999.0,1,2012,,2965,3,1,101.0,99,6,,,
2965,21,7,6,3,1,1,1,9,999,9,1.0,99.0,9999.0,1,2012,,2966,11,9,101.0,99,6,,,
2966,21,7,6,20,1,2,99,1,28,9,1.0,1.0,1985.0,1,2012,,2967,4,1,106.0,99,6,,,
2967,21,7,6,20,1,2,99,1,51,9,9.0,4.0,2008.0,1,2012,,2968,9,1,106.0,99,6,,,
2968,21,7,6,1,1,1,5,1,28,9,1.0,11.0,9999.0,1,2012,,2969,4,1,101.0,99,6,,,
2969,21,7,6,1,1,1,5,1,53,9,10.0,2.0,1994.0,1,2012,,2970,9,1,101.0,99,6,,,
2970,21,7,6,2,1,1,3,1,49,9,3.0,4.0,2000.0,2,2012,,2971,8,1,103.0,99,6,,,
2971,21,7,6,20,1,1,5,1,22,9,1.0,10.0,2000.0,1,2012,,2972,3,1,101.0,99,6,,,
2972,21,7,6,23,1,2,99,1,38,9,5.0,7.0,1997.0,1,2012,,2973,6,1,103.0,99,6,,,
2973,21,7,6,23,1,2,99,1,21,1,4.0,3.0,2008.0,1,2012,,2974,3,1,103.0,99,6,,,
2974,21,7,6,4,1,1,12,1,33,2,1.0,3.0,1999.0,1,2012,,2975,5,1,115.0,99,6,,,
2975,21,7,6,4,1,1,12,1,31,1,1.0,2.0,1993.0,1,2012,,2976,5,1,115.0,99,6,,,
2976,21,7,6,12,1,1,12,9,999,9,1.0,14.0,9999.0,1,2012,,2977,11,9,101.0,99,6,,,
2977,21,7,6,12,1,1,12,1,24,9,4.0,99.0,9999.0,1,2012,,2978,3,1,101.0,99,6,,,
2978,21,7,6,19,20,2,99,1,39,9,14.0,1.0,9999.0,4,2012,,2979,6,1,2007.0,99,6,,,
2979,21,7,6,1,5,2,99,1,52,2,2.0,1.0,2008.0,2,2012,,2980,9,1,501.0,99,6,,,
2980,21,7,6,13,5,2,99,1,20,9,4.0,1.0,9999.0,2,2012,,2981,3,1,508.0,99,6,,,
2981,21,7,6,19,5,2,99,1,48,9,4.0,1.0,9999.0,4,2012,,2982,8,1,506.0,99,6,,,
2982,21,7,6,19,6,2,99,1,30,9,4.0,1.0,2004.0,1,2012,,2983,5,1,608.0,99,6,,,
2983,21,7,6,19,6,2,99,1,35,9,4.0,99.0,9999.0,1,2012,,2984,6,1,608.0,99,6,,,
2984,21,7,6,19,6,2,99,1,21,9,4.0,3.0,9999.0,1,2012,,2985,3,1,608.0,99,6,,,
2985,21,7,6,3,10,2,99,1,31,9,1.0,2.0,9999.0,2,2012,,2986,5,1,1001.0,99,6,,,
2986,21,7,6,20,10,2,99,1,24,2,3.0,1.0,9999.0,1,2012,,2987,3,1,1013.0,99,6,,,
2987,21,7,6,20,10,2,99,1,51,1,1.0,1.0,9999.0,1,2012,,2988,9,1,1013.0,99,6,,,
2988,21,7,6,0,9,2,99,1,23,2,6.0,2.0,9999.0,1,2012,,2989,3,1,901.0,99,6,,,
2989,21,7,6,0,9,2,99,1,28,1,5.0,2.0,9999.0,1,2012,,2990,4,1,901.0,99,6,,,
2990,21,7,6,0,9,2,99,1,32,1,1.0,4.0,9999.0,1,2012,,2991,5,1,901.0,99,6,,,
2991,21,7,6,9,2,2,99,1,22,9,3.0,14.0,2002.0,3,2012,,2992,3,1,203.0,99,6,,,
2992,21,7,6,0,2,2,99,1,24,1,3.0,4.0,2011.0,1,2012,,2993,3,1,208.0,99,6,,,
2993,21,7,6,0,2,2,99,1,32,1,9.0,2.0,2008.0,1,2012,,2994,5,1,208.0,99,6,,,
2994,21,7,6,7,3,2,99,1,63,9,9.0,2.0,9999.0,1,2012,,2995,10,1,301.0,99,6,,,
2995,21,7,6,7,3,2,99,1,38,9,1.0,5.0,9999.0,1,2012,,2996,6,1,301.0,99,6,,,
2996,21,7,6,8,3,2,99,1,23,9,1.0,3.0,9999.0,1,2012,,2997,3,1,304.0,99,6,,,
2997,21,7,6,8,3,2,99,9,999,9,15.0,14.0,9999.0,1,2012,,2998,11,9,304.0,99,6,,,
2998,21,7,6,14,3,2,99,1,65,1,3.0,6.0,2011.0,3,2012,,2999,10,1,301.0,99,6,,,
2999,22,7,7,15,1,1,1,1,24,1,4.0,5.0,9999.0,1,2012,,3000,3,1,101.0,99,6,,,
3000,22,7,7,15,1,1,1,1,20,1,1.0,4.0,2003.0,1,2012,,3001,3,1,101.0,99,6,,,
3001,22,7,7,4,1,1,10,1,52,1,1.0,6.0,2011.0,1,2012,,3002,9,1,101.0,99,6,,,
3002,22,7,7,4,1,1,10,1,23,1,1.0,9.0,2008.0,1,2012,,3003,3,1,101.0,99,6,,,
3003,22,7,7,23,1,1,10,1,40,1,1.0,5.0,1998.0,1,2012,,3004,7,1,101.0,99,6,,,
3004,22,7,7,23,1,1,10,1,22,1,1.0,4.0,1998.0,1,2012,,3005,3,1,101.0,99,6,,,
3005,22,7,7,20,1,2,99,1,26,9,5.0,1.0,9999.0,1,2012,,3006,4,1,115.0,99,6,,,
3006,22,7,7,20,1,2,99,1,50,9,2.0,9.0,9999.0,1,2012,,3007,9,1,115.0,99,6,,,
3007,22,7,7,7,20,2,99,9,999,9,15.0,99.0,9999.0,1,2012,,3008,11,9,2009.0,99,6,,,
3008,22,7,7,7,20,2,99,1,55,9,3.0,6.0,9999.0,1,2012,,3009,10,1,2009.0,99,6,,,
3009,22,7,7,16,19,2,99,9,999,9,9.0,99.0,9999.0,1,2012,,3010,11,9,1909.0,99,6,,,
3010,22,7,7,16,19,2,99,1,20,1,4.0,99.0,9999.0,1,2012,,3011,3,1,1909.0,99,6,,,
3011,22,7,7,18,5,2,99,1,29,2,4.0,5.0,2012.0,3,2012,,3012,4,1,502.0,99,6,,,
3012,22,7,7,10,13,2,99,9,999,9,3.0,9.0,9999.0,1,2012,,3013,11,9,1301.0,99,6,,,
3013,22,7,7,10,13,2,99,9,999,9,3.0,3.0,9999.0,1,2012,,3014,11,9,1301.0,99,6,,,
3014,22,7,7,0,18,2,99,1,42,1,3.0,3.0,1983.0,1,2012,,3015,7,1,1801.0,99,6,,,
3015,22,7,7,0,18,2,99,1,41,1,4.0,99.0,9999.0,1,2012,,3016,7,1,1801.0,99,6,,,
3016,22,7,7,15,14,2,99,1,23,2,4.0,1.0,9999.0,1,2012,,3017,3,1,1412.0,99,6,,,
3017,22,7,7,15,14,2,99,1,24,1,3.0,4.0,1983.0,1,2012,,3018,3,1,1412.0,99,6,,,
3018,23,7,1,6,1,1,1,1,52,1,7.0,99.0,9999.0,1,2012,,3019,9,1,101.0,99,6,,,
3019,23,7,1,6,1,1,1,1,44,1,3.0,99.0,9999.0,1,2012,,3020,7,1,101.0,99,6,,,
3020,23,7,1,6,1,1,1,1,32,1,12.0,6.0,1982.0,1,2012,,3021,5,1,101.0,99,6,,,
3021,23,7,1,9,1,2,99,1,47,1,4.0,99.0,9999.0,1,2012,,3022,8,1,102.0,99,6,,,
3022,23,7,1,9,1,2,99,1,23,1,4.0,3.0,2008.0,1,2012,,3023,3,1,102.0,99,6,,,
3023,23,7,1,16,6,2,99,1,31,1,1.0,5.0,2003.0,1,2012,,3024,5,1,601.0,99,6,,,
3024,23,7,1,16,6,2,99,1,17,1,4.0,2.0,2005.0,1,2012,,3025,2,2,601.0,99,6,,,
3025,23,7,1,16,6,2,99,1,32,9,3.0,2.0,9999.0,1,2012,,3026,5,1,601.0,99,6,,,
3026,23,7,1,15,10,2,99,1,21,1,14.0,1.0,2011.0,1,2012,,3027,3,1,1020.0,99,6,,,
3027,23,7,1,15,10,2,99,1,57,1,3.0,2.0,2006.0,1,2012,,3028,10,1,1020.0,99,6,,,
3028,23,7,1,15,12,2,99,1,17,9,4.0,99.0,9999.0,4,2012,,3029,2,2,1215.0,99,6,,,
3029,23,7,1,0,16,1,1,9,999,9,9.0,2.0,9999.0,2,2012,,3030,11,9,1601.0,99,6,,,
3030,23,7,1,13,17,2,99,1,55,1,9.0,5.0,2009.0,1,2012,,3031,10,1,1701.0,99,6,,,
3031,23,7,1,13,17,2,99,1,38,1,4.0,5.0,9999.0,1,2012,,3032,6,1,1701.0,99,6,,,
3032,23,7,1,17,7,2,99,9,999,9,7.0,6.0,9999.0,4,2012,,3033,11,9,701.0,99,6,,,
3033,24,7,2,15,1,1,8,1,51,1,3.0,2.0,9999.0,1,2012,,3034,9,1,108.0,99,6,,,
3034,24,7,2,15,1,1,8,1,19,1,9.0,11.0,1999.0,1,2012,,3035,2,1,108.0,99,6,,,
3035,24,7,2,15,22,2,99,1,34,9,1.0,6.0,1992.0,1,2012,,3036,5,1,2201.0,99,6,,,
3036,24,7,2,15,22,2,99,1,31,1,1.0,5.0,1999.0,1,2012,,3037,5,1,2201.0,99,6,,,
3037,24,7,2,17,20,1,1,2,32,9,4.0,3.0,2003.0,1,2012,,3038,5,1,2001.0,99,6,,,
3038,24,7,2,17,20,1,1,9,999,9,4.0,1.0,9999.0,1,2012,,3039,11,9,2001.0,99,6,,,
3039,24,7,2,14,19,2,99,1,37,1,6.0,1.0,2001.0,1,2012,,3040,6,1,1903.0,99,6,,,
3040,24,7,2,14,19,2,99,1,49,1,2.0,1.0,1999.0,1,2012,,3041,8,1,1903.0,99,6,,,
3041,24,7,2,11,5,2,99,1,58,1,16.0,99.0,9999.0,1,2012,,3042,10,1,502.0,99,6,,,
3042,24,7,2,11,5,2,99,1,55,1,6.0,99.0,9999.0,1,2012,,3043,10,1,502.0,99,6,,,
3043,24,7,2,11,5,2,99,1,33,1,1.0,9.0,9999.0,1,2012,,3044,5,1,502.0,99,6,,,
3044,24,7,2,22,17,2,99,1,34,9,4.0,99.0,9999.0,2,2012,,3045,5,1,1701.0,99,6,,,
3045,25,7,3,16,8,2,99,1,23,9,9.0,4.0,2008.0,1,2012,,3046,3,1,802.0,99,6,,,
3046,25,7,3,16,8,2,99,1,32,9,4.0,5.0,9999.0,1,2012,,3047,5,1,802.0,99,6,,,
3047,25,7,3,12,16,2,99,1,28,9,3.0,10.0,9999.0,2,2012,,3048,4,1,1604.0,99,6,,,
3048,25,7,3,6,15,2,99,1,17,9,4.0,5.0,9999.0,1,2012,,3049,2,2,1501.0,99,6,,,
3049,25,7,3,6,15,2,99,1,50,9,4.0,5.0,9999.0,1,2012,,3050,9,1,1501.0,99,6,,,
3050,25,7,3,23,1,1,7,1,56,9,1.0,6.0,9999.0,1,2012,,3051,10,1,101.0,99,6,,,
3051,25,7,3,23,1,1,7,1,25,9,4.0,4.0,9999.0,1,2012,,3052,4,1,101.0,99,6,,,
3052,25,7,3,17,22,2,99,1,58,9,9.0,2.0,2000.0,1,2012,,3053,10,1,2201.0,99,6,,,
3053,25,7,3,17,22,2,99,1,30,9,1.0,4.0,9999.0,1,2012,,3054,5,1,2201.0,99,6,,,
3054,25,7,3,22,3,2,99,1,36,9,16.0,5.0,1994.0,1,2012,,3055,6,1,301.0,99,6,,,
3055,25,7,3,22,3,2,99,1,49,9,3.0,16.0,1990.0,1,2012,,3056,8,1,301.0,99,6,,,
3056,25,7,3,8,22,2,99,9,999,9,7.0,2.0,1995.0,1,2012,,3057,11,9,2217.0,99,6,,,
3057,25,7,3,8,22,2,99,1,33,9,4.0,99.0,9999.0,1,2012,,3058,5,1,2217.0,99,6,,,
3058,25,7,3,8,1,1,18,9,999,9,12.0,99.0,9999.0,1,2012,,3059,11,9,101.0,99,6,,,
3059,25,7,3,8,1,1,18,1,40,9,10.0,99.0,9999.0,1,2012,,3060,7,1,101.0,99,6,,,
3060,25,7,3,21,7,2,99,1,39,9,4.0,3.0,9999.0,3,2012,,3061,6,1,710.0,99,6,,,
3061,26,7,4,5,1,1,13,1,22,9,4.0,1.0,9999.0,2,2012,,3062,3,1,101.0,99,6,,,
3062,26,7,4,6,1,1,12,1,58,9,5.0,2.0,1990.0,2,2012,,3063,10,1,101.0,99,6,,,
3063,26,7,4,6,1,1,12,1,25,9,1.0,2.0,9999.0,2,2012,,3064,4,1,101.0,99,6,,,
3064,26,7,4,6,1,1,12,9,999,9,99.0,99.0,9999.0,1,2012,,3065,11,9,101.0,99,6,,,
3065,26,7,4,6,1,1,12,1,25,1,4.0,5.0,2011.0,1,2012,,3066,4,1,101.0,99,6,,,
3066,26,7,4,9,1,1,3,1,27,9,3.0,4.0,9999.0,1,2012,,3067,4,1,108.0,99,6,,,
3067,26,7,4,9,1,1,3,1,52,9,4.0,9.0,9999.0,1,2012,,3068,9,1,108.0,99,6,,,
3068,26,7,4,20,22,2,99,1,32,9,2.0,6.0,9999.0,1,2012,,3069,5,1,2201.0,99,6,,,
3069,26,7,4,20,22,2,99,1,27,9,4.0,99.0,9999.0,1,2012,,3070,4,1,2201.0,99,6,,,
3070,26,7,4,22,6,2,99,1,47,9,14.0,4.0,9999.0,2,2012,,3071,8,1,605.0,99,6,,,
3071,26,7,4,22,9,2,99,1,28,9,1.0,99.0,1990.0,1,2012,,3072,4,1,919.0,99,6,,,
3072,26,7,4,22,9,2,99,1,34,9,10.0,7.0,9999.0,1,2012,,3073,5,1,919.0,99,6,,,
3073,26,7,4,8,9,1,99,1,40,9,6.0,5.0,2012.0,1,2012,,3074,7,1,901.0,99,6,,,
3074,26,7,4,8,9,1,99,1,31,9,3.0,2.0,1998.0,1,2012,,3075,5,1,901.0,99,6,,,
3075,26,7,4,11,18,2,99,1,44,9,2.0,99.0,9999.0,2,2012,,3076,7,1,1804.0,99,6,,,
3076,26,7,4,15,18,2,99,2,29,1,3.0,4.0,9999.0,1,2012,,3077,4,1,1801.0,99,6,,,
3077,26,7,4,15,18,2,99,1,24,1,3.0,5.0,9999.0,2,2012,,3078,3,1,1801.0,99,6,,,
3078,26,7,4,18,17,2,99,1,46,9,4.0,99.0,9999.0,1,2012,,3079,8,1,1701.0,99,6,,,
3079,26,7,4,18,17,2,99,9,999,9,99.0,99.0,9999.0,1,2012,,3080,11,9,1701.0,99,6,,,
3080,26,7,4,21,7,2,99,1,39,9,4.0,3.0,9999.0,2,2012,,3081,6,1,710.0,99,6,,,
3081,26,7,4,11,4,2,99,9,999,9,99.0,99.0,9999.0,1,2012,,3082,11,9,401.0,99,6,,,
3082,26,7,4,11,4,2,99,2,30,9,99.0,99.0,9999.0,1,2012,,3083,5,1,401.0,99,6,,,
3083,27,7,5,23,1,1,9,9,999,9,3.0,99.0,9999.0,1,2012,,3084,11,9,101.0,99,6,,,
3084,27,7,5,23,1,1,9,1,22,9,3.0,99.0,2002.0,1,2012,,3085,3,1,101.0,99,6,,,
3085,27,7,5,21,1,1,5,1,31,9,2.0,4.0,9999.0,1,2012,,3086,5,1,101.0,99,6,,,
3086,27,7,5,21,1,1,5,2,37,9,1.0,6.0,1995.0,1,2012,,3087,6,1,101.0,99,6,,,
3087,27,7,5,18,1,1,11,1,23,9,1.0,4.0,9999.0,1,2012,,3088,3,1,101.0,99,6,,,
3088,27,7,5,18,1,1,11,1,23,9,4.0,5.0,9999.0,1,2012,,3089,3,1,101.0,99,6,,,
3089,27,7,5,23,1,2,99,1,25,9,1.0,4.0,9999.0,1,2012,,3090,4,1,114.0,99,6,,,
3090,27,7,5,14,16,1,4,1,28,2,3.0,3.0,1987.0,1,2012,,3091,4,1,1601.0,99,6,,,
3091,27,7,5,14,16,1,4,1,999,1,1.0,99.0,9999.0,1,2012,,3092,11,1,1601.0,99,6,,,
3092,27,7,5,14,16,1,4,1,999,1,1.0,99.0,9999.0,1,2012,,3093,11,1,1601.0,99,6,,,
3093,27,7,5,14,16,1,11,1,46,2,2.0,4.0,1999.0,1,2012,,3094,8,1,1601.0,99,6,,,
3094,27,7,5,14,16,1,11,1,999,1,2.0,3.0,2003.0,1,2012,,3095,11,1,1601.0,99,6,,,
3095,27,7,5,15,18,2,99,1,23,1,3.0,2.0,2006.0,1,2012,,3096,3,1,1801.0,99,6,,,
3096,27,7,5,15,18,2,99,1,35,1,9.0,4.0,2005.0,1,2012,,3097,6,1,1801.0,99,6,,,
3097,27,7,5,19,17,2,99,9,999,9,4.0,99.0,9999.0,1,2012,,3098,11,9,1709.0,99,6,,,
3098,27,7,5,19,17,2,99,1,22,9,4.0,99.0,9999.0,1,2012,,3099,3,1,1709.0,99,6,,,
3099,27,7,5,19,7,2,99,9,999,9,5.0,99.0,9999.0,1,2012,,3100,11,9,701.0,99,6,,,
3100,27,7,5,19,7,2,99,9,999,9,3.0,1.0,9999.0,1,2012,,3101,11,9,701.0,99,6,,,
3101,28,7,6,21,1,1,2,1,41,9,1.0,3.0,9999.0,1,2012,,3102,7,1,101.0,99,6,,,
3102,28,7,6,21,1,1,2,1,29,2,1.0,11.0,9999.0,1,2012,,3103,4,1,101.0,99,6,,,
3103,28,7,6,20,1,1,7,1,39,1,1.0,2.0,2004.0,1,2012,,3104,6,1,101.0,99,6,,,
3104,28,7,6,1,1,1,21,1,30,1,1.0,2.0,9999.0,1,2012,,3105,5,1,101.0,99,6,,,
3105,28,7,6,1,1,1,21,1,25,1,4.0,1.0,2012.0,1,2012,,3106,4,1,101.0,99,6,,,
3106,28,7,6,17,1,2,99,1,41,1,1.0,4.0,9999.0,1,2012,,3107,7,1,117.0,99,6,,,
3107,28,7,6,17,1,2,99,1,29,1,4.0,2.0,9999.0,1,2012,,3108,4,1,117.0,99,6,,,
3108,28,7,6,18,1,2,99,1,22,1,3.0,2.0,1979.0,1,2012,,3109,3,1,116.0,99,6,,,
3109,28,7,6,18,1,2,99,1,23,1,4.0,5.0,9999.0,1,2012,,3110,3,1,116.0,99,6,,,
3110,28,7,6,15,22,2,99,1,37,1,6.0,2.0,9999.0,1,2012,,3111,6,1,2201.0,99,6,,,
3111,28,7,6,15,22,2,99,1,37,1,3.0,5.0,9999.0,1,2012,,3112,6,1,2201.0,99,6,,,
3112,28,7,6,10,20,2,99,1,22,9,3.0,3.0,9999.0,2,2012,,3113,3,1,2001.0,99,6,,,
3113,28,7,6,19,5,2,99,1,28,9,1.0,3.0,9999.0,1,2012,,3114,4,1,501.0,99,6,,,
3114,28,7,6,19,5,2,99,1,25,9,14.0,1.0,9999.0,1,2012,,3115,4,1,501.0,99,6,,,
3115,28,7,6,10,5,2,99,1,19,9,3.0,2.0,9999.0,2,2012,,3116,2,1,501.0,99,6,,,
3116,28,7,6,5,10,2,99,1,28,9,2.0,3.0,2003.0,1,2012,,3117,4,1,1001.0,99,6,,,
3117,28,7,6,5,10,2,99,9,999,9,6.0,6.0,9999.0,1,2012,,3118,11,9,1001.0,99,6,,,
3118,28,7,6,0,12,2,99,1,29,9,3.0,6.0,9999.0,2,2012,,3119,4,1,1201.0,99,6,,,
3119,29,7,7,20,1,1,99,1,23,9,4.0,99.0,9999.0,3,2012,,3120,3,1,104.0,99,6,,,
3120,29,7,7,8,1,1,13,1,44,1,3.0,2.0,2004.0,1,2012,,3121,7,1,101.0,99,6,,,
3121,29,7,7,8,1,1,13,1,22,9,4.0,5.0,2009.0,1,2012,,3122,3,1,101.0,99,6,,,
3122,29,7,7,20,1,1,9,1,56,9,3.0,2.0,1991.0,1,2012,,3123,10,1,101.0,99,6,,,
3123,29,7,7,20,1,1,9,1,22,9,4.0,5.0,2001.0,1,2012,,3124,3,1,101.0,99,6,,,
3124,29,7,7,20,1,1,4,9,999,9,99.0,99.0,9999.0,1,2012,,3125,11,9,115.0,99,6,,,
3125,29,7,7,20,1,1,4,2,35,9,4.0,99.0,9999.0,1,2012,,3126,6,1,115.0,99,6,,,
3126,29,7,7,20,1,1,4,1,22,9,4.0,99.0,9999.0,1,2012,,3127,3,1,115.0,99,6,,,
3127,29,7,7,20,1,2,99,9,999,9,5.0,6.0,9999.0,1,2012,,3128,11,9,110.0,99,6,,,
3128,29,7,7,20,1,2,99,1,27,9,4.0,1.0,9999.0,1,2012,,3129,4,1,110.0,99,6,,,
3129,29,7,7,22,5,2,99,1,45,1,1.0,6.0,9999.0,2,2012,,3130,8,1,509.0,99,6,,,
3130,29,7,7,21,10,2,99,1,56,1,3.0,6.0,9999.0,2,2012,,3131,10,1,1010.0,99,6,,,
3131,29,7,7,15,17,2,99,1,24,1,1.0,3.0,2001.0,1,2012,,3132,3,1,1712.0,99,6,,,
3132,29,7,7,15,17,2,99,1,29,1,3.0,4.0,9999.0,1,2012,,3133,4,1,1712.0,99,6,,,
3133,29,7,7,8,17,2,99,1,21,9,4.0,5.0,9999.0,1,2012,,3134,3,1,1712.0,99,6,,,
3134,29,7,7,8,17,2,99,1,25,9,4.0,99.0,9999.0,1,2012,,3135,4,1,1712.0,99,6,,,
3135,29,7,7,14,14,2,99,1,999,9,3.0,1.0,9999.0,2,2012,,3136,11,9,1401.0,99,6,,,
3136,29,7,7,17,14,1,99,1,25,1,1.0,99.0,9999.0,2,2012,,3137,4,1,1406.0,99,6,,,
3137,30,7,1,23,19,2,99,1,62,9,3.0,6.0,9999.0,2,2012,,3138,10,1,1907.0,99,6,,,
3138,30,7,1,7,19,2,99,1,24,9,3.0,2.0,9999.0,3,2012,,3139,3,1,1904.0,99,6,,,
3139,30,7,1,21,9,1,7,1,43,9,4.0,1.0,9999.0,3,2012,,3140,7,1,901.0,99,6,,,
3140,30,7,1,6,13,2,99,1,999,1,3.0,5.0,9999.0,3,2012,,3141,11,1,1326.0,99,6,,,
3141,30,7,1,15,17,1,99,1,24,9,1.0,3.0,9999.0,1,2012,,3142,3,1,1712.0,99,6,,,
3142,30,7,1,15,17,1,99,1,29,9,3.0,4.0,2007.0,1,2012,,3143,4,1,1712.0,99,6,,,
3143,30,7,1,18,14,1,3,9,999,9,3.0,4.0,9999.0,2,2012,,3144,11,9,1401.0,99,6,,,
3144,30,7,1,15,3,2,99,1,54,9,1.0,9.0,9999.0,2,2012,,3145,9,1,304.0,99,6,,,
3145,31,7,2,12,1,1,11,9,999,9,12.0,1.0,9999.0,99,2012,,3146,11,1,101.0,99,6,,,
3146,31,7,2,12,1,1,11,1,31,9,4.0,99.0,9999.0,99,2012,,3147,5,1,101.0,99,6,,,
3147,31,7,2,17,1,1,1,1,21,9,1.0,2.0,9999.0,1,2012,,3148,3,1,115.0,99,6,,,
3148,31,7,2,17,1,1,1,1,35,9,4.0,5.0,9999.0,1,2012,,3149,6,1,115.0,99,6,,,
3149,31,7,2,19,20,2,99,2,22,9,2.0,14.0,2002.0,1,2012,,3150,3,1,2001.0,99,6,,,
3150,31,7,2,19,20,2,99,2,22,9,4.0,99.0,9999.0,1,2012,,3151,3,1,2001.0,99,6,,,
3151,31,7,2,20,5,2,99,2,27,9,1.0,4.0,9999.0,99,2012,,3152,4,1,504.0,99,6,,,
3152,31,7,2,20,5,2,99,2,27,9,4.0,1.0,9999.0,99,2012,,3153,4,1,504.0,99,6,,,
3153,1,8,3,11,1,1,9,1,20,9,1.0,4.0,2006.0,1,2012,,3154,3,1,101.0,99,6,,,
3154,1,8,3,11,1,1,9,1,54,9,4.0,4.0,2006.0,1,2012,,3155,9,1,101.0,99,6,,,
3155,1,8,3,17,1,2,99,1,30,1,5.0,1.0,1994.0,1,2012,,3156,5,1,102.0,99,6,,,
3156,1,8,3,17,1,2,99,1,22,1,4.0,99.0,9999.0,1,2012,,3157,3,1,102.0,99,6,,,
3157,1,8,3,11,1,1,5,1,25,9,5.0,2.0,2009.0,1,2012,,3158,4,1,115.0,99,6,,,
3158,1,8,3,11,1,1,5,1,21,9,4.0,4.0,2002.0,1,2012,,3159,3,1,115.0,99,6,,,
3159,1,8,3,12,6,2,99,1,52,1,5.0,3.0,1991.0,4,2012,,3160,9,1,602.0,99,6,,,
3160,1,8,3,4,11,2,99,1,29,9,7.0,99.0,9999.0,1,2012,,3161,4,1,1109.0,99,6,,,
3161,1,8,3,4,11,2,99,1,32,9,7.0,99.0,9999.0,1,2012,,3162,5,1,1109.0,99,6,,,
3162,1,8,3,8,9,2,99,1,27,1,3.0,2.0,9999.0,3,2012,,3163,4,1,902.0,99,6,,,
3163,1,8,3,23,9,1,1,1,21,2,4.0,1.0,9999.0,2,2012,,3164,3,1,901.0,99,6,,,
3164,1,8,3,14,17,2,99,1,40,9,3.0,4.0,2007.0,1,2012,,3165,7,1,1701.0,99,6,,,
3165,1,8,3,14,17,2,99,1,33,1,3.0,4.0,2008.0,1,2012,,3166,5,1,1701.0,99,6,,,
3166,1,8,3,14,14,2,99,1,40,1,3.0,3.0,1986.0,3,2012,,3167,7,1,1415.0,99,6,,,
3167,2,8,4,15,1,1,11,1,75,1,2.0,2.0,1999.0,1,2012,,3168,10,1,101.0,99,6,,,
3168,2,8,4,15,1,1,11,2,18,9,4.0,4.0,9999.0,1,2012,,3169,2,1,101.0,99,6,,,
3169,2,8,4,23,1,1,21,1,24,1,4.0,3.0,2006.0,3,2012,,3170,3,1,101.0,99,6,,,
3170,2,8,4,6,1,2,99,9,999,9,99.0,99.0,9999.0,1,2012,,3171,11,9,115.0,99,6,,,
3171,2,8,4,6,1,2,99,1,35,1,1.0,6.0,9999.0,1,2012,,3172,6,1,115.0,99,6,,,
3172,2,8,4,23,1,2,99,1,22,9,4.0,5.0,9999.0,3,2012,,3173,3,1,112.0,99,6,,,
3173,2,8,4,11,22,2,99,1,45,1,2.0,9.0,2003.0,1,2012,,3174,8,1,2216.0,99,6,,,
3174,2,8,4,11,22,2,99,1,62,9,3.0,3.0,2003.0,1,2012,,3175,10,1,2216.0,99,6,,,
3175,2,8,4,23,22,1,99,1,33,1,1.0,11.0,9999.0,3,2012,,3176,5,1,2201.0,99,6,,,
3176,2,8,4,7,20,2,99,9,999,9,3.0,6.0,9999.0,4,2012,,3177,11,9,2001.0,99,6,,,
3177,2,8,4,19,13,1,4,1,18,2,3.0,4.0,2004.0,1,2012,,3178,2,1,1301.0,99,6,,,
3178,2,8,4,19,13,1,4,1,33,9,4.0,5.0,9999.0,1,2012,,3179,5,1,1301.0,99,6,,,
3179,3,8,5,22,1,1,6,9,999,9,7.0,99.0,9999.0,1,2012,,3180,11,9,101.0,99,6,,,
3180,3,8,5,22,1,1,6,1,22,1,4.0,1.0,9999.0,1,2012,,3181,3,1,101.0,99,6,,,
3181,3,8,5,16,16,2,99,1,35,2,3.0,2.0,9999.0,1,2012,,3182,6,1,1617.0,99,6,,,
3182,3,8,5,16,16,2,99,2,25,1,1.0,1.0,9999.0,1,2012,,3183,4,1,1617.0,99,6,,,
3183,3,8,5,23,18,2,99,1,26,9,7.0,2.0,1990.0,1,2012,,3184,4,1,1804.0,99,6,,,
3184,3,8,5,23,18,2,99,1,41,9,3.0,2.0,9999.0,1,2012,,3185,7,1,1804.0,99,6,,,
3185,3,8,5,1,7,2,99,1,31,1,3.0,1.0,9999.0,1,2012,,3186,5,1,701.0,99,6,,,
3186,3,8,5,1,7,2,99,1,24,1,2.0,2.0,9999.0,1,2012,,3187,3,1,701.0,99,6,,,
3187,3,8,5,3,7,2,99,1,21,1,3.0,6.0,9999.0,4,2012,,3188,3,1,701.0,99,6,,,
3188,4,8,6,20,1,2,99,1,39,9,1.0,2.0,1994.0,1,2012,,3189,6,1,105.0,99,6,,,
3189,4,8,6,20,1,2,99,1,34,9,14.0,1.0,9999.0,1,2012,,3190,5,1,105.0,99,6,,,
3190,4,8,6,5,1,2,99,1,35,9,1.0,99.0,9999.0,2,2012,,3191,6,1,102.0,99,6,,,
3191,4,8,6,18,1,1,99,1,34,2,4.0,2.0,9999.0,2,2012,,3192,5,1,117.0,99,6,,,
3192,4,8,6,14,22,2,99,1,56,1,3.0,1.0,9999.0,2,2012,,3193,10,1,2204.0,99,6,,,
3193,4,8,6,22,19,2,99,1,25,9,4.0,99.0,9999.0,3,2012,,3194,4,1,1901.0,99,6,,,
3194,4,8,6,0,11,2,99,1,23,1,4.0,99.0,1997.0,4,2012,,3195,3,1,1108.0,99,6,,,
3195,4,8,6,14,12,1,1,1,52,9,7.0,99.0,9999.0,1,2012,,3196,9,1,1215.0,99,6,,,
3196,4,8,6,14,12,1,1,1,18,9,14.0,1.0,9999.0,1,2012,,3197,2,1,1215.0,99,6,,,
3197,4,8,6,14,12,2,99,1,35,2,3.0,5.0,2009.0,3,2012,,3198,6,1,1218.0,99,6,,,
3198,5,8,7,5,1,1,9,1,49,9,10.0,2.0,9999.0,1,2012,,3199,8,1,101.0,99,6,,,
3199,5,8,7,5,1,1,9,1,999,9,10.0,8.0,9999.0,1,2012,,3200,11,1,101.0,99,6,,,
3200,5,8,7,15,1,1,18,9,999,9,99.0,99.0,9999.0,3,2012,,3201,11,9,101.0,99,6,,,
3201,5,8,7,13,1,2,99,1,52,1,2.0,6.0,2001.0,2,2012,,3202,9,1,102.0,99,6,,,
3202,5,8,7,6,1,1,10,1,28,9,1.0,99.0,9999.0,2,2012,,3203,4,1,101.0,99,6,,,
3203,5,8,7,15,1,1,12,1,41,1,10.0,2.0,2005.0,1,2012,,3204,7,1,101.0,99,6,,,
3204,5,8,7,15,1,1,12,1,23,1,8.0,2.0,9999.0,1,2012,,3205,3,1,101.0,99,6,,,
3205,5,8,7,2,1,1,99,9,999,9,2.0,2.0,9999.0,3,2012,,3206,11,9,114.0,99,6,,,
3206,5,8,7,12,1,1,1,1,36,9,1.0,2.0,9999.0,2,2012,,3207,6,1,108.0,99,6,,,
3207,5,8,7,8,1,1,5,1,23,1,3.0,5.0,2010.0,2,2012,,3208,3,1,108.0,99,6,,,
3208,5,8,7,8,1,1,5,1,34,1,12.0,1.0,9999.0,2,2012,,3209,5,1,108.0,99,6,,,
3209,5,8,7,16,5,1,99,1,37,1,12.0,6.0,9999.0,1,2012,,3210,6,1,501.0,99,6,,,
3210,5,8,7,16,5,1,99,1,25,1,1.0,14.0,9999.0,1,2012,,3211,4,1,501.0,99,6,,,
3211,5,8,7,5,2,2,99,1,45,1,2.0,4.0,2005.0,1,2012,,3212,8,1,207.0,99,6,,,
3212,5,8,7,5,2,2,99,1,22,1,14.0,1.0,2005.0,1,2012,,3213,3,1,207.0,99,6,,,
3213,5,8,7,1,18,1,99,1,30,9,4.0,5.0,9999.0,2,2012,,3214,5,1,1804.0,99,6,,,
3214,5,8,7,22,17,1,99,1,40,1,5.0,2.0,2007.0,1,2012,,3215,7,1,1703.0,99,6,,,
3215,5,8,7,22,17,1,99,1,29,1,4.0,3.0,9999.0,1,2012,,3216,4,1,1703.0,99,6,,,
3216,5,8,7,20,17,2,99,1,25,1,9.0,4.0,2006.0,1,2012,,3217,4,1,1701.0,99,6,,,
3217,5,8,7,20,17,2,99,1,40,9,4.0,3.0,9999.0,1,2012,,3218,7,1,1701.0,99,6,,,
3218,6,8,1,18,1,1,3,1,35,9,4.0,3.0,2009.0,1,2012,,3219,6,1,101.0,99,6,,,
3219,6,8,1,18,1,1,3,1,42,2,1.0,99.0,1990.0,1,2012,,3220,7,1,101.0,99,6,,,
3220,6,8,1,15,1,1,1,1,45,1,4.0,3.0,2006.0,1,2012,,3221,8,1,101.0,99,6,,,
3221,6,8,1,15,1,1,1,2,32,1,1.0,4.0,2006.0,1,2012,,3222,5,1,101.0,99,6,,,
3222,6,8,1,21,1,1,13,2,75,1,2.0,14.0,2012.0,1,2012,,3223,10,1,101.0,99,6,,,
3223,6,8,1,21,1,1,13,1,25,1,4.0,1.0,2012.0,1,2012,,3224,4,1,101.0,99,6,,,
3224,6,8,1,21,1,1,13,1,30,1,4.0,5.0,2005.0,1,2012,,3225,5,1,101.0,99,6,,,
3225,6,8,1,19,22,2,99,1,42,2,6.0,8.0,9999.0,1,2012,,3226,7,1,2201.0,99,6,,,
3226,6,8,1,19,22,2,99,1,30,1,3.0,9.0,9999.0,1,2012,,3227,5,1,2201.0,99,6,,,
3227,6,8,1,17,8,2,99,1,30,1,1.0,4.0,1996.0,1,2012,,3228,5,1,802.0,99,6,,,
3228,6,8,1,17,8,2,99,1,35,1,3.0,4.0,2009.0,1,2012,,3229,6,1,802.0,99,6,,,
3229,6,8,1,3,16,2,99,1,47,1,3.0,6.0,1998.0,1,2012,,3230,8,1,1601.0,99,6,,,
3230,6,8,1,3,16,2,99,1,26,1,9.0,4.0,2006.0,1,2012,,3231,4,1,1601.0,99,6,,,
3231,6,8,1,17,2,2,99,1,25,1,14.0,1.0,2008.0,1,2012,,3232,4,1,205.0,99,6,,,
3232,6,8,1,17,2,2,99,1,22,1,4.0,99.0,9999.0,1,2012,,3233,3,1,205.0,99,6,,,
3233,6,8,1,18,14,2,99,1,49,2,3.0,2.0,1985.0,2,2012,,3234,8,1,1406.0,99,6,,,
3234,7,8,2,17,1,1,17,1,56,1,6.0,7.0,1998.0,1,2012,,3235,10,1,101.0,99,6,,,
3235,7,8,2,17,1,1,17,1,35,1,4.0,1.0,9999.0,1,2012,,3236,6,1,101.0,99,6,,,
3236,7,8,2,18,9,1,9,1,53,1,2.0,6.0,9999.0,2,2012,,3237,9,1,901.0,99,6,,,
3237,7,8,2,7,16,2,99,1,19,1,3.0,1.0,9999.0,3,2012,,3238,2,1,1613.0,99,6,,,
3238,7,8,2,21,16,2,99,9,999,9,3.0,2.0,9999.0,1,2012,,3239,11,9,1609.0,99,6,,,
3239,7,8,2,21,16,2,99,1,26,9,4.0,1.0,9999.0,1,2012,,3240,4,1,1609.0,99,6,,,
3240,8,8,3,19,20,2,99,1,21,9,9.0,2.0,1998.0,1,2012,,3241,3,1,2001.0,99,6,,,
3241,8,8,3,19,20,2,99,1,30,9,3.0,9.0,1998.0,1,2012,,3242,5,1,2001.0,99,6,,,
3242,8,8,3,13,6,2,99,9,999,9,12.0,4.0,1995.0,3,2012,,3243,11,9,602.0,99,6,,,
3243,8,8,3,17,9,2,99,1,40,9,9.0,6.0,9999.0,1,2012,,3244,7,1,920.0,99,6,,,
3244,8,8,3,17,9,2,99,9,999,9,5.0,99.0,9999.0,1,2012,,3245,11,9,920.0,99,6,,,
3245,8,8,3,14,14,2,99,9,999,9,3.0,99.0,9999.0,3,2012,,3246,11,9,1409.0,99,6,,,
3246,9,8,4,0,1,1,3,1,46,1,3.0,99.0,9999.0,3,2012,,3247,8,1,101.0,99,6,,,
3247,9,8,4,23,1,2,99,2,25,2,2.0,6.0,1997.0,1,2012,,3248,4,1,115.0,99,6,,,
3248,9,8,4,23,1,2,99,1,26,1,4.0,3.0,2007.0,1,2012,,3249,4,1,115.0,99,6,,,
3249,9,8,4,2,1,1,6,1,31,2,1.0,1.0,1991.0,1,2012,,3250,5,1,108.0,99,6,,,
3250,9,8,4,2,1,1,6,1,37,1,9.0,4.0,1998.0,1,2012,,3251,6,1,108.0,99,6,,,
3251,9,8,4,23,22,2,99,1,22,1,3.0,4.0,1989.0,3,2012,,3252,3,1,2201.0,99,6,,,
3252,9,8,4,2,20,2,99,1,21,1,4.0,5.0,9999.0,3,2012,,3253,3,1,2001.0,99,6,,,
3253,9,8,4,11,9,2,99,9,999,9,12.0,1.0,9999.0,1,2012,,3254,11,9,916.0,99,6,,,
3254,9,8,4,11,9,2,99,9,999,9,5.0,2.0,1993.0,1,2012,,3255,11,9,916.0,99,6,,,
3255,9,8,4,16,9,2,99,1,53,2,5.0,2.0,1992.0,1,2012,,3256,9,1,901.0,99,6,,,
3256,9,8,4,16,9,2,99,2,30,1,11.0,2.0,2008.0,1,2012,,3257,5,1,901.0,99,6,,,
3257,9,8,4,6,13,2,99,1,30,1,3.0,5.0,9999.0,3,2012,,3258,5,1,1325.0,99,6,,,
3258,9,8,4,18,14,2,99,1,20,1,3.0,2.0,9999.0,3,2012,,3259,3,1,1420.0,99,6,,,
3259,9,8,4,15,3,2,99,1,45,1,8.0,2.0,9999.0,1,2012,,3260,8,1,304.0,99,6,,,
3260,9,8,4,15,3,2,99,1,43,1,3.0,2.0,9999.0,1,2012,,3261,7,1,304.0,99,6,,,
3261,10,8,5,21,1,1,1,1,20,9,3.0,5.0,9999.0,2,2012,,3262,3,1,101.0,99,6,,,
3262,10,8,5,11,1,1,7,2,24,1,1.0,9.0,9999.0,1,2012,,3263,3,1,117.0,99,6,,,
3263,10,8,5,11,1,1,7,1,25,1,4.0,99.0,1977.0,1,2012,,3264,4,1,117.0,99,6,,,
3264,10,8,5,13,1,2,99,9,999,9,3.0,99.0,9999.0,1,2012,,3265,11,9,115.0,99,6,,,
3265,10,8,5,13,1,2,99,1,20,1,4.0,1.0,9999.0,1,2012,,3266,3,9,115.0,99,6,,,
3266,10,8,5,23,1,1,6,9,999,9,3.0,4.0,9999.0,1,2012,,3267,11,9,108.0,99,6,,,
3267,10,8,5,23,1,1,6,1,21,9,4.0,1.0,9999.0,1,2012,,3268,3,1,108.0,99,6,,,
3268,10,8,5,0,20,2,99,1,37,9,3.0,2.0,9999.0,2,2012,,3269,6,1,2009.0,99,6,,,
3269,10,8,5,21,19,2,99,1,39,1,5.0,6.0,9999.0,2,2012,,3270,6,1,1902.0,99,6,,,
3270,10,8,5,21,19,2,99,1,30,1,4.0,5.0,9999.0,2,2012,,3271,5,1,1902.0,99,6,,,
3271,10,8,5,23,5,2,99,1,30,9,5.0,99.0,9999.0,4,2012,,3272,5,1,501.0,99,6,,,
3272,10,8,5,20,6,2,99,1,38,1,6.0,1.0,9999.0,1,2012,,3273,6,1,608.0,99,6,,,
3273,10,8,5,20,6,2,99,1,34,1,4.0,1.0,9999.0,1,2012,,3274,5,1,608.0,99,6,,,
3274,10,8,5,12,14,2,99,1,24,1,3.0,4.0,9999.0,2,2012,,3275,3,1,1401.0,99,6,,,
3275,11,8,6,21,1,1,1,1,25,1,11.0,99.0,9999.0,1,2012,,3276,4,1,101.0,99,6,,,
3276,11,8,6,21,1,1,1,1,20,9,4.0,99.0,2009.0,1,2012,,3277,3,1,101.0,99,6,,,
3277,11,8,6,15,1,1,5,1,26,1,3.0,5.0,9999.0,1,2012,,3278,4,1,115.0,99,6,,,
3278,11,8,6,15,1,1,5,1,25,1,4.0,99.0,9999.0,1,2012,,3279,4,1,115.0,99,6,,,
3279,11,8,6,14,22,2,99,1,42,9,6.0,2.0,9999.0,1,2012,,3280,7,1,2215.0,99,6,,,
3280,11,8,6,14,22,2,99,9,999,9,1.0,4.0,9999.0,1,2012,,3281,11,9,2215.0,99,6,,,
3281,11,8,6,17,22,2,99,1,41,9,3.0,9.0,9999.0,1,2012,,3282,7,1,2214.0,99,6,,,
3282,11,8,6,17,22,2,99,1,47,9,12.0,2.0,2011.0,1,2012,,3283,8,1,2214.0,99,6,,,
3283,11,8,6,20,19,2,99,1,23,1,4.0,1.0,9999.0,2,2012,,3284,3,1,1901.0,99,6,,,
3284,11,8,6,1,5,2,99,1,24,9,99.0,2.0,2001.0,4,2012,,3285,3,1,511.0,99,6,,,
3285,11,8,6,6,6,2,99,1,24,9,4.0,3.0,9999.0,2,2012,,3286,3,1,601.0,99,6,,,
3286,11,8,6,7,16,2,99,1,26,1,5.0,2.0,9999.0,3,2012,,3287,4,1,1601.0,99,6,,,
3287,11,8,6,15,3,2,99,1,49,1,3.0,1.0,2000.0,2,2012,,3288,8,1,304.0,99,6,,,
3288,12,8,7,17,1,1,1,1,30,1,12.0,1.0,9999.0,1,2012,,3289,5,1,101.0,99,6,,,
3289,12,8,7,17,1,1,1,1,34,9,4.0,5.0,9999.0,1,2012,,3290,5,1,101.0,99,6,,,
3290,12,8,7,0,1,1,6,9,999,9,1.0,1.0,9999.0,1,2012,,3291,11,9,101.0,99,6,,,
3291,12,8,7,0,1,1,6,1,34,9,1.0,1.0,9999.0,1,2012,,3292,5,1,101.0,99,6,,,
3292,12,8,7,7,1,1,10,9,999,9,99.0,99.0,9999.0,1,2012,,3293,11,9,101.0,99,6,,,
3293,12,8,7,7,1,1,10,1,29,1,1.0,1.0,9999.0,1,2012,,3294,4,1,101.0,99,6,,,
3294,12,8,7,13,1,1,3,1,30,9,1.0,2.0,2009.0,1,2012,,3295,5,1,108.0,99,6,,,
3295,12,8,7,13,1,1,3,1,25,9,4.0,4.0,2012.0,1,2012,,3296,4,1,108.0,99,6,,,
3296,12,8,7,21,22,2,99,1,21,1,4.0,5.0,9999.0,2,2012,,3297,3,1,2201.0,99,6,,,
3297,12,8,7,23,5,2,99,1,19,9,1.0,1.0,9999.0,2,2012,,3298,2,1,509.0,99,6,,,
3298,12,8,7,16,10,2,99,9,999,9,3.0,1.0,9999.0,1,2012,,3299,11,9,1015.0,99,6,,,
3299,12,8,7,16,10,2,99,1,25,9,4.0,1.0,9999.0,1,2012,,3300,4,1,1015.0,99,6,,,
3300,12,8,7,8,8,1,3,1,32,9,9.0,11.0,1999.0,2,2012,,3301,5,1,802.0,99,6,,,
3301,12,8,7,1,16,2,99,1,23,1,3.0,2.0,1993.0,1,2012,,3302,3,1,1617.0,99,6,,,
3302,12,8,7,1,16,2,99,1,32,2,9.0,3.0,2009.0,1,2012,,3303,5,1,1617.0,99,6,,,
3303,12,8,7,8,17,2,99,1,20,9,4.0,99.0,9999.0,2,2012,,3304,3,1,1711.0,99,6,,,
3304,12,8,7,9,4,2,99,9,999,9,7.0,99.0,9999.0,4,2012,,3305,11,9,401.0,99,6,,,
3305,13,8,1,22,1,1,1,1,22,9,4.0,1.0,9999.0,1,2012,,3306,3,1,101.0,99,6,,,
3306,13,8,1,22,1,1,1,1,32,1,3.0,5.0,9999.0,1,2012,,3307,5,1,101.0,99,6,,,
3307,13,8,1,8,19,2,99,1,36,9,6.0,1.0,9999.0,3,2012,,3308,6,1,1901.0,99,6,,,
3308,13,8,1,18,16,2,99,1,28,9,1.0,99.0,9999.0,1,2012,,3309,4,1,1601.0,99,6,,,
3309,13,8,1,18,16,2,99,1,60,9,1.0,99.0,9999.0,1,2012,,3310,10,1,1601.0,99,6,,,
3310,13,8,1,6,4,2,99,1,24,9,1.0,4.0,9999.0,3,2012,,3311,3,1,406.0,99,6,,,
3311,14,8,2,8,1,1,18,1,21,1,14.0,1.0,2009.0,2,2012,,3312,3,1,101.0,99,6,,,
3312,14,8,2,8,1,1,18,1,35,1,14.0,1.0,9999.0,2,2012,,3313,6,1,101.0,99,6,,,
3313,14,8,2,1,1,1,12,1,27,1,4.0,99.0,9999.0,3,2012,,3314,4,1,101.0,99,6,,,
3314,14,8,2,22,1,1,12,1,30,1,4.0,99.0,9999.0,1,2012,,3315,5,1,115.0,99,6,,,
3315,14,8,2,22,1,1,12,1,29,1,4.0,99.0,9999.0,1,2012,,3316,4,1,115.0,99,6,,,
3316,14,8,2,17,8,2,99,1,54,9,3.0,9.0,1994.0,1,2012,,3317,9,1,802.0,99,6,,,
3317,14,8,2,17,8,2,99,1,22,9,4.0,4.0,9999.0,1,2012,,3318,3,1,802.0,99,6,,,
3318,14,8,2,17,14,2,99,1,36,9,2.0,99.0,1997.0,1,2012,,3319,6,1,1402.0,99,6,,,
3319,14,8,2,17,14,2,99,1,21,9,4.0,1.0,9999.0,1,2012,,3320,3,1,1402.0,99,6,,,
3320,14,8,2,6,14,1,5,9,999,9,1.0,99.0,9999.0,1,2012,,3321,11,9,1401.0,99,6,,,
3321,14,8,2,6,14,1,5,1,17,1,4.0,6.0,9999.0,1,2012,,3322,2,2,1401.0,99,6,,,
3322,15,8,3,20,1,1,1,2,38,1,1.0,1.0,1999.0,1,2012,,3323,6,1,101.0,99,6,,,
3323,15,8,3,20,1,1,1,1,36,1,1.0,2.0,2000.0,1,2012,,3324,6,1,101.0,99,6,,,
3324,15,8,3,12,20,2,99,1,40,1,3.0,1.0,1994.0,3,2012,,3325,7,1,2003.0,99,6,,,
3325,15,8,3,21,19,2,99,9,999,9,3.0,99.0,9999.0,1,2012,,3326,11,9,1901.0,99,6,,,
3326,15,8,3,21,19,2,99,1,25,9,4.0,3.0,2000.0,1,2012,,3327,4,1,1901.0,99,6,,,
3327,15,8,3,22,19,2,99,1,27,1,1.0,2.0,9999.0,1,2012,,3328,4,1,1901.0,99,6,,,
3328,15,8,3,22,19,2,99,9,999,9,6.0,2.0,9999.0,1,2012,,3329,11,9,1901.0,99,6,,,
3329,15,8,3,6,5,2,99,1,999,1,3.0,5.0,9999.0,1,2012,,3330,11,1,501.0,99,6,,,
3330,15,8,3,6,5,2,99,1,26,1,1.0,99.0,9999.0,1,2012,,3331,4,1,501.0,99,6,,,
3331,15,8,3,6,5,2,99,1,27,1,1.0,99.0,9999.0,1,2012,,3332,4,1,501.0,99,6,,,
3332,15,8,3,13,16,2,99,1,40,1,3.0,2.0,1996.0,2,2012,,3333,7,1,1604.0,99,6,,,
3333,15,8,3,10,2,2,99,1,28,1,1.0,4.0,2001.0,1,2012,,3334,4,1,201.0,99,6,,,
3334,15,8,3,10,2,2,99,1,25,1,14.0,1.0,2004.0,1,2012,,3335,4,1,201.0,99,6,,,
3335,15,8,3,6,14,1,5,2,21,9,1.0,8.0,2009.0,1,2012,,3336,3,1,1401.0,99,6,,,
3336,15,8,3,6,14,1,5,1,35,1,4.0,1.0,9999.0,1,2012,,3337,6,1,1401.0,99,6,,,
3337,16,8,4,2,1,1,1,1,29,2,1.0,99.0,9999.0,1,2012,,3338,4,1,101.0,99,6,,,
3338,16,8,4,2,1,1,1,1,999,1,1.0,99.0,2002.0,1,2012,,3339,11,1,101.0,99,6,,,
3339,16,8,4,14,1,2,99,1,29,1,12.0,6.0,1988.0,1,2012,,3340,4,1,102.0,99,6,,,
3340,16,8,4,14,1,2,99,2,43,1,2.0,8.0,2009.0,1,2012,,3341,7,1,102.0,99,6,,,
3341,16,8,4,14,1,2,99,1,58,1,2.0,3.0,2004.0,1,2012,,3342,10,1,102.0,99,6,,,
3342,16,8,4,13,5,2,99,1,42,1,5.0,2.0,2000.0,1,2012,,3343,7,1,501.0,99,6,,,
3343,16,8,4,13,5,2,99,1,19,1,1.0,2.0,1997.0,1,2012,,3344,2,1,501.0,99,6,,,
3344,16,8,4,5,5,2,99,1,22,2,4.0,1.0,9999.0,2,2012,,3345,3,1,504.0,99,6,,,
3345,16,8,4,15,9,1,2,1,53,1,12.0,3.0,9999.0,1,2012,,3346,9,1,920.0,99,6,,,
3346,16,8,4,15,9,1,2,1,17,1,1.0,9.0,9999.0,1,2012,,3347,2,2,920.0,99,6,,,
3347,16,8,4,13,12,2,99,1,41,1,3.0,3.0,1989.0,1,2012,,3348,7,1,1229.0,99,6,,,
3348,16,8,4,13,12,2,99,1,26,1,4.0,3.0,1988.0,1,2012,,3349,4,1,1229.0,99,6,,,
3349,16,8,4,2,7,2,99,1,24,2,2.0,6.0,1997.0,2,2012,,3350,3,1,701.0,99,6,,,
3350,17,8,5,3,1,1,5,1,45,2,2.0,4.0,2007.0,1,2012,,3351,8,1,101.0,99,6,,,
3351,17,8,5,3,1,1,5,1,35,2,1.0,4.0,1986.0,1,2012,,3352,6,1,101.0,99,6,,,
3352,17,8,5,22,1,2,99,9,999,9,99.0,99.0,9999.0,1,2012,,3353,11,9,110.0,99,6,,,
3353,17,8,5,22,1,2,99,1,15,9,4.0,99.0,9999.0,1,2012,,3354,2,2,110.0,99,6,,,
3354,17,8,5,12,6,2,99,1,28,2,3.0,5.0,2009.0,1,2012,,3355,4,1,602.0,99,6,,,
3355,17,8,5,12,6,2,99,1,27,2,2.0,3.0,9999.0,1,2012,,3356,4,1,602.0,99,6,,,
3356,17,8,5,0,10,1,1,1,18,2,1.0,9.0,1996.0,2,2012,,3357,2,1,1001.0,99,6,,,
3357,17,8,5,21,11,2,99,1,35,1,5.0,7.0,9999.0,1,2012,,3358,6,1,1104.0,99,6,,,
3358,17,8,5,21,11,2,99,1,25,1,3.0,3.0,9999.0,1,2012,,3359,4,1,1104.0,99,6,,,
3359,17,8,5,19,9,1,1,9,999,9,3.0,3.0,9999.0,1,2012,,3360,11,9,901.0,99,6,,,
3360,17,8,5,19,9,1,1,1,23,1,1.0,3.0,9999.0,1,2012,,3361,3,1,901.0,99,6,,,
3361,17,8,5,22,9,1,2,1,41,2,5.0,2.0,9999.0,1,2012,,3362,7,1,920.0,99,6,,,
3362,17,8,5,22,9,1,2,1,23,1,4.0,5.0,9999.0,1,2012,,3363,3,1,920.0,99,6,,,
3363,17,8,5,14,9,1,3,1,26,1,1.0,2.0,9999.0,1,2012,,3364,4,1,901.0,99,6,,,
3364,17,8,5,14,9,1,3,1,23,1,4.0,1.0,9999.0,1,2012,,3365,3,1,901.0,99,6,,,
3365,17,8,5,12,12,2,99,1,42,1,3.0,2.0,9999.0,3,2012,,3366,7,1,1211.0,99,6,,,
3366,18,8,6,23,1,2,99,1,38,2,3.0,1.0,9999.0,2,2012,,3367,6,1,116.0,99,6,,,
3367,18,8,6,19,1,1,11,1,31,1,1.0,99.0,9999.0,1,2012,,3368,5,1,101.0,99,6,,,
3368,18,8,6,19,1,1,11,1,32,1,3.0,2.0,1995.0,1,2012,,3369,5,1,101.0,99,6,,,
3369,18,8,6,14,20,2,99,1,31,1,4.0,99.0,9999.0,2,2012,,3370,5,1,2001.0,99,6,,,
3370,18,8,6,21,19,2,99,1,23,1,4.0,99.0,9999.0,3,2012,,3371,3,1,1903.0,99,6,,,
3371,18,8,6,15,5,2,99,1,23,1,1.0,99.0,9999.0,3,2012,,3372,3,1,501.0,99,6,,,
3372,18,8,6,19,6,2,99,2,30,2,2.0,5.0,9999.0,1,2012,,3373,5,1,601.0,99,6,,,
3373,18,8,6,19,6,2,99,1,20,2,2.0,2.0,9999.0,1,2012,,3374,3,1,601.0,99,6,,,
3374,18,8,6,17,17,2,99,1,17,1,4.0,1.0,9999.0,3,2012,,3375,2,2,1712.0,99,6,,,
3375,18,8,6,20,4,2,99,1,52,2,3.0,4.0,1991.0,1,2012,,3376,9,1,409.0,99,6,,,
3376,18,8,6,20,4,2,99,1,29,1,1.0,11.0,2005.0,1,2012,,3377,4,1,409.0,99,6,,,
3377,19,8,7,16,1,1,1,1,33,1,10.0,2.0,2009.0,1,2012,,3378,5,1,101.0,99,6,,,
3378,19,8,7,16,1,1,1,1,55,1,10.0,2.0,2009.0,1,2012,,3379,10,1,101.0,99,6,,,
3379,19,8,7,1,1,1,8,9,999,9,1.0,8.0,1991.0,1,2012,,3380,11,9,101.0,99,6,,,
3380,19,8,7,1,1,1,8,1,29,1,4.0,2.0,2006.0,1,2012,,3381,4,1,101.0,99,6,,,
3381,19,8,7,5,1,1,16,1,33,2,4.0,1.0,9999.0,3,2012,,3382,5,1,101.0,99,6,,,
3382,19,8,7,2,1,1,11,9,999,9,1.0,99.0,1991.0,1,2012,,3383,11,9,101.0,99,6,,,
3383,19,8,7,2,1,1,11,2,24,1,1.0,4.0,2009.0,1,2012,,3384,3,1,101.0,99,6,,,
3384,19,8,7,2,1,1,12,1,25,1,1.0,2.0,9999.0,2,2012,,3385,4,1,101.0,99,6,,,
3385,19,8,7,9,1,1,1,1,21,9,4.0,3.0,9999.0,1,2012,,3386,3,1,115.0,99,6,,,
3386,19,8,7,9,1,1,1,2,27,1,1.0,4.0,1996.0,1,2012,,3387,4,1,115.0,99,6,,,
3387,19,8,7,8,1,1,4,9,999,9,3.0,4.0,1993.0,2,2012,,3388,11,9,108.0,99,6,,,
3388,19,8,7,20,5,2,99,1,22,1,4.0,14.0,2004.0,2,2012,,3389,3,1,506.0,99,6,,,
3389,19,8,7,20,5,2,99,1,42,1,3.0,99.0,9999.0,2,2012,,3390,7,1,508.0,99,6,,,
3390,19,8,7,19,6,2,99,1,24,2,3.0,1.0,1988.0,1,2012,,3391,3,1,601.0,99,6,,,
3391,19,8,7,19,6,2,99,1,999,1,14.0,1.0,9999.0,1,2012,,3392,11,1,601.0,99,6,,,
3392,19,8,7,3,12,2,99,1,32,2,2.0,11.0,1998.0,2,2012,,3393,5,1,1211.0,99,6,,,
3393,19,8,7,11,17,2,99,9,999,9,4.0,99.0,9999.0,1,2012,,3394,11,9,1703.0,99,6,,,
3394,19,8,7,11,17,2,99,2,13,9,4.0,99.0,9999.0,1,2012,,3395,1,2,1703.0,99,6,,,
3395,20,8,1,23,1,1,6,9,999,9,4.0,99.0,9999.0,2,2012,,3396,11,9,101.0,99,6,,,
3396,20,8,1,9,1,2,99,9,999,9,4.0,99.0,9999.0,1,2012,,3397,11,9,103.0,99,6,,,
3397,20,8,1,9,1,2,99,1,40,1,4.0,99.0,9999.0,1,2012,,3398,7,1,103.0,99,6,,,
3398,20,8,1,22,1,1,1,1,38,9,4.0,5.0,9999.0,2,2012,,3399,6,1,115.0,99,6,,,
3399,20,8,1,22,19,2,99,1,38,1,4.0,99.0,9999.0,1,2012,,3400,6,1,1901.0,99,6,,,
3400,20,8,1,22,19,2,99,1,30,1,4.0,5.0,2012.0,1,2012,,3401,5,1,1901.0,99,6,,,
3401,20,8,1,11,12,2,99,1,22,1,4.0,1.0,2010.0,1,2012,,3402,3,1,1215.0,99,6,,,
3402,20,8,1,11,12,2,99,1,47,1,3.0,3.0,1981.0,1,2012,,3403,8,1,1215.0,99,6,,,
3403,20,8,1,13,13,1,99,9,999,9,4.0,1.0,9999.0,1,2012,,3404,11,9,1301.0,99,6,,,
3404,20,8,1,13,13,1,99,1,38,1,3.0,5.0,9999.0,1,2012,,3405,6,1,1301.0,99,6,,,
3405,20,8,1,8,8,2,99,1,26,1,3.0,2.0,2006.0,2,2012,,3406,4,1,801.0,99,6,,,
3406,20,8,1,19,16,1,99,9,999,9,3.0,2.0,9999.0,1,2012,,3407,11,9,1615.0,99,6,,,
3407,20,8,1,19,16,1,99,2,24,9,4.0,2.0,9999.0,1,2012,,3408,3,1,1615.0,99,6,,,
3408,20,8,1,13,2,2,99,1,35,1,5.0,2.0,2010.0,1,2012,,3409,6,1,202.0,99,6,,,
3409,20,8,1,13,2,2,99,1,48,1,2.0,4.0,9999.0,1,2012,,3410,8,1,202.0,99,6,,,
3410,20,8,1,15,17,1,1,1,27,1,4.0,1.0,2007.0,3,2012,,3411,4,1,1703.0,99,6,,,
3411,20,8,1,7,3,2,99,1,32,1,7.0,8.0,1985.0,1,2012,,3412,5,1,304.0,99,6,,,
3412,20,8,1,7,3,2,99,1,45,9,1.0,9.0,1997.0,1,2012,,3413,8,1,304.0,99,6,,,
3413,21,8,2,17,11,1,2,1,39,1,1.0,14.0,1995.0,1,2012,,3414,6,1,1101.0,99,6,,,
3414,21,8,2,17,11,1,2,1,52,1,4.0,4.0,2011.0,1,2012,,3415,9,1,1101.0,99,6,,,
3415,21,8,2,10,3,2,99,1,21,9,3.0,2.0,1992.0,2,2012,,3416,3,1,305.0,99,6,,,
3416,21,8,2,13,17,2,99,1,28,9,4.0,99.0,9999.0,2,2012,,3417,4,1,1701.0,99,6,,,
3417,22,8,3,22,1,1,9,2,27,1,1.0,99.0,9999.0,1,2012,,3418,4,1,101.0,99,6,,,
3418,22,8,3,22,1,1,9,2,23,1,4.0,5.0,9999.0,1,2012,,3419,3,1,101.0,99,6,,,
3419,22,8,3,1,1,1,12,1,18,2,4.0,1.0,9999.0,1,2012,,3420,2,1,101.0,99,6,,,
3420,22,8,3,1,1,1,12,1,42,1,1.0,99.0,9999.0,1,2012,,3421,7,1,101.0,99,6,,,
3421,22,8,3,4,1,1,7,1,28,2,2.0,4.0,2003.0,1,2012,,3422,4,1,108.0,99,6,,,
3422,22,8,3,4,1,1,7,1,34,1,4.0,99.0,9999.0,1,2012,,3423,5,1,108.0,99,6,,,
3423,22,8,3,2,5,2,99,1,34,2,5.0,1.0,9999.0,3,2012,,3424,5,1,501.0,99,6,,,
3424,22,8,3,19,5,2,99,1,37,1,3.0,2.0,2006.0,1,2012,,3425,6,1,502.0,99,6,,,
3425,22,8,3,19,5,2,99,1,35,9,4.0,3.0,9999.0,1,2012,,3426,6,1,502.0,99,6,,,
3426,22,8,3,1,12,2,99,1,48,9,3.0,99.0,9999.0,1,2012,,3427,8,1,1226.0,99,6,,,
3427,22,8,3,1,12,2,99,1,48,9,3.0,99.0,9999.0,1,2012,,3428,8,1,1226.0,99,6,,,
3428,22,8,3,20,4,2,99,1,21,1,3.0,2.0,9999.0,4,2012,,3429,3,1,406.0,99,6,,,
3429,23,8,4,22,1,1,9,2,27,1,1.0,5.0,2003.0,1,2012,,3430,4,1,101.0,99,6,,,
3430,23,8,4,22,1,1,9,1,23,1,4.0,99.0,9999.0,1,2012,,3431,3,1,101.0,99,6,,,
3431,23,8,4,6,1,2,99,9,999,9,5.0,2.0,9999.0,1,2012,,3432,11,9,102.0,99,6,,,
3432,23,8,4,6,1,2,99,1,25,9,4.0,99.0,9999.0,1,2012,,3433,4,1,102.0,99,6,,,
3433,23,8,4,22,1,1,21,1,25,9,14.0,1.0,9999.0,2,2012,,3434,4,1,101.0,99,6,,,
3434,23,8,4,14,21,2,99,9,999,9,14.0,1.0,9999.0,3,2012,,3435,11,9,2106.0,99,6,,,
3435,23,8,4,10,11,1,99,1,34,9,4.0,99.0,9999.0,1,2012,,3436,5,1,1101.0,99,6,,,
3436,23,8,4,10,11,1,99,1,40,9,4.0,99.0,9999.0,1,2012,,3437,7,1,1101.0,99,6,,,
3437,23,8,4,3,9,1,99,1,23,1,4.0,99.0,9999.0,2,2012,,3438,3,1,902.0,99,6,,,
3438,23,8,4,8,9,2,99,1,30,1,3.0,2.0,1998.0,1,2012,,3439,5,1,910.0,99,6,,,
3439,23,8,4,8,9,2,99,1,35,1,3.0,1.0,1996.0,1,2012,,3440,6,1,910.0,99,6,,,
3440,23,8,4,16,7,2,99,1,36,1,3.0,99.0,1986.0,3,2012,,3441,6,1,706.0,99,6,,,
3441,24,8,5,3,1,1,9,1,999,1,3.0,99.0,9999.0,1,2012,,3442,11,1,101.0,99,6,,,
3442,24,8,5,3,1,1,9,1,20,1,3.0,99.0,9999.0,1,2012,,3443,3,1,101.0,99,6,,,
3443,24,8,5,11,1,2,99,1,29,1,5.0,7.0,1988.0,1,2012,,3444,4,1,115.0,99,6,,,
3444,24,8,5,11,1,2,99,1,30,1,4.0,99.0,9999.0,1,2012,,3445,5,1,115.0,99,6,,,
3445,24,8,5,11,1,2,99,1,23,1,4.0,1.0,9999.0,1,2012,,3446,3,1,115.0,99,6,,,
3446,24,8,5,22,22,2,99,1,36,2,3.0,6.0,1997.0,1,2012,,3447,6,1,2203.0,99,6,,,
3447,24,8,5,22,22,2,99,1,42,1,2.0,4.0,2012.0,1,2012,,3448,7,1,2203.0,99,6,,,
3448,24,8,5,0,10,1,1,1,28,2,3.0,4.0,9999.0,2,2012,,3449,4,1,1001.0,99,6,,,
3449,24,8,5,19,9,1,1,1,29,2,5.0,2.0,9999.0,2,2012,,3450,4,1,902.0,99,6,,,
3450,24,8,5,5,13,2,99,1,40,2,5.0,2.0,1988.0,2,2012,,3451,7,1,1301.0,99,6,,,
3451,24,8,5,17,8,2,99,1,32,2,5.0,2.0,1987.0,1,2012,,3452,5,1,802.0,99,6,,,
3452,24,8,5,17,8,2,99,1,49,1,2.0,2.0,1981.0,1,2012,,3453,8,1,802.0,99,6,,,
3453,24,8,5,15,17,2,99,1,47,1,14.0,1.0,9999.0,1,2012,,3454,8,1,1701.0,99,6,,,
3454,24,8,5,15,17,2,99,9,999,9,4.0,99.0,9999.0,1,2012,,3455,11,9,1701.0,99,6,,,
3455,24,8,5,18,14,2,99,9,999,9,3.0,99.0,9999.0,3,2012,,3456,11,9,1401.0,99,6,,,
3456,25,8,6,6,1,1,1,1,30,2,4.0,1.0,2010.0,1,2012,,3457,5,1,101.0,99,6,,,
3457,25,8,6,6,1,1,1,1,37,1,1.0,4.0,2005.0,1,2012,,3458,6,1,101.0,99,6,,,
3458,25,8,6,6,1,2,99,1,44,9,6.0,3.0,2000.0,1,2012,,3459,7,1,103.0,99,6,,,
3459,25,8,6,6,1,2,99,1,24,9,1.0,99.0,9999.0,1,2012,,3460,3,1,103.0,99,6,,,
3460,25,8,6,6,1,1,5,1,58,9,9.0,6.0,9999.0,1,2012,,3461,10,1,101.0,99,6,,,
3461,25,8,6,6,1,1,5,1,17,9,4.0,99.0,9999.0,1,2012,,3462,2,2,101.0,99,6,,,
3462,25,8,6,5,1,1,5,1,32,1,1.0,4.0,2001.0,1,2012,,3463,5,1,101.0,99,6,,,
3463,25,8,6,5,1,1,5,1,25,1,2.0,4.0,9999.0,1,2012,,3464,4,1,101.0,99,6,,,
3464,25,8,6,21,1,1,11,1,27,2,1.0,6.0,9999.0,2,2012,,3465,4,1,101.0,99,6,,,
3465,25,8,6,23,1,1,12,1,38,1,1.0,99.0,9999.0,2,2012,,3466,6,1,101.0,99,6,,,
3466,25,8,6,19,1,1,7,1,34,2,3.0,4.0,1990.0,1,2012,,3467,5,1,108.0,99,6,,,
3467,25,8,6,19,1,1,7,1,34,1,4.0,5.0,2008.0,1,2012,,3468,5,1,108.0,99,6,,,
3468,25,8,6,10,22,2,99,1,23,1,3.0,1.0,9999.0,1,2012,,3469,3,1,2202.0,99,6,,,
3469,25,8,6,10,22,2,99,1,29,1,3.0,11.0,1984.0,1,2012,,3470,4,1,2202.0,99,6,,,
3470,25,8,6,11,5,2,99,1,62,9,6.0,9.0,9999.0,3,2012,,3471,10,1,501.0,99,6,,,
3471,25,8,6,21,5,2,99,1,25,1,4.0,1.0,9999.0,3,2012,,3472,4,1,501.0,99,6,,,
3472,25,8,6,10,6,2,99,1,48,1,3.0,11.0,1982.0,3,2012,,3473,8,1,609.0,99,6,,,
3473,25,8,6,21,12,2,99,1,62,2,3.0,6.0,1993.0,2,2012,,3474,10,1,1222.0,99,6,,,
3474,25,8,6,21,12,2,99,1,30,1,2.0,5.0,1990.0,1,2012,,3475,5,1,1202.0,99,6,,,
3475,25,8,6,21,12,2,99,1,26,1,1.0,3.0,9999.0,1,2012,,3476,4,1,1202.0,99,6,,,
3476,25,8,6,20,12,2,99,1,33,2,1.0,5.0,1999.0,3,2012,,3477,5,1,1202.0,99,6,,,
3477,25,8,6,19,4,2,99,1,29,2,3.0,4.0,1990.0,1,2012,,3478,4,1,409.0,99,6,,,
3478,25,8,6,19,4,2,99,1,42,1,3.0,99.0,2007.0,1,2012,,3479,7,1,409.0,99,6,,,
3479,26,8,7,6,1,2,99,1,36,1,1.0,99.0,9999.0,3,2012,,3480,6,1,105.0,99,6,,,
3480,26,8,7,11,1,1,11,2,67,1,1.0,4.0,9999.0,1,2012,,3481,10,1,101.0,99,6,,,
3481,26,8,7,11,1,1,11,1,38,1,1.0,2.0,1991.0,1,2012,,3482,6,1,101.0,99,6,,,
3482,26,8,7,21,1,2,99,1,32,1,4.0,3.0,9999.0,3,2012,,3483,5,1,115.0,99,6,,,
3483,26,8,7,1,22,2,99,1,20,9,4.0,1.0,9999.0,1,2012,,3484,3,1,2201.0,99,6,,,
3484,26,8,7,1,22,2,99,1,21,1,4.0,1.0,9999.0,1,2012,,3485,3,1,2201.0,99,6,,,
3485,26,8,7,19,5,2,99,1,34,2,3.0,9.0,9999.0,1,2012,,3486,5,1,503.0,99,6,,,
3486,26,8,7,19,5,2,99,1,999,1,5.0,7.0,9999.0,1,2012,,3487,11,1,503.0,99,6,,,
3487,26,8,7,17,5,2,99,9,999,9,12.0,99.0,9999.0,1,2012,,3488,11,9,501.0,99,6,,,
3488,26,8,7,17,5,2,99,1,20,9,1.0,2.0,9999.0,1,2012,,3489,3,1,501.0,99,6,,,
3489,26,8,7,13,15,2,99,1,44,1,9.0,1.0,1999.0,3,2012,,3490,7,1,1502.0,99,6,,,
3490,26,8,7,21,17,2,99,1,22,1,1.0,99.0,1991.0,1,2012,,3491,3,1,1705.0,99,6,,,
3491,26,8,7,21,17,2,99,1,26,1,4.0,3.0,9999.0,1,2012,,3492,4,1,1705.0,99,6,,,
3492,26,8,7,21,14,2,99,1,33,1,3.0,9.0,9999.0,2,2012,,3493,5,1,1401.0,99,6,,,
3493,27,8,1,0,20,1,1,1,32,2,3.0,9.0,2002.0,2,2012,,3494,5,1,2001.0,99,6,,,
3494,27,8,1,8,20,2,99,1,42,1,9.0,6.0,2002.0,1,2012,,3495,7,1,2001.0,99,6,,,
3495,27,8,1,8,20,2,99,1,24,1,5.0,2.0,9999.0,1,2012,,3496,3,1,2001.0,99,6,,,
3496,27,8,1,5,6,2,99,1,23,1,4.0,5.0,9999.0,2,2012,,3497,3,1,601.0,99,6,,,
3497,27,8,1,15,10,2,99,1,19,1,14.0,1.0,2011.0,1,2012,,3498,2,1,1001.0,99,6,,,
3498,27,8,1,15,10,2,99,1,23,1,4.0,3.0,2012.0,1,2012,,3499,3,1,1001.0,99,6,,,
3499,27,8,1,8,15,2,99,1,32,9,4.0,3.0,9999.0,1,2012,,3500,5,1,1504.0,99,6,,,
3500,27,8,1,8,15,2,99,1,34,9,4.0,1.0,9999.0,1,2012,,3501,5,1,1504.0,99,6,,,
3501,27,8,1,15,7,2,99,1,32,9,5.0,2.0,1986.0,3,2012,,3502,5,1,710.0,99,6,,,
3502,28,8,2,20,1,2,99,1,33,1,3.0,4.0,1984.0,2,2012,,3503,5,1,102.0,99,6,,,
3503,28,8,2,2,1,1,12,1,30,1,1.0,2.0,2001.0,1,2012,,3504,5,1,115.0,99,6,,,
3504,28,8,2,2,1,1,12,1,999,9,4.0,4.0,9999.0,1,2012,,3505,11,1,115.0,99,6,,,
3505,28,8,2,9,1,1,15,9,999,9,99.0,99.0,9999.0,1,2012,,3506,11,9,101.0,99,6,,,
3506,28,8,2,9,1,1,15,1,24,1,4.0,99.0,9999.0,1,2012,,3507,3,1,101.0,99,6,,,
3507,29,8,3,4,6,2,99,1,29,1,1.0,2.0,9999.0,2,2012,,3508,4,1,606.0,99,6,,,
3508,29,8,3,1,1,1,13,1,55,9,1.0,5.0,9999.0,2,2012,,3509,10,1,101.0,99,6,,,
3509,29,8,3,14,22,2,99,1,23,1,3.0,11.0,9999.0,4,2012,,3510,3,1,2201.0,99,6,,,
3510,29,8,3,17,12,2,99,1,32,1,3.0,3.0,9999.0,1,2012,,3511,5,1,1201.0,99,6,,,
3511,29,8,3,17,12,2,99,1,24,1,10.0,9.0,1999.0,1,2012,,3512,3,1,1201.0,99,6,,,
3512,29,8,3,21,15,2,99,1,43,1,1.0,8.0,9999.0,1,2012,,3513,7,1,1501.0,99,6,,,
3513,29,8,3,21,15,2,99,9,999,9,5.0,2.0,9999.0,1,2012,,3514,11,9,1501.0,99,6,,,
3514,29,8,3,21,7,2,99,1,27,2,1.0,3.0,9999.0,1,2012,,3515,4,1,701.0,99,6,,,
3515,29,8,3,21,7,2,99,1,25,1,1.0,1.0,9999.0,1,2012,,3516,4,1,701.0,99,6,,,
3516,29,8,3,22,4,2,99,1,32,2,1.0,4.0,9999.0,4,2012,,3517,5,1,406.0,99,6,,,
3517,30,8,4,21,1,1,6,1,47,1,6.0,11.0,9999.0,1,2012,,3518,8,1,101.0,99,6,,,
3518,30,8,4,21,1,1,6,1,37,9,4.0,3.0,9999.0,1,2012,,3519,6,1,101.0,99,6,,,
3519,30,8,4,9,1,2,99,2,37,9,2.0,2.0,2006.0,1,2012,,3520,6,1,102.0,99,6,,,
3520,30,8,4,9,1,2,99,1,32,9,4.0,1.0,2009.0,1,2012,,3521,5,1,102.0,99,6,,,
3521,30,8,4,22,1,2,99,1,42,1,1.0,8.0,9999.0,1,2012,,3522,7,1,114.0,99,6,,,
3522,30,8,4,22,1,2,99,2,32,1,4.0,4.0,1999.0,1,2012,,3523,5,1,114.0,99,6,,,
3523,30,8,4,12,5,2,99,2,25,1,2.0,4.0,9999.0,2,2012,,3524,4,1,503.0,99,6,,,
3524,30,8,4,4,6,2,99,1,26,1,4.0,1.0,9999.0,3,2012,,3525,4,1,601.0,99,6,,,
3525,30,8,4,17,9,1,3,1,27,2,1.0,1.0,9999.0,1,2012,,3526,4,1,901.0,99,6,,,
3526,30,8,4,17,9,1,3,2,24,1,3.0,6.0,9999.0,1,2012,,3527,3,1,901.0,99,6,,,
3527,30,8,4,4,9,2,99,1,36,1,5.0,7.0,9999.0,3,2012,,3528,6,1,917.0,99,6,,,
3528,30,8,4,20,13,2,99,9,999,9,1.0,99.0,9999.0,2,2012,,3529,11,9,1304.0,99,6,,,
3529,30,8,4,13,2,2,99,1,45,1,11.0,99.0,9999.0,3,2012,,3530,8,1,207.0,99,6,,,
3530,30,8,4,7,4,2,99,1,27,1,3.0,9.0,1996.0,3,2012,,3531,4,1,406.0,99,6,,,
3531,30,8,4,7,4,2,99,1,34,1,5.0,99.0,9999.0,3,2012,,3532,5,1,401.0,99,6,,,
3532,30,8,4,21,3,2,99,1,41,1,1.0,9.0,1994.0,1,2012,,3533,7,1,309.0,99,6,,,
3533,30,8,4,21,3,2,99,1,51,1,1.0,2.0,1988.0,1,2012,,3534,9,1,309.0,99,6,,,
3534,31,8,5,11,1,1,7,1,28,1,3.0,5.0,9999.0,1,2012,,3535,4,1,101.0,99,6,,,
3535,31,8,5,11,1,1,7,2,31,1,1.0,4.0,1997.0,1,2012,,3536,5,1,101.0,99,6,,,
3536,31,8,5,9,1,1,7,1,26,1,1.0,4.0,1998.0,1,2012,,3537,4,1,117.0,99,6,,,
3537,31,8,5,9,1,1,7,1,41,1,3.0,6.0,2004.0,1,2012,,3538,7,1,117.0,99,6,,,
3538,31,8,5,0,1,2,99,1,40,9,4.0,5.0,9999.0,2,2012,,3539,7,1,114.0,99,6,,,
3539,31,8,5,13,1,1,3,1,20,9,4.0,2.0,9999.0,2,2012,,3540,3,1,108.0,99,6,,,
3540,31,8,5,4,22,2,99,1,20,1,4.0,5.0,2012.0,3,2012,,3541,3,1,2201.0,99,6,,,
3541,31,8,5,14,22,2,99,1,23,1,1.0,5.0,1992.0,3,2012,,3542,3,1,2204.0,99,6,,,
3542,31,8,5,20,19,2,99,1,38,1,6.0,2.0,9999.0,1,2012,,3543,6,1,1901.0,99,6,,,
3543,31,8,5,20,19,2,99,1,48,9,3.0,5.0,9999.0,1,2012,,3544,8,1,1901.0,99,6,,,
3544,31,8,5,2,9,1,2,1,24,2,16.0,2.0,9999.0,2,2012,,3545,3,1,901.0,99,6,,,
3545,31,8,5,23,16,2,99,1,37,9,5.0,2.0,1998.0,2,2012,,3546,6,1,1615.0,99,6,,,
3546,31,8,5,0,16,2,99,1,22,1,4.0,1.0,2005.0,1,2012,,3547,3,1,1615.0,99,6,,,
3547,31,8,5,0,16,2,99,1,19,1,14.0,1.0,9999.0,1,2012,,3548,2,1,1615.0,99,6,,,
3548,31,8,5,14,17,2,99,1,28,9,99.0,99.0,9999.0,2,2012,,3549,4,1,1710.0,99,6,,,
3549,31,8,5,8,14,2,99,9,999,9,3.0,2.0,9999.0,3,2012,,3550,11,9,1404.0,99,6,,,
3550,31,8,5,19,3,2,99,1,29,2,1.0,15.0,1989.0,1,2012,,3551,4,1,301.0,99,6,,,
3551,31,8,5,19,3,2,99,1,33,2,1.0,6.0,2004.0,1,2012,,3552,5,1,301.0,99,6,,,
3552,1,9,6,2,1,1,4,1,24,2,1.0,99.0,9999.0,1,2012,,3553,3,1,101.0,99,6,,,
3553,1,9,6,2,1,1,4,1,22,1,1.0,2.0,2007.0,1,2012,,3554,3,1,101.0,99,6,,,
3554,1,9,6,22,1,1,4,1,35,1,2.0,4.0,9999.0,1,2012,,3555,6,1,101.0,99,6,,,
3555,1,9,6,22,1,1,4,1,20,1,4.0,5.0,9999.0,1,2012,,3556,3,1,101.0,99,6,,,
3556,1,9,6,21,1,1,8,1,25,9,1.0,6.0,9999.0,2,2012,,3557,4,1,101.0,99,6,,,
3557,1,9,6,17,1,1,18,9,999,9,5.0,99.0,9999.0,1,2012,,3558,11,9,101.0,99,6,,,
3558,1,9,6,17,1,1,18,1,18,9,4.0,2.0,9999.0,1,2012,,3559,2,1,101.0,99,6,,,
3559,1,9,6,22,1,1,7,1,32,2,9.0,2.0,2007.0,1,2012,,3560,5,1,101.0,99,6,,,
3560,1,9,6,22,1,1,7,1,34,1,1.0,5.0,1998.0,1,2012,,3561,5,1,101.0,99,6,,,
3561,1,9,6,2,1,1,11,1,24,2,1.0,2.0,9999.0,1,2012,,3562,3,1,101.0,99,6,,,
3562,1,9,6,2,1,1,11,1,29,1,2.0,99.0,9999.0,1,2012,,3563,4,1,101.0,99,6,,,
3563,1,9,6,1,1,1,99,1,23,1,4.0,99.0,9999.0,2,2012,,3564,3,1,117.0,99,6,,,
3564,1,9,6,2,1,1,7,1,20,2,1.0,2.0,9999.0,2,2012,,3565,3,1,108.0,99,6,,,
3565,1,9,6,15,1,1,4,1,34,1,2.0,4.0,2000.0,1,2012,,3566,5,1,108.0,99,6,,,
3566,1,9,6,15,1,1,4,1,25,1,4.0,3.0,9999.0,1,2012,,3567,4,1,108.0,99,6,,,
3567,1,9,6,19,1,2,99,1,46,1,3.0,14.0,9999.0,2,2012,,3568,8,1,110.0,99,6,,,
3568,1,9,6,18,22,2,99,1,50,1,3.0,1.0,1994.0,3,2012,,3569,9,1,2206.0,99,6,,,
3569,1,9,6,15,11,2,99,1,24,1,14.0,1.0,2007.0,1,2012,,3570,3,1,1101.0,99,6,,,
3570,1,9,6,15,11,2,99,1,42,2,5.0,2.0,9999.0,1,2012,,3571,7,1,1101.0,99,6,,,
3571,1,9,6,17,9,1,3,1,44,2,2.0,7.0,9999.0,1,2012,,3572,7,1,901.0,99,6,,,
3572,1,9,6,17,9,1,3,1,34,1,9.0,1.0,9999.0,1,2012,,3573,5,1,901.0,99,6,,,
3573,1,9,6,12,16,2,99,1,46,1,3.0,11.0,2006.0,1,2012,,3574,8,1,1615.0,99,6,,,
3574,1,9,6,12,16,2,99,1,33,1,4.0,1.0,9999.0,1,2012,,3575,5,1,1615.0,99,6,,,
3575,1,9,6,15,15,2,99,1,22,2,4.0,1.0,9999.0,1,2012,,3576,3,1,1503.0,99,6,,,
3576,1,9,6,15,15,2,99,1,27,1,4.0,3.0,9999.0,1,2012,,3577,4,1,1503.0,99,6,,,
3577,1,9,6,17,18,2,99,1,38,2,4.0,5.0,9999.0,2,2012,,3578,6,1,1801.0,99,6,,,
3578,2,9,7,22,1,1,12,1,26,2,1.0,1.0,9999.0,1,2012,,3579,4,1,101.0,99,6,,,
3579,2,9,7,22,1,1,12,1,29,2,11.0,1.0,9999.0,1,2012,,3580,4,1,101.0,99,6,,,
3580,2,9,7,4,1,2,99,1,26,1,9.0,4.0,9999.0,3,2012,,3581,4,1,114.0,99,6,,,
3581,2,9,7,3,22,2,99,1,35,1,1.0,11.0,9999.0,2,2012,,3582,6,1,2217.0,99,6,,,
3582,2,9,7,15,5,2,99,1,61,2,3.0,1.0,1984.0,2,2012,,3583,10,1,501.0,99,6,,,
3583,2,9,7,8,6,2,99,1,21,1,4.0,99.0,9999.0,3,2012,,3584,3,1,602.0,99,6,,,
3584,2,9,7,8,9,2,99,1,20,9,4.0,5.0,9999.0,2,2012,,3585,3,1,917.0,99,6,,,
3585,2,9,7,8,16,2,99,9,999,9,99.0,99.0,9999.0,1,2012,,3586,11,9,1604.0,99,6,,,
3586,2,9,7,8,16,2,99,1,21,9,4.0,99.0,9999.0,1,2012,,3587,3,1,1604.0,99,6,,,
3587,3,9,1,10,1,1,10,1,42,1,5.0,2.0,9999.0,1,2012,,3588,7,1,101.0,99,6,,,
3588,3,9,1,10,1,1,10,1,999,1,11.0,2.0,9999.0,1,2012,,3589,11,1,101.0,99,6,,,
3589,3,9,1,17,1,2,99,2,36,1,2.0,99.0,9999.0,2,2012,,3590,6,1,102.0,99,6,,,
3590,3,9,1,7,20,1,1,9,999,9,2.0,99.0,9999.0,1,2012,,3591,11,1,2001.0,99,6,,,
3591,3,9,1,7,20,1,1,1,33,9,4.0,1.0,9999.0,1,2012,,3592,5,1,2001.0,99,6,,,
3592,3,9,1,9,19,2,99,1,17,1,4.0,99.0,9999.0,3,2012,,3593,2,2,1901.0,99,6,,,
3593,3,9,1,0,13,2,99,1,24,1,3.0,99.0,9999.0,3,2012,,3594,3,1,1328.0,99,6,,,
3594,3,9,1,15,13,2,99,1,35,1,3.0,99.0,9999.0,3,2012,,3595,6,1,1307.0,99,6,,,
3595,3,9,1,15,2,2,99,1,23,1,3.0,9.0,1990.0,1,2012,,3596,3,1,203.0,99,6,,,
3596,3,9,1,15,2,2,99,1,54,1,3.0,9.0,1990.0,1,2012,,3597,9,1,203.0,99,6,,,
3597,3,9,1,19,2,2,99,9,999,9,8.0,99.0,9999.0,1,2012,,3598,11,1,203.0,99,6,,,
3598,3,9,1,19,2,2,99,1,25,1,14.0,1.0,9999.0,1,2012,,3599,4,1,203.0,99,6,,,
3599,4,9,2,23,1,1,18,1,35,2,3.0,2.0,2009.0,1,2012,,3600,6,1,101.0,99,6,,,
3600,4,9,2,23,1,1,18,1,29,1,1.0,99.0,2003.0,1,2012,,3601,4,1,101.0,99,6,,,
3601,4,9,2,22,1,1,11,1,62,1,1.0,1.0,1999.0,1,2012,,3602,10,1,101.0,99,6,,,
3602,4,9,2,22,1,1,11,1,42,1,1.0,4.0,1988.0,1,2012,,3603,7,1,101.0,99,6,,,
3603,4,9,2,16,9,2,99,1,50,1,9.0,2.0,2008.0,1,2012,,3604,9,1,901.0,99,6,,,
3604,4,9,2,16,9,2,99,2,19,1,4.0,99.0,9999.0,1,2012,,3605,2,1,901.0,99,6,,,
3605,4,9,2,20,17,2,99,2,44,2,4.0,14.0,9999.0,1,2012,,3606,7,1,1703.0,99,6,,,
3606,4,9,2,20,17,2,99,9,999,9,99.0,99.0,9999.0,1,2012,,3607,11,9,1703.0,99,6,,,
3607,4,9,2,1,14,2,99,1,22,1,5.0,2.0,1994.0,1,2012,,3608,3,1,1406.0,99,6,,,
3608,4,9,2,1,14,2,99,1,32,1,1.0,11.0,2007.0,1,2012,,3609,5,1,1406.0,99,6,,,
3609,4,9,2,17,14,2,99,1,17,1,4.0,1.0,2010.0,1,2012,,3610,2,2,1419.0,99,6,,,
3610,4,9,2,17,14,2,99,1,26,1,4.0,1.0,2009.0,1,2012,,3611,4,1,1419.0,99,6,,,
3611,5,9,3,19,1,1,18,1,44,1,1.0,99.0,2008.0,1,2012,,3612,7,1,101.0,99,6,,,
3612,5,9,3,19,1,1,18,1,17,1,4.0,5.0,2008.0,1,2012,,3613,2,2,101.0,99,6,,,
3613,5,9,3,23,1,2,99,1,21,1,1.0,4.0,1998.0,2,2012,,3614,3,1,105.0,99,6,,,
3614,5,9,3,19,1,1,7,1,30,1,1.0,99.0,9999.0,1,2012,,3615,5,1,101.0,99,6,,,
3615,5,9,3,19,1,1,7,1,999,1,4.0,99.0,9999.0,1,2012,,3616,11,1,101.0,99,6,,,
3616,5,9,3,8,5,1,1,1,45,1,12.0,7.0,9999.0,1,2012,,3617,8,1,501.0,99,6,,,
3617,5,9,3,8,5,1,1,1,16,1,4.0,99.0,9999.0,1,2012,,3618,2,2,501.0,99,6,,,
3618,5,9,3,7,8,2,99,1,999,1,5.0,2.0,1990.0,1,2012,,3619,11,9,803.0,99,6,,,
3619,5,9,3,7,8,2,99,1,17,1,14.0,99.0,9999.0,1,2012,,3620,2,2,803.0,99,6,,,
3620,5,9,3,13,17,2,99,1,40,1,4.0,1.0,9999.0,3,2012,,3621,7,1,1712.0,99,6,,,
3621,5,9,3,0,14,1,3,1,22,2,1.0,2.0,9999.0,2,2012,,3622,3,1,1401.0,99,6,,,
3622,6,9,4,18,1,1,1,2,26,1,2.0,2.0,9999.0,2,2012,,3623,4,1,101.0,99,6,,,
3623,6,9,4,22,1,2,99,1,59,2,8.0,9.0,1999.0,1,2012,,3624,10,1,102.0,99,6,,,
3624,6,9,4,22,1,2,99,1,37,1,1.0,5.0,1995.0,1,2012,,3625,6,1,102.0,99,6,,,
3625,6,9,4,9,1,1,7,1,48,2,3.0,4.0,9999.0,2,2012,,3626,8,1,101.0,99,6,,,
3626,6,9,4,20,1,1,11,1,76,1,1.0,1.0,9999.0,1,2012,,3627,10,1,101.0,99,6,,,
3627,6,9,4,20,1,1,11,1,25,1,1.0,3.0,9999.0,1,2012,,3628,4,1,101.0,99,6,,,
3628,6,9,4,19,1,1,8,1,48,2,2.0,1.0,9999.0,2,2012,,3629,8,1,115.0,99,6,,,
3629,6,9,4,5,10,2,99,9,999,9,12.0,7.0,1992.0,1,2012,,3630,11,9,1013.0,99,6,,,
3630,6,9,4,5,10,2,99,1,50,9,6.0,2.0,1995.0,1,2012,,3631,9,1,1013.0,99,6,,,
3631,6,9,4,0,11,2,99,1,19,2,4.0,1.0,9999.0,1,2012,,3632,2,1,1101.0,99,6,,,
3632,6,9,4,0,11,2,99,1,23,2,4.0,3.0,2006.0,1,2012,,3633,3,1,1101.0,99,6,,,
3633,6,9,4,10,11,2,99,1,69,1,3.0,1.0,9999.0,1,2012,,3634,10,1,1102.0,99,6,,,
3634,6,9,4,10,11,2,99,1,35,1,3.0,1.0,9999.0,1,2012,,3635,6,1,1102.0,99,6,,,
3635,6,9,4,16,18,2,99,1,999,1,3.0,5.0,9999.0,3,2012,,3636,11,1,1801.0,99,6,,,
3636,6,9,4,20,14,1,4,1,999,1,3.0,5.0,9999.0,1,2012,,3637,11,1,1401.0,99,6,,,
3637,6,9,4,20,14,1,4,1,22,2,1.0,11.0,9999.0,1,2012,,3638,3,1,1401.0,99,6,,,
3638,6,9,4,6,7,2,99,1,44,1,3.0,9.0,2008.0,2,2012,,3639,7,1,701.0,99,6,,,
3639,7,9,5,12,1,1,3,1,64,1,17.0,7.0,9999.0,1,2012,,3640,10,1,101.0,99,6,,,
3640,7,9,5,12,1,1,3,1,23,1,4.0,99.0,9999.0,1,2012,,3641,3,1,101.0,99,6,,,
3641,7,9,5,17,1,2,99,1,29,9,5.0,1.0,9999.0,1,2012,,3642,4,1,115.0,99,6,,,
3642,7,9,5,17,1,2,99,1,30,9,3.0,1.0,9999.0,1,2012,,3643,5,1,115.0,99,6,,,
3643,7,9,5,19,20,1,99,1,25,9,4.0,99.0,9999.0,3,2012,,3644,4,1,2003.0,99,6,,,
3644,7,9,5,18,19,2,99,1,28,9,3.0,99.0,9999.0,2,2012,,3645,4,1,1904.0,99,6,,,
3645,7,9,5,22,10,1,99,9,999,9,5.0,1.0,9999.0,1,2012,,3646,11,9,1014.0,99,6,,,
3646,7,9,5,22,10,1,99,1,23,1,3.0,5.0,9999.0,1,2012,,3647,3,1,1014.0,99,6,,,
3647,7,9,5,20,9,1,7,1,26,2,4.0,2.0,2008.0,2,2012,,3648,4,1,903.0,99,6,,,
3648,7,9,5,12,18,2,99,1,34,1,3.0,5.0,9999.0,2,2012,,3649,5,1,1803.0,99,6,,,
3649,7,9,5,17,18,2,99,1,23,9,5.0,2.0,2004.0,1,2012,,3650,3,1,1805.0,99,6,,,
3650,7,9,5,17,18,2,99,1,38,9,1.0,3.0,2004.0,1,2012,,3651,6,1,1805.0,99,6,,,
3651,7,9,5,23,17,2,99,9,999,9,5.0,99.0,9999.0,1,2012,,3652,11,9,1710.0,99,6,,,
3652,7,9,5,23,17,2,99,1,67,1,3.0,3.0,9999.0,1,2012,,3653,10,1,1710.0,99,6,,,
3653,7,9,5,7,4,2,99,9,999,9,12.0,99.0,1993.0,3,2012,,3654,11,9,406.0,99,6,,,
3654,8,9,6,1,5,2,99,1,38,2,4.0,3.0,9999.0,3,2012,,3655,6,1,501.0,99,6,,,
3655,8,9,6,10,5,2,99,1,21,9,4.0,99.0,9999.0,1,2012,,3656,3,1,501.0,99,6,,,
3656,8,9,6,10,5,2,99,1,47,9,4.0,99.0,9999.0,1,2012,,3657,8,1,501.0,99,6,,,
3657,8,9,6,2,5,2,99,1,47,9,4.0,99.0,9999.0,1,2012,,3658,8,1,501.0,99,6,,,
3658,8,9,6,16,2,2,99,1,35,9,3.0,6.0,9999.0,3,2012,,3659,6,1,201.0,99,6,,,
3659,8,9,6,4,17,2,99,9,999,9,7.0,2.0,9999.0,3,2012,,3660,11,9,1701.0,99,6,,,
3660,8,9,6,6,3,1,1,1,19,9,4.0,99.0,9999.0,3,2012,,3661,2,1,312.0,99,6,,,
3661,9,9,7,2,1,1,1,1,29,2,4.0,99.0,9999.0,2,2012,,3662,4,1,101.0,99,6,,,
3662,9,9,7,21,1,1,11,1,30,9,4.0,99.0,9999.0,2,2012,,3663,5,1,101.0,99,6,,,
3663,9,9,7,16,19,1,1,2,31,2,3.0,6.0,2011.0,1,2012,,3664,5,1,1901.0,99,6,,,
3664,9,9,7,16,19,1,1,1,32,1,3.0,9.0,2002.0,1,2012,,3665,5,1,1901.0,99,6,,,
3665,9,9,7,19,5,2,99,1,75,9,4.0,99.0,9999.0,2,2012,,3666,10,1,509.0,99,6,,,
3666,9,9,7,12,6,2,99,9,999,9,1.0,8.0,9999.0,2,2012,,3667,11,9,607.0,99,6,,,
3667,9,9,7,23,10,2,99,1,22,9,4.0,5.0,2012.0,2,2012,,3668,3,1,1002.0,99,6,,,
3668,9,9,7,16,10,2,99,1,60,1,3.0,3.0,1986.0,1,2012,,3669,10,1,1002.0,99,6,,,
3669,9,9,7,16,10,2,99,1,37,1,1.0,4.0,9999.0,1,2012,,3670,6,1,1002.0,99,6,,,
3670,9,9,7,20,9,1,8,1,33,2,3.0,11.0,9999.0,1,2012,,3671,5,1,901.0,99,6,,,
3671,9,9,7,20,9,1,8,9,999,9,99.0,9.0,2000.0,1,2012,,3672,11,9,901.0,99,6,,,
3672,9,9,7,15,9,1,2,9,999,9,5.0,2.0,9999.0,1,2012,,3673,11,9,901.0,99,6,,,
3673,9,9,7,15,9,1,2,9,999,9,8.0,1.0,9999.0,1,2012,,3674,11,9,901.0,99,6,,,
3674,9,9,7,15,9,1,2,1,44,1,2.0,3.0,9999.0,1,2012,,3675,7,1,901.0,99,6,,,
3675,9,9,7,18,17,2,99,1,24,9,1.0,4.0,9999.0,1,2012,,3676,3,1,1701.0,99,6,,,
3676,9,9,7,18,17,2,99,9,999,9,1.0,9.0,9999.0,1,2012,,3677,11,9,1701.0,99,6,,,
3677,9,9,7,22,17,2,99,1,42,9,2.0,4.0,9999.0,1,2012,,3678,7,1,1706.0,99,6,,,
3678,9,9,7,22,17,2,99,9,999,9,5.0,99.0,9999.0,1,2012,,3679,11,9,1706.0,99,6,,,
3679,9,9,7,20,4,2,99,1,44,1,1.0,4.0,2001.0,1,2012,,3680,7,1,413.0,99,6,,,
3680,9,9,7,20,4,2,99,1,39,1,3.0,1.0,9999.0,1,2012,,3681,6,1,413.0,99,6,,,
3681,9,9,7,14,3,2,99,1,31,9,3.0,4.0,9999.0,2,2012,,3682,5,1,301.0,99,6,,,
3682,10,9,1,12,1,1,11,1,44,9,2.0,2.0,9999.0,1,2012,,3683,7,1,101.0,99,6,,,
3683,10,9,1,12,1,1,11,1,25,9,1.0,9.0,9999.0,1,2012,,3684,4,1,101.0,99,6,,,
3684,10,9,1,22,5,2,99,1,35,2,3.0,5.0,9999.0,1,2012,,3685,6,1,501.0,99,6,,,
3685,10,9,1,22,5,2,99,1,32,2,1.0,4.0,9999.0,1,2012,,3686,5,1,501.0,99,6,,,
3686,10,9,1,2,6,2,99,9,999,9,3.0,4.0,9999.0,3,2012,,3687,11,9,608.0,99,6,,,
3687,10,9,1,19,6,2,99,1,32,9,3.0,3.0,9999.0,1,2012,,3688,5,1,602.0,99,6,,,
3688,10,9,1,19,6,2,99,1,33,9,2.0,4.0,2007.0,1,2012,,3689,5,1,602.0,99,6,,,
3689,10,9,1,8,6,2,99,1,25,1,7.0,99.0,1998.0,3,2012,,3690,4,1,613.0,99,6,,,
3690,10,9,1,7,9,2,99,1,23,1,4.0,1.0,9999.0,1,2012,,3691,3,1,909.0,99,6,,,
3691,10,9,1,7,9,2,99,1,22,1,5.0,99.0,9999.0,1,2012,,3692,3,1,909.0,99,6,,,
3692,10,9,1,15,4,2,99,1,26,9,9.0,4.0,9999.0,1,2012,,3693,4,1,401.0,99,6,,,
3693,10,9,1,15,4,2,99,1,62,9,4.0,99.0,9999.0,1,2012,,3694,10,1,401.0,99,6,,,
3694,10,9,1,19,3,2,99,9,999,9,12.0,99.0,9999.0,2,2012,,3695,11,9,303.0,99,6,,,
3695,11,9,2,1,1,1,13,1,27,1,3.0,2.0,9999.0,1,2012,,3696,4,1,101.0,99,6,,,
3696,11,9,2,1,1,1,13,1,27,1,4.0,5.0,2011.0,1,2012,,3697,4,1,101.0,99,6,,,
3697,11,9,2,11,21,1,2,1,26,1,3.0,4.0,9999.0,1,2012,,3698,4,1,2101.0,99,6,,,
3698,11,9,2,11,21,1,2,1,32,1,4.0,1.0,2009.0,1,2012,,3699,5,1,2101.0,99,6,,,
3699,11,9,2,23,19,2,99,9,999,9,99.0,99.0,9999.0,1,2012,,3700,11,9,1905.0,99,6,,,
3700,11,9,2,23,19,2,99,1,23,1,4.0,5.0,9999.0,1,2012,,3701,3,1,1905.0,99,6,,,
3701,11,9,2,19,10,2,99,9,999,9,99.0,99.0,9999.0,1,2012,,3702,11,9,1001.0,99,6,,,
3702,11,9,2,19,10,2,99,1,35,9,99.0,99.0,9999.0,1,2012,,3703,6,1,1001.0,99,6,,,
3703,11,9,2,15,2,2,99,9,999,9,99.0,99.0,9999.0,1,2012,,3704,11,9,205.0,99,6,,,
3704,11,9,2,15,2,2,99,1,21,9,4.0,1.0,9999.0,1,2012,,3705,3,1,205.0,99,6,,,
3705,12,9,3,1,1,1,18,1,19,2,1.0,1.0,9999.0,2,2012,,3706,2,1,101.0,99,6,,,
3706,12,9,3,6,1,2,99,9,999,9,7.0,7.0,9999.0,2,2012,,3707,11,1,107.0,99,6,,,
3707,12,9,3,9,1,1,19,1,54,9,1.0,1.0,9999.0,1,2012,,3708,9,1,101.0,99,6,,,
3708,12,9,3,9,1,1,19,9,999,9,12.0,1.0,9999.0,1,2012,,3709,11,1,101.0,99,6,,,
3709,12,9,3,23,17,2,99,1,20,2,14.0,1.0,9999.0,2,2012,,3710,3,1,1703.0,99,6,,,
3710,13,9,4,18,1,1,11,1,19,9,1.0,6.0,9999.0,1,2012,,3711,2,1,101.0,99,6,,,
3711,13,9,4,18,1,1,11,1,999,9,4.0,99.0,9999.0,1,2012,,3712,11,1,101.0,99,6,,,
3712,13,9,4,19,1,1,14,9,999,9,2.0,99.0,9999.0,1,2012,,3713,11,9,101.0,99,6,,,
3713,13,9,4,19,1,1,14,1,23,9,4.0,99.0,9999.0,1,2012,,3714,3,1,101.0,99,6,,,
3714,13,9,4,16,1,1,10,1,21,9,5.0,99.0,9999.0,2,2012,,3715,3,1,108.0,99,6,,,
3715,13,9,4,19,1,1,3,1,45,2,1.0,1.0,9999.0,1,2012,,3716,8,1,108.0,99,6,,,
3716,13,9,4,19,1,1,3,1,19,9,1.0,4.0,2003.0,1,2012,,3717,2,1,108.0,99,6,,,
3717,13,9,4,15,20,2,99,1,37,1,6.0,3.0,9999.0,1,2012,,3718,6,1,2001.0,99,6,,,
3718,13,9,4,15,20,2,99,1,16,9,4.0,5.0,9999.0,1,2012,,3719,2,2,2001.0,99,6,,,
3719,13,9,4,7,6,2,99,1,23,9,1.0,1.0,9999.0,1,2012,,3720,3,1,601.0,99,6,,,
3720,13,9,4,7,6,2,99,9,999,9,2.0,99.0,9999.0,1,2012,,3721,11,9,601.0,99,6,,,
3721,13,9,4,15,11,1,1,1,76,2,1.0,6.0,9999.0,1,2012,,3722,10,1,1101.0,99,6,,,
3722,13,9,4,15,11,1,1,2,27,9,4.0,6.0,2006.0,1,2012,,3723,4,1,1101.0,99,6,,,
3723,13,9,4,22,9,2,99,1,18,2,4.0,3.0,9999.0,2,2012,,3724,2,1,924.0,99,6,,,
3724,14,9,5,18,1,1,2,1,36,9,5.0,2.0,9999.0,1,2012,,3725,6,1,117.0,99,6,,,
3725,14,9,5,18,1,1,2,1,22,9,3.0,5.0,9999.0,1,2012,,3726,3,1,117.0,99,6,,,
3726,14,9,5,20,1,1,6,1,28,9,4.0,1.0,9999.0,3,2012,,3727,4,1,108.0,99,6,,,
3727,14,9,5,0,22,2,99,9,999,9,3.0,3.0,9999.0,2,2012,,3728,11,9,2202.0,99,6,,,
3728,14,9,5,16,21,2,99,1,32,2,3.0,4.0,9999.0,1,2012,,3729,5,1,2101.0,99,6,,,
3729,14,9,5,16,21,2,99,1,35,1,9.0,6.0,2003.0,1,2012,,3730,6,1,2101.0,99,6,,,
3730,14,9,5,18,5,1,1,1,50,2,3.0,6.0,9999.0,1,2012,,3731,9,1,501.0,99,6,,,
3731,14,9,5,18,5,1,1,1,33,1,4.0,3.0,9999.0,1,2012,,3732,5,1,501.0,99,6,,,
3732,14,9,5,18,5,2,99,1,42,1,4.0,6.0,9999.0,2,2012,,3733,7,1,501.0,99,6,,,
3733,14,9,5,16,10,2,99,1,35,1,9.0,11.0,9999.0,2,2012,,3734,6,1,1008.0,99,6,,,
3734,14,9,5,17,16,1,3,1,22,1,1.0,5.0,9999.0,2,2012,,3735,3,1,1601.0,99,6,,,
3735,14,9,5,16,2,2,99,1,25,1,3.0,4.0,1984.0,4,2012,,3736,4,1,201.0,99,6,,,
3736,14,9,5,15,17,2,99,1,52,1,8.0,4.0,2000.0,3,2012,,3737,9,1,1701.0,99,6,,,
3737,15,9,6,9,1,1,1,1,39,2,1.0,4.0,2005.0,1,2012,,3738,6,1,101.0,99,6,,,
3738,15,9,6,9,1,1,1,1,24,1,4.0,1.0,9999.0,1,2012,,3739,3,1,101.0,99,6,,,
3739,15,9,6,0,1,1,10,9,999,9,1.0,99.0,9999.0,1,2012,,3740,11,9,101.0,99,6,,,
3740,15,9,6,0,1,1,10,1,24,9,4.0,1.0,9999.0,1,2012,,3741,3,1,101.0,99,6,,,
3741,15,9,6,1,1,1,1,1,22,1,1.0,2.0,9999.0,1,2012,,3742,3,1,101.0,99,6,,,
3742,15,9,6,1,1,1,1,1,25,1,1.0,3.0,9999.0,1,2012,,3743,4,1,101.0,99,6,,,
3743,15,9,6,22,1,1,18,1,22,1,1.0,99.0,9999.0,1,2012,,3744,3,1,101.0,99,6,,,
3744,15,9,6,22,1,1,18,1,24,1,4.0,5.0,9999.0,1,2012,,3745,3,1,101.0,99,6,,,
3745,15,9,6,17,19,2,99,1,58,2,2.0,5.0,1999.0,1,2012,,3746,10,1,1901.0,99,6,,,
3746,15,9,6,17,19,2,99,1,40,1,4.0,9.0,2005.0,1,2012,,3747,7,1,1901.0,99,6,,,
3747,15,9,6,0,19,2,99,1,33,1,1.0,6.0,9999.0,2,2012,,3748,5,1,1901.0,99,6,,,
3748,15,9,6,8,6,2,99,1,24,1,1.0,1.0,9999.0,2,2012,,3749,3,1,601.0,99,6,,,
3749,15,9,6,12,6,2,99,1,23,1,4.0,5.0,2012.0,4,2012,,3750,3,1,602.0,99,6,,,
3750,15,9,6,5,9,1,1,1,19,1,4.0,9.0,9999.0,2,2012,,3751,2,1,901.0,99,6,,,
3751,15,9,6,5,9,1,3,2,20,1,1.0,6.0,9999.0,2,2012,,3752,3,1,901.0,99,6,,,
3752,15,9,6,5,9,1,3,1,19,1,4.0,9.0,9999.0,2,2012,,3753,2,1,901.0,99,6,,,
3753,15,9,6,0,16,2,99,1,25,1,1.0,3.0,9999.0,2,2012,,3754,4,1,1601.0,99,6,,,
3754,15,9,6,3,18,2,99,1,32,1,1.0,4.0,2005.0,2,2012,,3755,5,1,1801.0,99,6,,,
3755,15,9,6,16,18,2,99,1,29,1,3.0,5.0,9999.0,1,2012,,3756,4,1,1801.0,99,6,,,
3756,15,9,6,16,18,2,99,9,999,9,3.0,6.0,9999.0,1,2012,,3757,11,9,1801.0,99,6,,,
3757,15,9,6,16,18,2,99,9,999,9,5.0,8.0,9999.0,1,2012,,3758,11,9,1801.0,99,6,,,
3758,15,9,6,16,17,2,99,1,34,1,4.0,5.0,9999.0,3,2012,,3759,5,1,1701.0,99,6,,,
3759,15,9,6,13,3,2,99,1,38,1,4.0,99.0,9999.0,1,2012,,3760,6,1,309.0,99,6,,,
3760,15,9,6,13,3,2,99,2,37,1,1.0,3.0,9999.0,1,2012,,3761,6,1,309.0,99,6,,,
3761,16,9,7,15,1,1,4,1,24,1,4.0,5.0,9999.0,1,2012,,3762,3,1,108.0,99,6,,,
3762,16,9,7,15,1,1,4,9,999,1,4.0,99.0,9999.0,1,2012,,3763,11,9,108.0,99,6,,,
3763,16,9,7,17,22,2,99,1,28,9,3.0,5.0,9999.0,1,2012,,3764,4,1,2201.0,99,6,,,
3764,16,9,7,17,22,2,99,1,30,9,1.0,99.0,9999.0,1,2012,,3765,5,1,2201.0,99,6,,,
3765,16,9,7,14,21,2,99,1,31,2,3.0,6.0,9999.0,2,2012,,3766,5,1,2101.0,99,6,,,
3766,16,9,7,14,19,1,1,1,41,1,3.0,3.0,9999.0,1,2012,,3767,7,1,1901.0,99,6,,,
3767,16,9,7,14,19,1,1,1,33,1,4.0,1.0,9999.0,1,2012,,3768,5,1,1901.0,99,6,,,
3768,16,9,7,2,6,2,99,1,21,1,1.0,11.0,2002.0,4,2012,,3769,3,1,602.0,99,6,,,
3769,16,9,7,20,10,2,99,1,49,1,4.0,3.0,9999.0,2,2012,,3770,8,1,1001.0,99,6,,,
3770,16,9,7,22,10,2,99,1,25,2,4.0,3.0,9999.0,3,2012,,3771,4,1,1001.0,99,6,,,
3771,16,9,7,18,10,2,99,1,40,2,3.0,1.0,9999.0,1,2012,,3772,7,1,1001.0,99,6,,,
3772,16,9,7,18,10,2,99,9,999,9,14.0,1.0,9999.0,1,2012,,3773,11,9,1001.0,99,6,,,
3773,16,9,7,17,9,2,99,1,39,9,3.0,6.0,9999.0,4,2012,,3774,6,1,917.0,99,6,,,
3774,16,9,7,9,9,2,99,1,36,9,9.0,4.0,9999.0,1,2012,,3775,6,1,920.0,99,6,,,
3775,16,9,7,9,9,2,99,1,24,9,4.0,99.0,9999.0,1,2012,,3776,3,1,920.0,99,6,,,
3776,16,9,7,15,12,2,99,9,999,9,9.0,6.0,9999.0,3,2012,,3777,11,9,1222.0,99,6,,,
3777,16,9,7,23,13,2,99,1,47,9,3.0,3.0,1988.0,4,2012,,3778,8,1,1301.0,99,6,,,
3778,16,9,7,23,17,2,99,1,39,9,3.0,6.0,9999.0,2,2012,,3779,6,1,1701.0,99,6,,,
3779,16,9,7,13,17,2,99,1,28,9,3.0,5.0,9999.0,2,2012,,3780,4,1,1701.0,99,6,,,
3780,16,9,7,10,7,2,99,1,31,9,3.0,3.0,1988.0,4,2012,,3781,5,1,701.0,99,6,,,
3781,17,9,1,22,1,2,99,1,40,1,1.0,10.0,9999.0,1,2012,,3782,7,1,107.0,99,6,,,
3782,17,9,1,22,1,2,99,1,23,9,4.0,99.0,9999.0,1,2012,,3783,3,1,107.0,99,6,,,
3783,17,9,1,20,19,2,99,1,21,1,1.0,4.0,2003.0,1,2012,,3784,3,1,1904.0,99,6,,,
3784,17,9,1,20,19,2,99,1,32,1,6.0,2.0,2005.0,1,2012,,3785,5,1,1904.0,99,6,,,
3785,17,9,1,21,5,2,99,1,50,2,3.0,1.0,1982.0,2,2012,,3786,9,1,511.0,99,6,,,
3786,17,9,1,18,9,2,99,1,50,1,9.0,4.0,9999.0,2,2012,,3787,9,1,902.0,99,6,,,
3787,17,9,1,7,9,2,99,1,34,1,3.0,9.0,9999.0,2,2012,,3788,5,1,917.0,99,6,,,
3788,17,9,1,8,18,2,99,1,54,1,3.0,6.0,1996.0,1,2012,,3789,9,1,1805.0,99,6,,,
3789,17,9,1,8,18,2,99,1,50,1,3.0,1.0,2004.0,1,2012,,3790,9,1,1805.0,99,6,,,
3790,17,9,1,8,18,2,99,1,69,1,1.0,3.0,2004.0,1,2012,,3791,10,1,1805.0,99,6,,,
3791,17,9,1,19,14,2,99,9,999,9,3.0,99.0,9999.0,3,2012,,3792,11,9,1401.0,99,6,,,
3792,18,9,2,3,20,2,99,2,35,1,4.0,1.0,9999.0,2,2012,,3793,6,1,2001.0,99,6,,,
3793,18,9,2,14,10,2,99,1,70,1,9.0,3.0,9999.0,1,2012,,3794,10,1,1002.0,99,6,,,
3794,18,9,2,14,10,2,99,1,15,1,4.0,5.0,9999.0,1,2012,,3795,2,2,1002.0,99,6,,,
3795,18,9,2,9,3,2,99,1,15,1,3.0,8.0,9999.0,2,2012,,3796,2,2,306.0,99,6,,,
3796,19,9,3,16,11,2,99,1,35,2,3.0,3.0,9999.0,1,2012,,3797,6,1,1104.0,99,6,,,
3797,19,9,3,16,11,2,99,1,32,1,3.0,11.0,9999.0,1,2012,,3798,5,1,1104.0,99,6,,,
3798,19,9,3,18,15,2,99,1,25,2,4.0,5.0,9999.0,1,2012,,3799,4,1,1501.0,99,6,,,
3799,19,9,3,18,15,2,99,2,45,1,4.0,1.0,9999.0,1,2012,,3800,8,1,1501.0,99,6,,,
3800,19,9,3,19,3,2,99,1,29,1,2.0,2.0,9999.0,1,2012,,3801,4,1,302.0,99,6,,,
3801,19,9,3,19,3,2,99,1,23,1,4.0,5.0,9999.0,1,2012,,3802,3,1,302.0,99,6,,,
3802,19,9,3,16,17,2,99,1,19,1,3.0,99.0,9999.0,3,2012,,3803,2,1,1701.0,99,6,,,
3803,19,9,3,21,17,2,99,1,23,9,4.0,99.0,9999.0,1,2012,,3804,3,1,1709.0,99,6,,,
3804,19,9,3,21,17,2,99,9,999,9,99.0,99.0,9999.0,1,2012,,3805,11,9,1709.0,99,6,,,
3805,19,9,3,17,3,2,99,1,30,1,1.0,4.0,9999.0,1,2012,,3806,5,1,301.0,99,6,,,
3806,19,9,3,17,3,2,99,9,999,9,7.0,99.0,9999.0,1,2012,,3807,11,9,301.0,99,6,,,
3807,20,9,4,7,1,1,9,1,24,2,1.0,2.0,2000.0,1,2012,,3808,3,1,101.0,99,6,,,
3808,20,9,4,7,1,1,9,1,35,1,1.0,4.0,1999.0,1,2012,,3809,6,1,101.0,99,6,,,
3809,20,9,4,23,1,1,10,1,19,1,1.0,2.0,2005.0,1,2012,,3810,2,1,101.0,99,6,,,
3810,20,9,4,23,1,1,10,1,35,1,10.0,2.0,2008.0,1,2012,,3811,6,1,101.0,99,6,,,
3811,20,9,4,19,1,1,12,2,24,1,1.0,4.0,2009.0,1,2012,,3812,3,1,101.0,99,6,,,
3812,20,9,4,19,1,1,12,1,22,1,4.0,5.0,2012.0,1,2012,,3813,3,1,101.0,99,6,,,
3813,20,9,4,11,9,2,99,1,47,1,5.0,2.0,9999.0,3,2012,,3814,8,1,924.0,99,6,,,
3814,20,9,4,17,15,2,99,1,37,1,9.0,1.0,9999.0,1,2012,,3815,6,1,1501.0,99,6,,,
3815,20,9,4,17,15,2,99,1,40,1,5.0,2.0,2009.0,1,2012,,3816,7,1,1501.0,99,6,,,
3816,21,9,5,10,1,1,6,1,45,1,11.0,99.0,9999.0,1,2012,,3817,8,1,101.0,99,6,,,
3817,21,9,5,10,1,1,6,1,38,1,4.0,3.0,2011.0,1,2012,,3818,6,1,101.0,99,6,,,
3818,21,9,5,15,5,2,99,1,22,2,1.0,5.0,2008.0,1,2012,,3819,3,1,501.0,99,6,,,
3819,21,9,5,15,5,2,99,1,29,9,4.0,5.0,9999.0,1,2012,,3820,4,1,501.0,99,6,,,
3820,21,9,5,23,9,1,7,1,26,1,9.0,2.0,9999.0,1,2012,,3821,4,1,901.0,99,6,,,
3821,21,9,5,23,9,1,7,1,21,2,4.0,4.0,2012.0,1,2012,,3822,3,1,901.0,99,6,,,
3822,21,9,5,11,12,1,3,1,37,1,2.0,2.0,2001.0,1,2012,,3823,6,1,1201.0,99,6,,,
3823,21,9,5,11,12,1,3,1,22,1,3.0,6.0,2001.0,1,2012,,3824,3,1,1201.0,99,6,,,
3824,21,9,5,7,18,1,1,1,32,1,3.0,4.0,9999.0,1,2012,,3825,5,1,1801.0,99,6,,,
3825,21,9,5,7,18,1,1,2,32,1,4.0,5.0,9999.0,1,2012,,3826,5,1,1801.0,99,6,,,
3826,21,9,5,16,17,2,99,1,24,1,4.0,5.0,9999.0,1,2012,,3827,3,1,1708.0,99,6,,,
3827,21,9,5,16,17,2,99,9,999,9,1.0,99.0,9999.0,1,2012,,3828,11,9,1708.0,99,6,,,
3828,22,9,6,8,1,1,1,9,999,9,1.0,99.0,9999.0,1,2012,,3829,11,9,101.0,99,6,,,
3829,22,9,6,8,1,1,1,1,26,1,4.0,99.0,2005.0,1,2012,,3830,4,1,101.0,99,6,,,
3830,22,9,6,22,1,1,16,1,32,2,1.0,4.0,9999.0,1,2012,,3831,5,1,101.0,99,6,,,
3831,22,9,6,22,1,1,16,1,999,1,10.0,99.0,9999.0,1,2012,,3832,11,1,101.0,99,6,,,
3832,22,9,6,17,21,1,2,2,35,1,3.0,5.0,1987.0,1,2012,,3833,6,1,2101.0,99,6,,,
3833,22,9,6,17,21,1,2,1,18,1,4.0,1.0,2008.0,1,2012,,3834,2,1,2101.0,99,6,,,
3834,22,9,6,16,10,1,1,1,19,1,4.0,5.0,2012.0,1,2012,,3835,2,1,1001.0,99,6,,,
3835,22,9,6,16,10,1,1,1,38,1,1.0,4.0,2009.0,1,2012,,3836,6,1,1001.0,99,6,,,
3836,22,9,6,9,10,2,99,9,999,9,12.0,99.0,1993.0,1,2012,,3837,11,9,1004.0,99,6,,,
3837,22,9,6,9,10,2,99,1,21,9,4.0,5.0,9999.0,1,2012,,3838,3,1,1004.0,99,6,,,
3838,22,9,6,19,13,2,99,1,23,1,3.0,2.0,1987.0,3,2012,,3839,3,1,1301.0,99,6,,,
3839,22,9,6,18,13,2,99,1,57,1,5.0,2.0,2010.0,2,2012,,3840,10,1,1326.0,99,6,,,
3840,22,9,6,23,16,1,2,1,27,2,4.0,3.0,2006.0,3,2012,,3841,4,1,1601.0,99,6,,,
3841,22,9,6,0,2,2,99,1,25,1,4.0,1.0,2008.0,2,2012,,3842,4,1,206.0,99,6,,,
3842,23,9,7,22,1,1,1,1,24,1,2.0,5.0,2003.0,1,2012,,3843,3,1,101.0,99,6,,,
3843,23,9,7,22,1,1,1,1,49,1,1.0,2.0,2004.0,1,2012,,3844,8,1,101.0,99,6,,,
3844,23,9,7,6,1,1,7,2,22,2,2.0,4.0,9999.0,1,2012,,3845,3,1,101.0,99,6,,,
3845,23,9,7,6,1,1,7,1,25,1,4.0,1.0,9999.0,1,2012,,3846,4,1,101.0,99,6,,,
3846,23,9,7,0,1,2,99,1,30,2,4.0,1.0,9999.0,2,2012,,3847,5,1,106.0,99,6,,,
3847,23,9,7,0,1,2,99,1,29,2,3.0,3.0,1989.0,1,2012,,3848,4,1,102.0,99,6,,,
3848,23,9,7,0,1,2,99,1,20,1,4.0,5.0,9999.0,1,2012,,3849,3,1,102.0,99,6,,,
3849,23,9,7,2,1,1,7,1,33,1,1.0,2.0,2011.0,1,2012,,3850,5,1,117.0,99,6,,,
3850,23,9,7,2,1,1,7,9,999,9,1.0,6.0,9999.0,1,2012,,3851,11,9,117.0,99,6,,,
3851,23,9,7,19,1,1,8,1,25,2,1.0,2.0,9999.0,2,2012,,3852,4,1,108.0,99,6,,,
3852,23,9,7,13,1,1,7,1,18,1,4.0,1.0,9999.0,1,2012,,3853,2,1,108.0,99,6,,,
3853,23,9,7,13,1,1,7,9,999,9,12.0,6.0,9999.0,1,2012,,3854,11,9,108.0,99,6,,,
3854,23,9,7,1,6,2,99,1,25,2,3.0,5.0,1982.0,2,2012,,3855,4,1,601.0,99,6,,,
3855,23,9,7,21,10,2,99,1,28,1,1.0,4.0,1996.0,1,2012,,3856,4,1,1001.0,99,6,,,
3856,23,9,7,21,10,2,99,1,33,1,3.0,2.0,2008.0,1,2012,,3857,5,1,1001.0,99,6,,,
3857,23,9,7,10,9,1,1,1,19,1,4.0,7.0,2006.0,1,2012,,3858,2,1,901.0,99,6,,,
3858,23,9,7,10,9,1,1,1,56,1,3.0,14.0,1986.0,1,2012,,3859,10,1,901.0,99,6,,,
3859,23,9,7,1,3,2,99,2,29,1,1.0,4.0,2007.0,1,2012,,3860,4,1,309.0,99,6,,,
3860,23,9,7,1,3,2,99,1,32,1,4.0,5.0,9999.0,1,2012,,3861,5,1,309.0,99,6,,,
3861,23,9,7,1,3,2,99,1,27,1,4.0,4.0,9999.0,1,2012,,3862,4,1,309.0,99,6,,,
3862,24,9,1,17,1,1,99,1,22,1,1.0,2.0,1984.0,1,2012,,3863,3,1,110.0,99,6,,,
3863,24,9,1,17,1,1,99,1,32,1,4.0,1.0,2004.0,1,2012,,3864,5,1,110.0,99,6,,,
3864,24,9,1,10,20,1,99,1,45,1,5.0,2.0,1988.0,1,2012,,3865,8,1,2009.0,99,6,,,
3865,24,9,1,10,20,1,99,1,21,1,4.0,5.0,2012.0,1,2012,,3866,3,1,2009.0,99,6,,,
3866,24,9,1,18,19,1,99,1,21,1,4.0,1.0,2007.0,1,2012,,3867,3,1,1901.0,99,6,,,
3867,24,9,1,18,19,1,99,2,36,1,4.0,6.0,9999.0,1,2012,,3868,6,1,1901.0,99,6,,,
3868,24,9,1,13,19,1,99,1,31,1,3.0,99.0,9999.0,4,2012,,3869,5,1,1904.0,99,6,,,
3869,24,9,1,22,1,1,7,1,26,1,4.0,3.0,9999.0,3,2012,,3870,4,1,101.0,99,6,,,
3870,25,9,2,15,5,2,99,1,33,1,9.0,3.0,9999.0,3,2012,,3871,5,1,504.0,99,6,,,
3871,25,9,2,8,10,1,99,1,23,1,1.0,3.0,9999.0,1,2012,,3872,3,1,1014.0,99,6,,,
3872,25,9,2,8,10,1,99,1,18,1,4.0,1.0,2008.0,1,2012,,3873,2,1,1014.0,99,6,,,
3873,25,9,2,11,11,1,1,1,28,1,10.0,14.0,1998.0,1,2012,,3874,4,1,1101.0,99,6,,,
3874,25,9,2,11,11,1,1,1,31,1,14.0,1.0,2004.0,1,2012,,3875,5,1,1101.0,99,6,,,
3875,25,9,2,13,16,2,99,1,30,1,4.0,1.0,9999.0,4,2012,,3876,5,1,1615.0,99,6,,,
3876,25,9,2,15,1,1,1,9,999,9,99.0,99.0,9999.0,1,2012,,3877,11,9,101.0,99,6,,,
3877,25,9,2,15,1,1,1,2,26,1,4.0,99.0,9999.0,1,2012,,3878,4,1,101.0,99,6,,,
3878,25,9,2,16,1,1,4,9,999,9,99.0,99.0,9999.0,1,2012,,3879,11,9,108.0,99,6,,,
3879,25,9,2,16,1,1,4,2,50,1,1.0,99.0,9999.0,1,2012,,3880,9,1,108.0,99,6,,,
3880,25,9,2,19,1,2,99,1,54,1,6.0,99.0,9999.0,3,2012,,3881,9,1,111.0,99,6,,,
3881,25,9,2,8,12,2,99,9,999,9,6.0,2.0,9999.0,1,2012,,3882,11,9,1215.0,99,6,,,
3882,25,9,2,8,12,2,99,2,22,1,4.0,3.0,9999.0,1,2012,,3883,3,1,1215.0,99,6,,,
3883,26,9,3,15,1,2,3,1,18,1,4.0,5.0,9999.0,3,2012,,3884,2,1,108.0,99,6,,,
3884,26,9,3,12,10,2,99,1,46,1,5.0,2.0,9999.0,3,2012,,3885,8,1,1001.0,99,6,,,
3885,26,9,3,7,10,2,99,1,38,1,7.0,99.0,9999.0,4,2012,,3886,6,1,1001.0,99,6,,,
3886,26,9,3,12,12,2,99,1,22,1,4.0,1.0,9999.0,1,2012,,3887,3,1,1215.0,99,6,,,
3887,26,9,3,21,12,2,99,9,999,9,7.0,99.0,9999.0,4,2012,,3888,11,9,1229.0,99,6,,,
3888,26,9,3,23,13,2,99,2,23,1,3.0,14.0,9999.0,3,2012,,3889,3,1,1316.0,99,6,,,
3889,26,9,3,13,15,2,99,1,18,1,4.0,1.0,2012.0,1,2012,,3890,2,1,1503.0,99,6,,,
3890,26,9,3,13,15,2,99,1,18,1,4.0,99.0,2011.0,1,2012,,3891,2,1,1503.0,99,6,,,
3891,26,9,3,19,2,2,99,9,999,9,6.0,2.0,9999.0,1,2012,,3892,11,9,204.0,99,6,,,
3892,26,9,3,19,2,2,99,1,32,1,3.0,11.0,9999.0,1,2012,,3893,5,1,204.0,99,6,,,
3893,27,9,4,17,1,1,1,2,42,1,3.0,11.0,2007.0,1,2012,,3894,7,1,101.0,99,6,,,
3894,27,9,4,17,1,1,1,1,24,1,4.0,1.0,9999.0,1,2012,,3895,3,1,101.0,99,6,,,
3895,27,9,4,5,1,1,10,1,28,1,5.0,2.0,1987.0,1,2012,,3896,4,1,101.0,99,6,,,
3896,27,9,4,5,1,1,10,1,38,1,1.0,4.0,2006.0,1,2012,,3897,6,1,101.0,99,6,,,
3897,27,9,4,21,6,2,99,1,28,9,4.0,5.0,9999.0,2,2012,,3898,4,1,608.0,99,6,,,
3898,27,9,4,20,12,2,99,1,27,2,2.0,5.0,9999.0,2,2012,,3899,4,1,1217.0,99,6,,,
3899,27,9,4,18,13,2,99,1,39,1,3.0,3.0,9999.0,1,2012,,3900,6,1,1301.0,99,6,,,
3900,27,9,4,18,13,2,99,9,999,9,5.0,2.0,9999.0,1,2012,,3901,11,9,1301.0,99,6,,,
3901,27,9,4,21,16,2,99,9,999,9,5.0,99.0,9999.0,1,2012,,3902,11,9,1613.0,99,6,,,
3902,27,9,4,21,16,2,99,1,52,9,1.0,10.0,9999.0,1,2012,,3903,9,1,1613.0,99,6,,,
3903,27,9,4,21,14,2,99,1,49,2,3.0,4.0,2004.0,2,2012,,3904,8,1,1406.0,99,6,,,
3904,28,9,5,2,1,1,1,1,20,1,1.0,4.0,2001.0,1,2012,,3905,3,1,101.0,99,6,,,
3905,28,9,5,2,1,1,1,1,26,1,1.0,6.0,9999.0,1,2012,,3906,4,1,101.0,99,6,,,
3906,28,9,5,12,1,1,12,1,48,1,4.0,99.0,9999.0,1,2012,,3907,8,1,101.0,99,6,,,
3907,28,9,5,12,1,1,12,1,42,1,4.0,14.0,2004.0,1,2012,,3908,7,1,101.0,99,6,,,
3908,28,9,5,23,1,1,1,2,25,1,1.0,4.0,1989.0,2,2012,,3909,4,1,116.0,99,6,,,
3909,28,9,5,8,1,1,4,9,999,9,99.0,99.0,9999.0,1,2012,,3910,11,9,108.0,99,6,,,
3910,28,9,5,8,1,1,4,1,35,1,4.0,99.0,9999.0,1,2012,,3911,6,1,108.0,99,6,,,
3911,28,9,5,21,6,2,99,1,20,1,1.0,1.0,1990.0,2,2012,,3912,3,1,602.0,99,6,,,
3912,28,9,5,17,10,2,99,1,25,9,4.0,4.0,9999.0,1,2012,,3913,4,1,1020.0,99,6,,,
3913,28,9,5,17,10,2,99,9,999,9,7.0,1.0,9999.0,1,2012,,3914,11,9,1020.0,99,6,,,
3914,28,9,5,23,11,2,99,1,19,1,4.0,3.0,9999.0,3,2012,,3915,2,1,1107.0,99,6,,,
3915,28,9,5,2,9,1,3,1,24,2,1.0,9.0,9999.0,2,2012,,3916,3,1,901.0,99,6,,,
3916,28,9,5,16,12,2,99,1,36,1,4.0,5.0,9999.0,4,2012,,3917,6,1,1218.0,99,6,,,
3917,28,9,5,17,12,1,5,1,38,2,3.0,99.0,9999.0,1,2012,,3918,6,1,1201.0,99,6,,,
3918,28,9,5,17,12,1,5,1,38,1,3.0,9.0,9999.0,1,2012,,3919,6,1,1201.0,99,6,,,
3919,28,9,5,3,8,2,99,1,19,2,3.0,6.0,9999.0,1,2012,,3920,2,1,805.0,99,6,,,
3920,28,9,5,3,8,2,99,1,42,1,9.0,99.0,9999.0,1,2012,,3921,7,1,805.0,99,6,,,
3921,28,9,5,15,8,2,99,1,37,1,3.0,9.0,9999.0,1,2012,,3922,6,1,802.0,99,6,,,
3922,28,9,5,15,8,2,99,1,19,9,4.0,6.0,9999.0,1,2012,,3923,2,1,802.0,99,6,,,
3923,28,9,5,10,16,2,99,1,36,1,9.0,4.0,2007.0,1,2012,,3924,6,1,1609.0,99,6,,,
3924,28,9,5,10,16,2,99,1,25,1,9.0,3.0,2007.0,1,2012,,3925,4,1,1609.0,99,6,,,
3925,29,9,6,12,1,1,10,1,29,1,1.0,5.0,2011.0,1,2012,,3926,4,1,101.0,99,6,,,
3926,29,9,6,12,1,1,10,1,20,1,1.0,4.0,2007.0,1,2012,,3927,3,1,101.0,99,6,,,
3927,29,9,6,4,1,1,3,1,30,9,1.0,4.0,9999.0,2,2012,,3928,5,1,108.0,99,6,,,
3928,29,9,6,8,5,2,99,1,21,1,1.0,99.0,9999.0,1,2012,,3929,3,1,501.0,99,6,,,
3929,29,9,6,8,5,2,99,1,29,1,4.0,99.0,9999.0,1,2012,,3930,4,1,501.0,99,6,,,
3930,29,9,6,1,10,2,99,1,19,9,4.0,1.0,2011.0,2,2012,,3931,2,1,1001.0,99,6,,,
3931,29,9,6,16,16,2,99,1,48,1,5.0,2.0,9999.0,1,2012,,3932,8,1,1607.0,99,6,,,
3932,29,9,6,16,16,2,99,1,20,1,4.0,1.0,2010.0,1,2012,,3933,3,1,1607.0,99,6,,,
3933,30,9,7,1,1,1,2,1,22,2,1.0,8.0,9999.0,1,2012,,3934,3,1,101.0,99,6,,,
3934,30,9,7,1,1,1,2,1,24,1,4.0,99.0,9999.0,1,2012,,3935,3,1,101.0,99,6,,,
3935,30,9,7,2,1,1,8,1,24,1,1.0,99.0,9999.0,1,2012,,3936,3,1,101.0,99,6,,,
3936,30,9,7,2,1,1,8,1,23,1,4.0,4.0,9999.0,1,2012,,3937,3,1,101.0,99,6,,,
3937,30,9,7,15,1,1,5,2,34,1,1.0,4.0,9999.0,1,2012,,3938,5,1,101.0,99,6,,,
3938,30,9,7,15,1,1,5,1,28,1,4.0,99.0,9999.0,1,2012,,3939,4,1,101.0,99,6,,,
3939,30,9,7,19,19,2,99,1,34,1,4.0,5.0,9999.0,3,2012,,3940,5,1,1901.0,99,6,,,
3940,30,9,7,2,5,2,99,1,24,2,1.0,9.0,2003.0,1,2012,,3941,3,1,501.0,99,6,,,
3941,30,9,7,2,5,2,99,1,50,9,2.0,3.0,1990.0,1,2012,,3942,9,1,501.0,99,6,,,
3942,30,9,7,13,5,2,99,1,31,1,1.0,5.0,9999.0,1,2012,,3943,5,1,501.0,99,6,,,
3943,30,9,7,13,5,2,99,1,25,1,3.0,4.0,9999.0,1,2012,,3944,4,1,501.0,99,6,,,
3944,30,9,7,21,9,1,8,1,21,2,3.0,8.0,9999.0,1,2012,,3945,3,1,901.0,99,6,,,
3945,30,9,7,21,9,1,8,9,999,9,11.0,2.0,9999.0,1,2012,,3946,11,9,901.0,99,6,,,
3946,30,9,7,15,9,2,99,1,40,1,3.0,2.0,9999.0,1,2012,,3947,7,1,922.0,99,6,,,
3947,30,9,7,15,9,2,99,1,25,1,4.0,99.0,9999.0,1,2012,,3948,4,1,922.0,99,6,,,
3948,30,9,7,18,16,2,99,1,19,1,4.0,99.0,9999.0,3,2012,,3949,2,1,1615.0,99,6,,,
3949,30,9,7,2,2,2,99,1,27,2,3.0,2.0,9999.0,1,2012,,3950,4,1,204.0,99,6,,,
3950,30,9,7,2,2,2,99,1,45,1,6.0,8.0,2001.0,1,2012,,3951,8,1,204.0,99,6,,,
3951,30,9,7,18,17,1,1,9,999,9,4.0,99.0,9999.0,1,2012,,3952,11,9,1712.0,99,6,,,
3952,30,9,7,18,17,1,1,2,22,9,4.0,99.0,9999.0,1,2012,,3953,3,1,1712.0,99,6,,,
3953,30,9,7,6,7,2,99,1,47,1,2.0,2.0,9999.0,1,2012,,3954,8,1,704.0,99,6,,,
3954,30,9,7,6,7,2,99,1,47,1,3.0,99.0,9999.0,1,2012,,3955,8,1,704.0,99,6,,,
3955,1,10,1,4,9,2,99,9,999,9,5.0,2.0,9999.0,3,2012,,3956,11,1,909.0,99,6,,,
3956,1,10,1,18,8,1,4,1,37,2,3.0,3.0,1991.0,1,2012,,3957,6,1,802.0,99,6,,,
3957,1,10,1,18,8,1,4,1,25,1,1.0,9.0,1995.0,1,2012,,3958,4,1,802.0,99,6,,,
3958,1,10,1,15,1,1,12,1,24,1,3.0,3.0,2004.0,1,2012,,3959,3,1,101.0,99,6,,,
3959,1,10,1,15,1,1,12,1,36,1,4.0,1.0,2004.0,1,2012,,3960,6,1,101.0,99,6,,,
3960,1,10,1,19,1,1,9,1,23,1,3.0,4.0,9999.0,1,2012,,3961,3,1,101.0,99,6,,,
3961,1,10,1,19,1,1,9,1,44,1,1.0,2.0,2006.0,1,2012,,3962,7,1,101.0,99,6,,,
3962,1,10,1,19,16,2,99,1,36,1,5.0,14.0,1982.0,1,2012,,3963,6,1,1601.0,99,6,,,
3963,1,10,1,19,16,2,99,1,35,1,3.0,5.0,9999.0,1,2012,,3964,6,1,1601.0,99,6,,,
3964,2,10,2,16,1,1,18,1,27,1,7.0,7.0,1996.0,1,2012,,3965,4,1,101.0,99,6,,,
3965,2,10,2,16,1,1,18,1,20,1,4.0,5.0,2012.0,1,2012,,3966,3,1,101.0,99,6,,,
3966,2,10,2,9,1,1,4,2,27,1,2.0,5.0,1994.0,1,2012,,3967,4,1,115.0,99,6,,,
3967,2,10,2,9,1,1,4,1,21,1,4.0,1.0,2008.0,1,2012,,3968,3,1,115.0,99,6,,,
3968,2,10,2,12,1,2,99,1,45,1,7.0,1.0,1999.0,1,2012,,3969,8,1,114.0,99,6,,,
3969,2,10,2,12,1,2,99,1,38,1,7.0,1.0,2001.0,1,2012,,3970,6,1,114.0,99,6,,,
3970,2,10,2,1,16,2,99,1,40,1,1.0,14.0,2005.0,2,2012,,3971,7,1,1601.0,99,6,,,
3971,2,10,2,12,3,2,99,9,999,9,7.0,6.0,9999.0,2,2012,,3972,11,9,307.0,99,6,,,
3972,3,10,3,17,1,1,1,1,36,1,6.0,2.0,9999.0,2,2012,,3973,6,1,101.0,99,6,,,
3973,3,10,3,20,1,1,1,1,38,1,3.0,6.0,9999.0,1,2012,,3974,6,1,101.0,99,6,,,
3974,3,10,3,20,1,1,1,1,21,1,4.0,3.0,9999.0,1,2012,,3975,3,1,101.0,99,6,,,
3975,3,10,3,19,1,1,12,1,29,1,4.0,5.0,9999.0,2,2012,,3976,4,1,101.0,99,6,,,
3976,3,10,3,11,1,2,99,1,25,1,5.0,2.0,9999.0,1,2012,,3977,4,1,110.0,99,6,,,
3977,3,10,3,11,1,2,99,1,42,1,3.0,1.0,9999.0,1,2012,,3978,7,1,110.0,99,6,,,
3978,3,10,3,16,1,2,99,1,23,1,3.0,6.0,1995.0,1,2012,,3979,3,1,110.0,99,6,,,
3979,3,10,3,16,1,2,99,1,23,1,3.0,4.0,2008.0,1,2012,,3980,3,1,110.0,99,6,,,
3980,3,10,3,18,20,2,99,1,25,1,3.0,8.0,1987.0,1,2012,,3981,4,1,2001.0,99,6,,,
3981,3,10,3,18,20,2,99,1,43,1,4.0,5.0,2012.0,1,2012,,3982,7,1,2001.0,99,6,,,
3982,3,10,3,13,5,2,99,1,37,9,5.0,2.0,9999.0,1,2012,,3983,6,1,501.0,99,6,,,
3983,3,10,3,13,5,2,99,1,21,9,3.0,9.0,9999.0,1,2012,,3984,3,1,501.0,99,6,,,
3984,3,10,3,13,18,2,99,1,28,9,3.0,6.0,9999.0,1,2012,,3985,4,1,1801.0,99,6,,,
3985,4,10,4,20,1,1,9,1,31,9,4.0,6.0,9999.0,1,2012,,3986,5,1,101.0,99,6,,,
3986,4,10,4,20,1,1,9,1,28,9,3.0,2.0,2010.0,1,2012,,3987,4,1,101.0,99,6,,,
3987,4,10,4,11,1,2,99,9,999,9,7.0,6.0,9999.0,1,2012,,3988,11,9,103.0,99,6,,,
3988,4,10,4,11,1,2,99,9,999,9,2.0,6.0,9999.0,1,2012,,3989,11,9,103.0,99,6,,,
3989,4,10,4,12,1,1,12,1,22,9,1.0,9.0,2002.0,1,2012,,3990,3,1,101.0,99,6,,,
3990,4,10,4,12,1,1,12,1,23,9,4.0,5.0,2011.0,1,2012,,3991,3,1,101.0,99,6,,,
3991,4,10,4,14,1,1,8,1,63,9,6.0,2.0,9999.0,1,2012,,3992,10,1,113.0,99,6,,,
3992,4,10,4,14,1,1,8,1,26,9,4.0,5.0,9999.0,1,2012,,3993,4,1,113.0,99,6,,,
3993,4,10,4,23,21,1,1,1,24,2,4.0,5.0,2008.0,2,2012,,3994,3,1,2102.0,99,6,,,
3994,4,10,4,10,20,2,99,1,33,1,3.0,1.0,1997.0,1,2012,,3995,5,1,2001.0,99,6,,,
3995,4,10,4,10,20,2,99,1,16,1,4.0,3.0,9999.0,1,2012,,3996,2,2,2001.0,99,6,,,
3996,4,10,4,20,9,2,99,1,26,1,3.0,3.0,9999.0,1,2012,,3997,4,1,920.0,99,6,,,
3997,4,10,4,20,9,2,99,1,30,1,3.0,5.0,9999.0,1,2012,,3998,5,1,920.0,99,6,,,
3998,4,10,4,20,9,2,99,9,999,9,6.0,2.0,9999.0,1,2012,,3999,11,9,920.0,99,6,,,
3999,4,10,4,9,18,2,99,1,36,1,3.0,3.0,9999.0,4,2012,,4000,6,1,1801.0,99,6,,,
4000,4,10,4,21,17,2,99,1,36,1,2.0,11.0,9999.0,1,2012,,4001,6,1,1701.0,99,6,,,
4001,4,10,4,21,17,2,99,2,31,1,4.0,9.0,9999.0,1,2012,,4002,5,1,1701.0,99,6,,,
4002,4,10,4,11,14,2,99,1,21,1,14.0,1.0,9999.0,4,2012,,4003,3,1,1401.0,99,6,,,
4003,4,10,4,17,14,2,99,9,999,9,9.0,1.0,9999.0,4,2012,,4004,11,9,1401.0,99,6,,,
4004,5,10,5,9,19,2,99,1,45,1,6.0,2.0,2002.0,2,2012,,4005,8,1,1903.0,99,6,,,
4005,5,10,5,9,19,2,99,1,62,1,6.0,2.0,2008.0,2,2012,,4006,10,1,1903.0,99,6,,,
4006,5,10,5,22,1,1,1,1,26,2,1.0,3.0,2000.0,1,2012,,4007,4,1,101.0,99,6,,,
4007,5,10,5,22,1,1,1,2,69,9,1.0,11.0,2006.0,1,2012,,4008,10,1,101.0,99,6,,,
4008,5,10,5,9,1,2,99,1,40,1,7.0,1.0,9999.0,3,2012,,4009,7,1,116.0,99,6,,,
4009,5,10,5,17,9,2,99,1,53,9,5.0,2.0,1997.0,2,2012,,4010,9,1,912.0,99,6,,,
4010,5,10,5,4,1,2,99,1,37,9,6.0,99.0,9999.0,2,2012,,4011,6,1,113.0,99,6,,,
4011,5,10,5,12,1,1,10,9,999,9,3.0,99.0,9999.0,1,2012,,4012,11,9,101.0,99,6,,,
4012,5,10,5,12,1,1,10,1,43,9,4.0,6.0,9999.0,1,2012,,4013,7,1,101.0,99,6,,,
4013,5,10,5,5,18,2,99,9,999,9,5.0,99.0,9999.0,1,2012,,4014,11,9,1803.0,99,6,,,
4014,5,10,5,5,18,2,99,1,44,9,4.0,99.0,9999.0,1,2012,,4015,7,1,1803.0,99,6,,,
4015,6,10,6,1,1,1,2,1,28,2,1.0,5.0,9999.0,1,2012,,4016,4,1,101.0,99,6,,,
4016,6,10,6,1,1,1,2,1,52,9,4.0,1.0,9999.0,1,2012,,4017,9,1,101.0,99,6,,,
4017,6,10,6,23,1,2,99,1,59,1,11.0,7.0,9999.0,1,2012,,4018,10,1,105.0,99,6,,,
4018,6,10,6,23,1,2,99,1,21,1,4.0,1.0,9999.0,1,2012,,4019,3,1,105.0,99,6,,,
4019,6,10,6,7,1,2,99,9,999,9,7.0,1.0,9999.0,3,2012,,4020,11,9,110.0,99,6,,,
4020,6,10,6,11,7,2,99,9,999,9,7.0,1.0,9999.0,3,2012,,4021,11,9,701.0,99,6,,,
4021,7,10,7,4,1,1,18,1,39,1,1.0,2.0,9999.0,1,2012,,4022,6,1,101.0,99,6,,,
4022,7,10,7,4,1,1,18,1,34,1,4.0,5.0,9999.0,1,2012,,4023,5,1,101.0,99,6,,,
4023,7,10,7,15,1,1,5,1,34,9,1.0,9.0,9999.0,2,2012,,4024,5,1,101.0,99,6,,,
4024,7,10,7,16,1,1,11,1,27,1,2.0,2.0,2007.0,1,2012,,4025,4,1,101.0,99,6,,,
4025,7,10,7,16,1,1,11,1,28,1,4.0,1.0,9999.0,1,2012,,4026,4,1,101.0,99,6,,,
4026,7,10,7,3,1,1,11,1,24,2,4.0,5.0,9999.0,1,2012,,4027,3,1,101.0,99,6,,,
4027,7,10,7,3,1,1,11,1,20,1,3.0,4.0,9999.0,1,2012,,4028,3,1,101.0,99,6,,,
4028,7,10,7,4,1,1,12,1,26,9,3.0,3.0,9999.0,1,2012,,4029,4,1,115.0,99,6,,,
4029,7,10,7,4,1,1,12,9,999,9,3.0,5.0,9999.0,1,2012,,4030,11,9,101.0,99,6,,,
4030,7,10,7,19,1,1,7,1,35,2,3.0,2.0,9999.0,1,2012,,4031,6,1,108.0,99,6,,,
4031,7,10,7,19,1,1,7,1,26,1,4.0,99.0,9999.0,1,2012,,4032,4,1,108.0,99,6,,,
4032,7,10,7,21,22,2,99,1,26,2,4.0,3.0,2013.0,3,2012,,4033,4,1,2201.0,99,6,,,
4033,7,10,7,17,20,2,99,1,27,2,4.0,1.0,9999.0,1,2012,,4034,4,1,2001.0,99,6,,,
4034,7,10,7,17,20,2,99,2,20,1,4.0,1.0,9999.0,1,2012,,4035,3,1,2001.0,99,6,,,
4035,7,10,7,21,20,2,99,1,28,1,4.0,5.0,9999.0,3,2012,,4036,4,1,2001.0,99,6,,,
4036,7,10,7,14,19,2,99,1,63,1,5.0,16.0,9999.0,1,2012,,4037,10,1,1905.0,99,6,,,
4037,7,10,7,14,19,2,99,1,26,1,4.0,16.0,9999.0,1,2012,,4038,4,1,1905.0,99,6,,,
4038,7,10,7,23,19,2,99,1,27,1,3.0,99.0,9999.0,3,2012,,4039,4,1,1903.0,99,6,,,
4039,7,10,7,22,5,1,1,1,20,2,4.0,1.0,9999.0,1,2012,,4040,3,1,507.0,99,6,,,
4040,7,10,7,22,5,1,1,1,64,1,4.0,2.0,9999.0,1,2012,,4041,10,1,507.0,99,6,,,
4041,7,10,7,14,5,2,99,1,32,1,5.0,2.0,2011.0,1,2012,,4042,5,1,501.0,99,6,,,
4042,7,10,7,14,5,2,99,2,30,1,1.0,2.0,9999.0,1,2012,,4043,5,1,501.0,99,6,,,
4043,7,10,7,17,10,2,99,9,999,9,5.0,2.0,2004.0,1,2012,,4044,11,9,1001.0,99,6,,,
4044,7,10,7,17,10,2,99,1,27,9,4.0,1.0,9999.0,1,2012,,4045,4,1,1001.0,99,6,,,
4045,7,10,7,23,11,2,99,1,40,2,4.0,99.0,9999.0,1,2012,,4046,7,1,1107.0,99,6,,,
4046,7,10,7,23,11,2,99,1,20,2,4.0,1.0,9999.0,1,2012,,4047,3,1,1107.0,99,6,,,
4047,7,10,7,21,8,2,99,1,31,2,1.0,1.0,2004.0,1,2012,,4048,5,1,808.0,99,6,,,
4048,7,10,7,21,8,2,99,9,999,9,12.0,7.0,9999.0,1,2012,,4049,11,9,808.0,99,6,,,
4049,7,10,7,10,8,2,99,9,999,9,3.0,9.0,9999.0,3,2012,,4050,11,9,805.0,99,6,,,
4050,7,10,7,20,16,2,99,1,32,1,3.0,4.0,2008.0,1,2012,,4051,5,1,1604.0,99,6,,,
4051,7,10,7,20,16,2,99,1,28,1,1.0,5.0,1996.0,1,2012,,4052,4,1,1604.0,99,6,,,
4052,7,10,7,20,16,2,99,1,32,2,8.0,8.0,9999.0,1,2012,,4053,5,1,1609.0,99,6,,,
4053,7,10,7,20,16,2,99,1,31,9,3.0,2.0,1984.0,1,2012,,4054,5,1,1609.0,99,6,,,
4054,7,10,7,20,14,2,99,1,37,9,99.0,99.0,9999.0,4,2012,,4055,6,1,1403.0,99,6,,,
4055,7,10,7,18,17,2,99,1,26,9,4.0,99.0,9999.0,3,2012,,4056,4,1,1712.0,99,6,,,
4056,7,10,7,21,17,1,99,1,13,9,4.0,99.0,9999.0,1,2012,,4057,1,2,1703.0,99,6,,,
4057,7,10,7,21,17,1,99,9,999,9,1.0,99.0,9999.0,1,2012,,4058,11,9,1703.0,99,6,,,
4058,7,10,7,9,3,2,99,9,999,9,9.0,7.0,9999.0,1,2012,,4059,11,9,306.0,99,6,,,
4059,7,10,7,9,3,2,99,1,32,1,3.0,5.0,9999.0,1,2012,,4060,5,1,306.0,99,6,,,
4060,8,10,1,11,1,1,1,1,35,1,1.0,3.0,2005.0,1,2012,,4061,6,1,101.0,99,6,,,
4061,8,10,1,11,1,1,1,1,24,1,4.0,1.0,2009.0,1,2012,,4062,3,1,101.0,99,6,,,
4062,8,10,1,21,1,1,4,1,18,1,3.0,6.0,1987.0,2,2012,,4063,2,1,115.0,99,6,,,
4063,8,10,1,19,10,2,99,1,56,1,3.0,2.0,9999.0,1,2012,,4064,10,1,1001.0,99,6,,,
4064,8,10,1,19,10,2,99,9,999,9,9.0,6.0,1983.0,1,2012,,4065,11,9,1001.0,99,6,,,
4065,8,10,1,19,10,2,99,9,999,9,3.0,2.0,1986.0,1,2012,,4066,11,9,1001.0,99,6,,,
4066,8,10,1,19,9,1,1,1,31,2,3.0,3.0,1982.0,1,2012,,4067,5,1,909.0,99,6,,,
4067,8,10,1,19,9,1,1,9,999,9,3.0,1.0,1982.0,1,2012,,4068,11,9,909.0,99,6,,,
4068,8,10,1,20,17,2,99,9,999,9,99.0,99.0,9999.0,1,2012,,4069,11,9,1703.0,99,6,,,
4069,8,10,1,20,17,2,99,1,28,9,4.0,99.0,9999.0,1,2012,,4070,4,1,1703.0,99,6,,,
4070,9,10,2,22,1,1,3,1,24,1,1.0,4.0,9999.0,1,2012,,4071,3,1,101.0,99,6,,,
4071,9,10,2,22,1,1,3,1,27,1,4.0,99.0,9999.0,1,2012,,4072,4,1,101.0,99,6,,,
4072,9,10,2,5,1,1,10,1,22,1,11.0,2.0,9999.0,1,2012,,4073,3,1,101.0,99,6,,,
4073,9,10,2,5,1,1,10,9,999,9,5.0,99.0,9999.0,1,2012,,4074,11,9,101.0,99,6,,,
4074,9,10,2,21,20,2,99,1,27,9,4.0,99.0,9999.0,3,2012,,4075,4,1,2001.0,99,6,,,
4075,9,10,2,23,10,2,99,1,25,2,4.0,1.0,9999.0,1,2012,,4076,4,1,1004.0,99,6,,,
4076,9,10,2,23,10,2,99,1,16,1,5.0,1.0,9999.0,1,2012,,4077,2,2,1004.0,99,6,,,
4077,10,10,3,22,1,2,99,1,16,1,1.0,2.0,2007.0,1,2012,,4078,2,2,102.0,99,6,,,
4078,10,10,3,22,1,2,99,1,25,1,4.0,1.0,9999.0,1,2012,,4079,4,1,102.0,99,6,,,
4079,10,10,3,17,1,1,12,1,21,2,1.0,1.0,1996.0,1,2012,,4080,3,1,115.0,99,6,,,
4080,10,10,3,17,1,1,12,1,49,1,2.0,3.0,1979.0,1,2012,,4081,8,1,115.0,99,6,,,
4081,10,10,3,7,22,2,99,1,39,1,3.0,3.0,1994.0,1,2012,,4082,6,1,2201.0,99,6,,,
4082,10,10,3,7,22,2,99,9,999,9,7.0,7.0,1994.0,1,2012,,4083,11,9,2201.0,99,6,,,
4083,10,10,3,0,20,2,99,1,29,9,3.0,4.0,2009.0,1,2012,,4084,4,1,2007.0,99,6,,,
4084,10,10,3,0,20,2,99,1,34,9,1.0,2.0,1981.0,1,2012,,4085,5,1,2007.0,99,6,,,
4085,10,10,3,20,9,2,99,1,32,9,3.0,3.0,1998.0,1,2012,,4086,5,1,901.0,99,6,,,
4086,10,10,3,20,9,2,99,1,20,9,9.0,6.0,2004.0,1,2012,,4087,3,1,901.0,99,6,,,
4087,10,10,3,20,12,2,99,1,24,9,4.0,1.0,2003.0,1,2012,,4088,3,1,1201.0,99,6,,,
4088,10,10,3,21,18,2,99,1,48,9,3.0,4.0,9999.0,1,2012,,4089,8,1,1801.0,99,6,,,
4089,11,10,4,13,1,1,4,1,47,9,5.0,1.0,9999.0,1,2012,,4090,8,1,101.0,99,6,,,
4090,11,10,4,13,1,1,4,1,23,1,4.0,1.0,9999.0,1,2012,,4091,3,1,101.0,99,6,,,
4091,11,10,4,13,1,1,3,1,28,1,5.0,2.0,9999.0,1,2012,,4092,4,1,101.0,99,6,,,
4092,11,10,4,13,1,1,3,1,55,1,4.0,1.0,9999.0,1,2012,,4093,10,1,101.0,99,6,,,
4093,11,10,4,16,1,1,18,1,28,1,7.0,7.0,1991.0,3,2012,,4094,4,1,101.0,99,6,,,
4094,11,10,4,22,12,2,99,1,46,1,1.0,2.0,1990.0,1,2012,,4095,8,1,1201.0,99,6,,,
4095,11,10,4,22,12,2,99,1,16,1,4.0,2.0,2012.0,1,2012,,4096,2,2,1201.0,99,6,,,
4096,11,10,4,3,16,2,99,1,28,1,1.0,1.0,9999.0,3,2012,,4097,4,1,1601.0,99,6,,,
4097,12,10,5,22,1,1,9,2,25,2,1.0,9.0,2002.0,1,2012,,4098,4,1,101.0,99,6,,,
4098,12,10,5,22,1,1,9,1,42,1,1.0,10.0,9999.0,1,2012,,4099,7,1,101.0,99,6,,,
4099,12,10,5,10,1,1,9,2,41,1,1.0,4.0,9999.0,1,2012,,4100,7,1,101.0,99,6,,,
4100,12,10,5,10,1,1,9,2,36,1,1.0,6.0,9999.0,1,2012,,4101,6,1,101.0,99,6,,,
4101,12,10,5,0,13,2,99,1,26,2,3.0,9.0,9999.0,2,2012,,4102,4,1,1301.0,99,6,,,
4102,12,10,5,12,18,2,99,1,44,1,2.0,11.0,2003.0,1,2012,,4103,7,1,1801.0,99,6,,,
4103,12,10,5,12,18,2,99,1,39,1,1.0,1.0,1998.0,1,2012,,4104,6,1,1801.0,99,6,,,
4104,13,10,6,10,1,1,1,9,999,9,1.0,2.0,2001.0,1,2012,,4105,11,9,101.0,99,6,,,
4105,13,10,6,10,1,1,1,1,21,1,1.0,3.0,1980.0,1,2012,,4106,3,1,101.0,99,6,,,
4106,13,10,6,4,1,1,7,1,27,2,4.0,5.0,2007.0,2,2012,,4107,4,1,101.0,99,6,,,
4107,13,10,6,9,1,1,12,9,999,9,5.0,7.0,9999.0,1,2012,,4108,11,9,101.0,99,6,,,
4108,13,10,6,9,1,1,12,1,46,9,4.0,6.0,9999.0,1,2012,,4109,8,1,101.0,99,6,,,
4109,13,10,6,5,1,1,12,1,26,9,1.0,3.0,1994.0,1,2012,,4110,4,1,101.0,99,6,,,
4110,13,10,6,5,1,1,12,1,33,9,4.0,6.0,2001.0,1,2012,,4111,5,1,101.0,99,6,,,
4111,13,10,6,13,1,1,7,1,27,2,2.0,5.0,1995.0,1,2012,,4112,4,1,101.0,99,6,,,
4112,13,10,6,13,1,1,7,1,38,1,1.0,5.0,1999.0,1,2012,,4113,6,1,101.0,99,6,,,
4113,13,10,6,13,1,1,7,1,19,1,4.0,1.0,2001.0,1,2012,,4114,2,1,101.0,99,6,,,
4114,13,10,6,8,1,2,99,1,24,9,4.0,3.0,9999.0,1,2012,,4115,3,1,114.0,99,6,,,
4115,13,10,6,0,22,2,99,1,43,2,3.0,4.0,2006.0,2,2012,,4116,7,1,2201.0,99,6,,,
4116,13,10,6,1,5,2,99,1,19,9,4.0,5.0,9999.0,2,2012,,4117,2,1,501.0,99,6,,,
4117,13,10,6,9,5,2,99,1,37,9,3.0,6.0,9999.0,2,2012,,4118,6,1,501.0,99,6,,,
4118,13,10,6,13,9,2,99,1,30,9,3.0,5.0,9999.0,1,2012,,4119,5,1,920.0,99,6,,,
4119,13,10,6,13,9,2,99,9,999,9,2.0,6.0,9999.0,1,2012,,4120,11,9,920.0,99,6,,,
4120,13,10,6,12,13,2,99,1,45,9,3.0,9.0,9999.0,3,2012,,4121,8,1,1301.0,99,6,,,
4121,13,10,6,20,16,2,99,1,40,2,2.0,6.0,9999.0,1,2012,,4122,7,1,1601.0,99,6,,,
4122,13,10,6,20,16,2,99,1,15,1,14.0,1.0,9999.0,1,2012,,4123,2,2,1601.0,99,6,,,
4123,13,10,6,13,4,2,99,1,33,1,5.0,7.0,9999.0,1,2012,,4124,5,1,401.0,99,6,,,
4124,13,10,6,13,4,2,99,2,34,1,3.0,4.0,9999.0,1,2012,,4125,5,1,401.0,99,6,,,
4125,14,10,7,0,1,1,1,1,21,9,1.0,5.0,1998.0,1,2012,,4126,3,1,101.0,99,6,,,
4126,14,10,7,0,1,1,1,1,33,9,4.0,99.0,9999.0,1,2012,,4127,5,1,101.0,99,6,,,
4127,14,10,7,16,1,1,12,1,29,1,1.0,5.0,9999.0,1,2012,,4128,4,1,115.0,99,6,,,
4128,14,10,7,16,1,1,12,9,999,9,3.0,9.0,9999.0,1,2012,,4129,11,9,115.0,99,6,,,
4129,14,10,7,0,1,1,8,1,22,1,1.0,2.0,9999.0,2,2012,,4130,3,1,108.0,99,6,,,
4130,14,10,7,3,5,2,99,1,23,2,1.0,6.0,1990.0,2,2012,,4131,3,1,501.0,99,6,,,
4131,14,10,7,21,10,2,99,1,37,1,5.0,2.0,2008.0,1,2012,,4132,6,1,1001.0,99,6,,,
4132,14,10,7,21,10,2,99,1,52,1,3.0,9.0,1994.0,1,2012,,4133,9,1,1001.0,99,6,,,
4133,14,10,7,9,10,2,99,1,36,1,6.0,1.0,2011.0,1,2012,,4134,6,1,1001.0,99,6,,,
4134,14,10,7,9,10,2,99,9,999,9,14.0,1.0,9999.0,1,2012,,4135,11,9,1001.0,99,6,,,
4135,14,10,7,14,17,2,99,1,17,9,4.0,1.0,9999.0,1,2012,,4136,2,2,1701.0,99,6,,,
4136,14,10,7,14,17,2,99,1,15,9,4.0,5.0,9999.0,1,2012,,4137,2,2,1701.0,99,6,,,
4137,14,10,7,2,4,2,99,1,21,9,14.0,1.0,9999.0,1,2012,,4138,3,1,401.0,99,6,,,
4138,14,10,7,2,4,2,99,9,999,9,3.0,5.0,2010.0,1,2012,,4139,11,9,401.0,99,6,,,
4139,15,10,1,5,1,1,8,1,28,9,1.0,3.0,1993.0,1,2012,,4140,4,1,101.0,99,6,,,
4140,15,10,1,5,1,1,8,9,999,9,3.0,4.0,1987.0,1,2012,,4141,11,9,101.0,99,6,,,
4141,15,10,1,12,1,1,6,1,23,9,4.0,99.0,9999.0,2,2012,,4142,3,1,101.0,99,6,,,
4142,15,10,1,17,1,1,11,1,28,9,4.0,5.0,2011.0,2,2012,,4143,4,1,101.0,99,6,,,
4143,15,10,1,17,19,2,99,1,35,9,5.0,3.0,9999.0,1,2012,,4144,6,1,1901.0,99,6,,,
4144,15,10,1,17,19,2,99,1,37,9,4.0,1.0,9999.0,1,2012,,4145,6,1,1901.0,99,6,,,
4145,15,10,1,15,17,2,99,1,26,9,9.0,6.0,9999.0,1,2012,,4146,4,1,1701.0,99,6,,,
4146,15,10,1,15,17,2,99,9,999,9,5.0,99.0,9999.0,1,2012,,4147,11,9,1701.0,99,6,,,
4147,15,10,1,15,14,2,99,1,36,9,3.0,1.0,1986.0,3,2012,,4148,6,1,1401.0,99,6,,,
4148,15,10,1,7,4,2,99,1,30,9,5.0,6.0,9999.0,1,2012,,4149,5,1,401.0,99,6,,,
4149,15,10,1,7,4,2,99,1,30,9,5.0,99.0,9999.0,1,2012,,4150,5,1,401.0,99,6,,,
4150,16,10,2,3,1,1,9,1,21,9,4.0,3.0,9999.0,2,2012,,4151,3,1,101.0,99,6,,,
4151,16,10,2,13,1,1,1,1,999,1,12.0,1.0,9999.0,1,2012,,4152,11,1,101.0,99,6,,,
4152,16,10,2,13,1,1,1,1,999,1,12.0,1.0,9999.0,1,2012,,4153,11,1,101.0,99,6,,,
4153,16,10,2,21,1,2,99,1,43,2,2.0,11.0,1997.0,1,2012,,4154,7,1,102.0,99,6,,,
4154,16,10,2,21,1,2,99,1,30,2,2.0,4.0,2006.0,1,2012,,4155,5,1,102.0,99,6,,,
4155,16,10,2,18,1,1,16,1,64,1,4.0,1.0,9999.0,1,2012,,4156,10,1,101.0,99,6,,,
4156,16,10,2,18,1,1,16,9,999,9,1.0,99.0,9999.0,1,2012,,4157,11,9,101.0,99,6,,,
4157,16,10,2,7,1,1,5,1,999,1,1.0,99.0,9999.0,1,2012,,4158,11,1,101.0,99,6,,,
4158,16,10,2,7,1,1,5,1,25,1,4.0,5.0,9999.0,1,2012,,4159,4,1,101.0,99,6,,,
4159,16,10,2,19,1,1,7,1,37,1,2.0,5.0,1999.0,1,2012,,4160,6,1,101.0,99,6,,,
4160,16,10,2,19,1,1,7,1,25,1,4.0,1.0,2008.0,1,2012,,4161,4,1,101.0,99,6,,,
4161,16,10,2,23,19,2,99,1,22,1,4.0,1.0,2009.0,3,2012,,4162,3,1,1902.0,99,6,,,
4162,16,10,2,22,5,2,99,1,999,1,3.0,1.0,9999.0,2,2012,,4163,11,1,509.0,99,6,,,
4163,16,10,2,20,9,1,2,1,49,2,2.0,2.0,9999.0,1,2012,,4164,8,1,901.0,99,6,,,
4164,16,10,2,20,9,1,2,1,37,1,4.0,1.0,9999.0,1,2012,,4165,6,1,901.0,99,6,,,
4165,16,10,2,20,9,2,99,1,999,1,4.0,1.0,9999.0,2,2012,,4166,11,1,901.0,99,6,,,
4166,16,10,2,15,4,2,99,1,49,1,4.0,1.0,9999.0,1,2012,,4167,8,1,409.0,99,6,,,
4167,16,10,2,15,4,2,99,1,22,1,4.0,3.0,2007.0,1,2012,,4168,3,1,409.0,99,6,,,
4168,16,10,2,5,4,1,2,1,21,1,4.0,1.0,2010.0,1,2012,,4169,3,1,401.0,99,6,,,
4169,16,10,2,5,4,1,2,9,999,9,3.0,4.0,9999.0,1,2012,,4170,11,9,401.0,99,6,,,
4170,17,10,3,3,1,1,99,1,31,1,5.0,2.0,9999.0,1,2012,,4171,5,1,115.0,99,6,,,
4171,17,10,3,3,1,1,99,1,999,1,1.0,4.0,9999.0,1,2012,,4172,11,1,115.0,99,6,,,
4172,17,10,3,3,1,2,4,1,20,2,1.0,4.0,9999.0,2,2012,,4173,3,1,108.0,99,6,,,
4173,17,10,3,16,1,2,7,1,27,1,1.0,6.0,9999.0,1,2012,,4174,4,1,101.0,99,6,,,
4174,17,10,3,16,1,2,7,9,999,9,1.0,4.0,9999.0,1,2012,,4175,11,9,101.0,99,6,,,
4175,17,10,3,18,1,2,4,1,32,2,4.0,4.0,9999.0,1,2012,,4176,5,1,108.0,99,6,,,
4176,17,10,3,18,1,2,4,2,20,9,1.0,9.0,9999.0,1,2012,,4177,3,1,108.0,99,6,,,
4177,17,10,3,20,20,2,99,9,999,9,1.0,4.0,9999.0,2,2012,,4178,11,9,2007.0,99,6,,,
4178,17,10,3,14,17,2,99,2,16,1,4.0,3.0,9999.0,1,2012,,4179,2,2,1703.0,99,6,,,
4179,17,10,3,14,17,2,99,1,999,1,9.0,99.0,9999.0,1,2012,,4180,11,1,1703.0,99,6,,,
4180,17,10,3,14,7,2,99,1,43,2,1.0,4.0,2007.0,1,2012,,4181,7,1,705.0,99,6,,,
4181,17,10,3,14,7,2,99,1,999,9,4.0,2.0,2001.0,1,2012,,4182,11,1,705.0,99,6,,,
4182,17,10,3,9,3,2,99,1,55,9,5.0,2.0,1996.0,1,2012,,4183,10,1,309.0,99,6,,,
4183,17,10,3,9,3,2,99,1,17,9,14.0,1.0,9999.0,1,2012,,4184,2,2,309.0,99,6,,,
4184,17,10,3,6,22,2,99,1,33,9,3.0,4.0,9999.0,3,2012,,4185,5,1,2216.0,99,6,,,
4185,18,10,4,11,1,2,7,2,29,9,3.0,8.0,1990.0,1,2012,,4186,4,1,117.0,99,6,,,
4186,18,10,4,11,1,2,7,1,22,9,4.0,99.0,9999.0,1,2012,,4187,3,1,117.0,99,6,,,
4187,18,10,4,11,1,2,7,1,24,9,99.0,4.0,9999.0,2,2012,,4188,3,1,117.0,99,6,,,
4188,18,10,4,18,6,1,1,1,39,2,3.0,3.0,1983.0,1,2012,,4189,6,1,602.0,99,6,,,
4189,18,10,4,18,6,1,1,1,999,1,7.0,1.0,1986.0,1,2012,,4190,11,1,602.0,99,6,,,
4190,18,10,4,20,13,2,99,1,34,2,2.0,4.0,9999.0,1,2012,,4191,5,1,1301.0,99,6,,,
4191,18,10,4,20,13,2,99,1,43,1,1.0,2.0,1998.0,1,2012,,4192,7,1,1301.0,99,6,,,
4192,18,10,4,16,16,2,99,9,999,9,3.0,99.0,9999.0,1,2012,,4193,11,9,1608.0,99,6,,,
4193,18,10,4,16,16,2,99,1,16,1,4.0,3.0,9999.0,1,2012,,4194,2,2,1608.0,99,6,,,
4194,18,10,4,0,3,2,99,1,28,1,9.0,99.0,1998.0,1,2012,,4195,4,1,308.0,99,6,,,
4195,18,10,4,0,3,2,99,1,25,1,4.0,99.0,9999.0,1,2012,,4196,4,1,308.0,99,6,,,
4196,18,10,4,21,1,1,15,1,24,1,1.0,3.0,2007.0,1,2012,,4197,3,1,101.0,99,6,,,
4197,18,10,4,21,1,2,15,1,35,1,12.0,1.0,1993.0,1,2012,,4198,6,1,101.0,99,6,,,
4198,18,10,4,22,1,2,14,1,21,1,1.0,99.0,9999.0,1,2012,,4199,3,1,101.0,99,6,,,
4199,18,10,4,23,2,2,99,1,23,1,5.0,3.0,2012.0,1,2012,,4200,3,1,207.0,99,6,,,
4200,18,10,4,23,2,2,99,1,41,1,6.0,2.0,1997.0,1,2012,,4201,7,1,207.0,99,6,,,
4201,19,10,5,12,1,1,1,1,30,1,1.0,4.0,2008.0,1,2012,,4202,5,1,101.0,99,6,,,
4202,19,10,5,12,1,1,1,1,34,1,1.0,2.0,2011.0,1,2012,,4203,5,1,101.0,99,6,,,
4203,19,10,5,11,1,2,99,1,41,1,1.0,1.0,2008.0,1,2012,,4204,7,1,113.0,99,6,,,
4204,19,10,5,11,1,2,99,1,28,1,1.0,6.0,9999.0,1,2012,,4205,4,1,113.0,99,6,,,
4205,19,10,5,13,1,1,13,1,18,9,4.0,5.0,9999.0,2,2012,,4206,2,1,101.0,99,6,,,
4206,19,10,5,6,1,2,99,1,24,1,4.0,5.0,2001.0,1,2012,,4207,3,1,116.0,99,6,,,
4207,19,10,5,6,1,2,99,9,999,9,1.0,5.0,9999.0,1,2012,,4208,11,9,116.0,99,6,,,
4208,19,10,5,4,1,1,8,1,24,9,1.0,9.0,9999.0,3,2012,,4209,3,1,108.0,99,6,,,
4209,19,10,5,14,22,2,99,1,22,1,3.0,5.0,9999.0,4,2012,,4210,3,1,2201.0,99,6,,,
4210,19,10,5,19,5,1,5,1,36,2,1.0,6.0,9999.0,1,2012,,4211,6,1,501.0,99,6,,,
4211,19,10,5,19,5,1,5,9,999,9,1.0,5.0,9999.0,1,2012,,4212,11,9,501.0,99,6,,,
4212,19,10,5,19,5,1,5,9,999,9,2.0,11.0,1997.0,1,2012,,4213,11,9,501.0,99,6,,,
4213,19,10,5,2,18,2,99,1,49,1,4.0,3.0,9999.0,2,2012,,4214,8,1,1801.0,99,6,,,
4214,19,10,5,14,14,2,99,1,38,1,14.0,1.0,2011.0,3,2012,,4215,6,1,1401.0,99,6,,,
4215,19,10,5,15,14,2,99,1,48,1,3.0,4.0,9999.0,4,2012,,4216,8,1,1401.0,99,6,,,
4216,19,10,5,0,4,2,99,1,29,1,1.0,17.0,1994.0,1,2012,,4217,4,1,401.0,99,6,,,
4217,19,10,5,0,4,2,99,1,30,1,3.0,5.0,9999.0,1,2012,,4218,5,1,401.0,99,6,,,
4218,20,10,6,0,1,1,4,1,42,9,2.0,11.0,9999.0,1,2012,,4219,7,1,101.0,99,6,,,
4219,20,10,6,0,1,1,4,1,22,2,1.0,1.0,9999.0,1,2012,,4220,3,1,101.0,99,6,,,
4220,20,10,6,4,1,1,6,2,29,1,4.0,3.0,9999.0,1,2012,,4221,4,1,101.0,99,6,,,
4221,20,10,6,0,1,2,99,1,68,1,4.0,5.0,2006.0,1,2012,,4222,10,1,102.0,99,6,,,
4222,20,10,6,0,1,2,99,9,999,9,2.0,11.0,9999.0,1,2012,,4223,11,9,102.0,99,6,,,
4223,20,10,6,1,1,2,99,1,22,1,1.0,6.0,9999.0,1,2012,,4224,3,1,116.0,99,6,,,
4224,20,10,6,2,1,1,7,1,33,2,1.0,4.0,9999.0,1,2012,,4225,5,1,117.0,99,6,,,
4225,20,10,6,2,1,1,7,1,58,1,1.0,3.0,1998.0,1,2012,,4226,10,1,117.0,99,6,,,
4226,20,10,6,13,1,1,7,1,39,9,3.0,1.0,2007.0,1,2012,,4227,6,1,108.0,99,6,,,
4227,20,10,6,13,1,1,7,1,29,9,4.0,3.0,2012.0,1,2012,,4228,4,1,108.0,99,6,,,
4228,20,10,6,2,5,2,99,1,19,1,4.0,1.0,9999.0,2,2012,,4229,2,1,506.0,99,6,,,
4229,20,10,6,18,6,2,99,1,32,2,3.0,10.0,1984.0,1,2012,,4230,5,1,602.0,99,6,,,
4230,20,10,6,18,6,2,99,9,999,9,3.0,5.0,2012.0,1,2012,,4231,11,9,602.0,99,6,,,
4231,20,10,6,19,16,2,99,1,25,9,9.0,2.0,2003.0,1,2012,,4232,4,1,1601.0,99,6,,,
4232,20,10,6,19,16,2,99,1,28,9,2.0,3.0,1992.0,1,2012,,4233,4,1,1601.0,99,6,,,
4233,20,10,6,2,18,2,99,1,51,9,4.0,1.0,9999.0,1,2012,,4234,9,1,1801.0,99,6,,,
4234,21,10,7,1,1,1,8,1,20,9,1.0,3.0,9999.0,2,2012,,4235,3,1,101.0,99,6,,,
4235,21,10,7,3,1,1,7,1,40,2,1.0,4.0,9999.0,2,2012,,4236,7,1,101.0,99,6,,,
4236,21,10,7,13,1,1,4,1,26,9,1.0,8.0,9999.0,1,2012,,4237,4,1,108.0,99,6,,,
4237,21,10,7,13,1,1,4,1,20,9,4.0,5.0,2005.0,1,2012,,4238,3,1,108.0,99,6,,,
4238,21,10,7,22,20,1,1,1,38,1,4.0,1.0,9999.0,1,2012,,4239,6,1,2001.0,99,6,,,
4239,21,10,7,22,20,1,1,1,24,2,4.0,2.0,2007.0,1,2012,,4240,3,1,2001.0,99,6,,,
4240,21,10,7,15,19,2,99,1,63,9,7.0,4.0,2008.0,1,2012,,4241,10,1,1901.0,99,6,,,
4241,21,10,7,15,19,2,99,9,999,9,5.0,2.0,1999.0,1,2012,,4242,11,9,1901.0,99,6,,,
4242,21,10,7,1,5,2,99,1,36,9,3.0,3.0,9999.0,2,2012,,4243,6,1,501.0,99,6,,,
4243,21,10,7,22,6,2,99,1,37,9,3.0,6.0,9999.0,1,2012,,4244,6,1,611.0,99,6,,,
4244,21,10,7,22,6,2,99,1,40,9,5.0,2.0,9999.0,1,2012,,4245,7,1,611.0,99,6,,,
4245,21,10,7,23,9,2,99,1,41,9,3.0,9.0,1994.0,1,2012,,4246,7,1,901.0,99,6,,,
4246,21,10,7,23,9,2,99,1,27,9,1.0,8.0,1991.0,1,2012,,4247,4,1,901.0,99,6,,,
4247,21,10,7,16,18,2,99,1,41,9,9.0,3.0,9999.0,1,2012,,4248,7,1,1801.0,99,6,,,
4248,21,10,7,16,18,2,99,1,61,9,7.0,3.0,9999.0,1,2012,,4249,10,1,1801.0,99,6,,,
4249,21,10,7,14,17,2,99,1,60,9,1.0,2.0,9999.0,2,2012,,4250,10,1,1701.0,99,6,,,
4250,22,10,1,23,1,2,99,1,39,1,3.0,2.0,1996.0,1,2012,,4251,6,1,110.0,99,6,,,
4251,22,10,1,23,1,2,99,1,29,1,4.0,4.0,2008.0,1,2012,,4252,4,1,110.0,99,6,,,
4252,22,10,1,18,20,2,99,1,29,1,4.0,5.0,9999.0,1,2012,,4253,4,1,2001.0,99,6,,,
4253,22,10,1,18,20,2,99,9,999,9,1.0,7.0,9999.0,1,2012,,4254,11,9,2001.0,99,6,,,
4254,22,10,1,10,5,2,99,1,61,1,1.0,99.0,9999.0,2,2012,,4255,10,1,505.0,99,6,,,
4255,22,10,1,23,9,1,3,1,19,1,1.0,4.0,9999.0,2,2012,,4256,2,1,901.0,99,6,,,
4256,23,10,2,8,1,1,1,1,43,1,2.0,11.0,9999.0,1,2012,,4257,7,1,101.0,99,6,,,
4257,23,10,2,8,1,1,1,1,24,1,4.0,1.0,9999.0,1,2012,,4258,3,1,101.0,99,6,,,
4258,23,10,2,11,1,1,1,1,29,1,12.0,1.0,9999.0,1,2012,,4259,4,1,101.0,99,6,,,
4259,23,10,2,11,1,1,1,1,20,1,4.0,5.0,9999.0,1,2012,,4260,3,1,101.0,99,6,,,
4260,23,10,2,5,1,2,99,1,24,9,7.0,1.0,9999.0,2,2012,,4261,3,1,115.0,99,6,,,
4261,23,10,2,7,1,1,3,1,30,1,7.0,7.0,1995.0,1,2012,,4262,5,1,110.0,99,6,,,
4262,23,10,2,7,1,1,3,1,36,1,4.0,1.0,2005.0,1,2012,,4263,6,1,110.0,99,6,,,
4263,23,10,2,7,9,1,1,1,19,9,1.0,6.0,9999.0,1,2012,,4264,2,1,901.0,99,6,,,
4264,23,10,2,7,9,1,1,1,23,9,7.0,6.0,1987.0,1,2012,,4265,3,1,901.0,99,6,,,
4265,23,10,2,19,9,1,5,1,21,9,3.0,11.0,9999.0,1,2012,,4266,3,1,901.0,99,6,,,
4266,23,10,2,19,9,1,5,1,32,9,9.0,14.0,9999.0,1,2012,,4267,5,1,901.0,99,6,,,
4267,24,10,3,11,1,1,5,2,39,9,1.0,4.0,2001.0,1,2012,,4268,6,1,103.0,99,6,,,
4268,24,10,3,11,1,1,5,1,22,9,2.0,11.0,2006.0,1,2012,,4269,3,1,103.0,99,6,,,
4269,24,10,3,13,1,1,12,1,21,9,1.0,4.0,2002.0,1,2012,,4270,3,1,101.0,99,6,,,
4270,24,10,3,13,1,1,13,1,999,9,1.0,4.0,1989.0,1,2012,,4271,11,1,101.0,99,6,,,
4271,24,10,3,23,1,1,12,1,31,2,1.0,11.0,1992.0,1,2012,,4272,5,1,101.0,99,6,,,
4272,24,10,3,23,1,1,12,2,60,2,1.0,11.0,2002.0,1,2012,,4273,10,1,101.0,99,6,,,
4273,24,10,3,7,1,1,11,1,39,9,1.0,4.0,2002.0,1,2012,,4274,6,1,101.0,99,6,,,
4274,24,10,3,7,1,1,11,1,25,9,11.0,2.0,2012.0,1,2012,,4275,4,1,101.0,99,6,,,
4275,24,10,3,18,9,2,99,1,23,9,4.0,99.0,9999.0,1,2012,,4276,3,1,920.0,99,6,,,
4276,25,10,4,21,1,1,1,1,43,9,2.0,4.0,9999.0,1,2012,,4277,7,1,101.0,99,6,,,
4277,25,10,4,21,1,1,1,1,22,9,2.0,1.0,2011.0,1,2012,,4278,3,1,101.0,99,6,,,
4278,25,10,4,7,1,1,13,1,26,1,3.0,11.0,2001.0,2,2012,,4279,4,1,101.0,99,6,,,
4279,25,10,4,2,1,1,11,1,17,9,4.0,1.0,9999.0,2,2012,,4280,2,2,108.0,99,6,,,
4280,25,10,4,15,21,2,99,1,19,9,4.0,99.0,9999.0,1,2012,,4281,2,1,2101.0,99,6,,,
4281,25,10,4,15,21,2,99,1,35,9,4.0,99.0,9999.0,1,2012,,4282,6,1,2101.0,99,6,,,
4282,25,10,4,12,5,1,1,1,22,1,1.0,99.0,9999.0,1,2012,,4283,3,1,501.0,99,6,,,
4283,25,10,4,12,5,1,1,2,24,1,4.0,99.0,9999.0,1,2012,,4284,3,1,501.0,99,6,,,
4284,25,10,4,22,10,1,99,9,999,9,1.0,5.0,9999.0,4,2012,,4285,11,9,1010.0,99,6,,,
4285,25,10,4,13,9,2,99,1,48,9,11.0,2.0,9999.0,1,2012,,4286,8,1,921.0,99,6,,,
4286,25,10,4,13,9,2,99,1,30,9,4.0,3.0,9999.0,1,2012,,4287,5,1,921.0,99,6,,,
4287,25,10,4,7,18,2,99,1,45,1,1.0,1.0,1989.0,1,2012,,4288,8,1,1801.0,99,6,,,
4288,25,10,4,7,18,2,99,1,34,1,4.0,5.0,2007.0,1,2012,,4289,5,1,1801.0,99,6,,,
4289,25,10,4,6,17,2,99,9,999,9,6.0,99.0,9999.0,1,2012,,4290,11,9,1712.0,99,6,,,
4290,25,10,4,6,17,2,99,1,30,1,4.0,99.0,9999.0,1,2012,,4291,5,1,1712.0,99,6,,,
4291,26,10,5,20,1,1,10,2,33,1,2.0,4.0,9999.0,1,2012,,4292,5,1,101.0,99,6,,,
4292,26,10,5,20,1,1,10,1,23,1,4.0,5.0,9999.0,1,2012,,4293,3,1,101.0,99,6,,,
4293,26,10,5,11,1,1,11,2,47,1,1.0,11.0,2005.0,1,2012,,4294,8,1,101.0,99,6,,,
4294,26,10,5,11,1,1,11,1,50,1,5.0,2.0,2011.0,1,2012,,4295,9,1,101.0,99,6,,,
4295,26,10,5,11,1,1,7,9,999,9,6.0,99.0,9999.0,1,2012,,4296,11,9,101.0,99,6,,,
4296,26,10,5,11,1,1,7,1,78,9,3.0,5.0,9999.0,1,2012,,4297,10,1,101.0,99,6,,,
4297,26,10,5,23,1,1,7,1,25,2,2.0,9.0,2007.0,1,2012,,4298,4,1,101.0,99,6,,,
4298,26,10,5,23,1,1,7,1,35,1,8.0,14.0,1986.0,1,2012,,4299,6,1,101.0,99,6,,,
4299,26,10,5,23,1,1,7,1,40,1,1.0,99.0,9999.0,1,2012,,4300,7,1,101.0,99,6,,,
4300,26,10,5,17,6,1,99,9,999,9,1.0,9.0,9999.0,1,2012,,4301,11,9,603.0,99,6,,,
4301,26,10,5,17,6,1,99,1,30,9,4.0,1.0,9999.0,1,2012,,4302,5,1,603.0,99,6,,,
4302,26,10,5,13,10,1,99,1,23,1,14.0,5.0,2011.0,1,2012,,4303,3,1,1010.0,99,6,,,
4303,26,10,5,13,10,1,99,9,999,9,1.0,5.0,9999.0,1,2012,,4304,11,9,1010.0,99,6,,,
4304,26,10,5,15,12,2,99,1,34,9,4.0,1.0,9999.0,2,2012,,4305,5,1,1226.0,99,6,,,
4305,26,10,5,15,13,2,99,1,27,9,3.0,3.0,9999.0,4,2012,,4306,4,1,1319.0,99,6,,,
4306,26,10,5,10,8,1,4,2,21,9,3.0,3.0,9999.0,3,2012,,4307,3,1,801.0,99,6,,,
4307,26,10,5,16,18,1,1,2,36,1,1.0,5.0,2008.0,1,2012,,4308,6,1,1801.0,99,6,,,
4308,26,10,5,16,18,1,1,1,43,1,4.0,1.0,2009.0,1,2012,,4309,7,1,1801.0,99,6,,,
4309,26,10,5,1,18,1,1,1,62,1,1.0,5.0,9999.0,1,2012,,4310,10,1,1801.0,99,6,,,
4310,26,10,5,1,18,1,1,2,25,1,4.0,5.0,9999.0,1,2012,,4311,4,1,1801.0,99,6,,,
4311,26,10,5,23,17,2,99,9,999,9,1.0,2.0,9999.0,1,2012,,4312,11,9,1712.0,99,6,,,
4312,26,10,5,23,17,2,99,1,24,9,4.0,2.0,9999.0,1,2012,,4313,3,1,1712.0,99,6,,,
4313,26,10,5,2,7,1,99,1,32,2,1.0,1.0,1993.0,1,2012,,4314,5,1,710.0,99,6,,,
4314,26,10,5,2,7,1,99,9,999,9,3.0,5.0,1997.0,1,2012,,4315,11,9,710.0,99,6,,,
4315,26,10,5,18,4,2,99,1,56,9,1.0,5.0,1996.0,1,2012,,4316,10,1,401.0,99,6,,,
4316,26,10,5,18,4,2,99,1,35,9,1.0,4.0,9999.0,1,2012,,4317,6,1,401.0,99,6,,,
4317,27,10,6,22,1,1,4,1,58,2,3.0,9.0,1997.0,2,2012,,4318,10,1,101.0,99,6,,,
4318,27,10,6,23,1,2,99,2,50,1,1.0,2.0,2009.0,1,2012,,4319,9,1,101.0,99,6,,,
4319,27,10,6,23,1,2,99,1,22,1,4.0,5.0,9999.0,1,2012,,4320,3,1,101.0,99,6,,,
4320,27,10,6,21,1,1,5,1,38,2,3.0,3.0,9999.0,1,2012,,4321,6,1,115.0,99,6,,,
4321,27,10,6,21,1,1,5,1,21,1,4.0,5.0,9999.0,1,2012,,4322,3,1,115.0,99,6,,,
4322,27,10,6,7,1,1,4,9,999,9,99.0,99.0,9999.0,1,2012,,4323,11,9,115.0,99,6,,,
4323,27,10,6,7,1,1,4,1,24,9,99.0,99.0,9999.0,1,2012,,4324,3,1,115.0,99,6,,,
4324,27,10,6,19,1,2,99,1,40,1,1.0,6.0,9999.0,2,2012,,4325,7,1,108.0,99,6,,,
4325,27,10,6,22,22,2,99,1,52,1,7.0,2.0,1982.0,1,2012,,4326,9,1,2205.0,99,6,,,
4326,27,10,6,22,22,2,99,1,24,1,1.0,5.0,9999.0,1,2012,,4327,3,1,2205.0,99,6,,,
4327,27,10,6,21,21,2,99,1,27,1,4.0,99.0,9999.0,2,2012,,4328,4,1,2101.0,99,6,,,
4328,27,10,6,22,5,2,99,1,40,1,3.0,10.0,9999.0,1,2012,,4329,7,1,501.0,99,6,,,
4329,27,10,6,22,5,2,99,1,23,1,4.0,5.0,9999.0,1,2012,,4330,3,1,501.0,99,6,,,
4330,27,10,6,7,5,2,99,1,34,1,3.0,5.0,9999.0,3,2012,,4331,5,1,504.0,99,6,,,
4331,27,10,6,9,9,2,99,9,999,9,12.0,3.0,9999.0,1,2012,,4332,11,9,901.0,99,6,,,
4332,27,10,6,9,9,2,99,9,999,9,12.0,3.0,9999.0,1,2012,,4333,11,9,901.0,99,6,,,
4333,27,10,6,7,16,1,5,1,34,1,5.0,2.0,1992.0,1,2012,,4334,5,1,1601.0,99,6,,,
4334,27,10,6,7,16,1,5,1,24,1,4.0,1.0,9999.0,1,2012,,4335,3,1,1601.0,99,6,,,
4335,27,10,6,13,16,2,99,1,35,1,1.0,9.0,9999.0,4,2012,,4336,6,1,1601.0,99,6,,,
4336,27,10,6,19,15,2,99,1,52,9,3.0,3.0,9999.0,1,2012,,4337,9,1,1504.0,99,6,,,
4337,27,10,6,19,15,2,99,1,19,9,4.0,3.0,9999.0,1,2012,,4338,2,1,1504.0,99,6,,,
4338,27,10,6,10,7,1,99,1,53,9,9.0,4.0,1989.0,4,2012,,4339,9,1,710.0,99,6,,,
4339,27,10,6,23,4,1,99,1,18,1,1.0,3.0,9999.0,3,2012,,4340,2,1,401.0,99,6,,,
4340,27,10,6,0,16,2,99,9,999,9,3.0,99.0,9999.0,2,2012,,4341,11,9,1613.0,99,6,,,
4341,28,10,7,5,1,1,9,2,32,1,1.0,4.0,9999.0,1,2012,,4342,5,1,101.0,99,6,,,
4342,28,10,7,5,1,1,9,1,28,1,3.0,4.0,9999.0,1,2012,,4343,4,1,101.0,99,6,,,
4343,28,10,7,2,1,1,9,1,25,1,4.0,1.0,9999.0,2,2012,,4344,4,1,101.0,99,6,,,
4344,28,10,7,11,1,1,9,1,35,1,3.0,3.0,9999.0,2,2012,,4345,6,1,101.0,99,6,,,
4345,28,10,7,1,1,1,7,1,26,1,1.0,5.0,9999.0,2,2012,,4346,4,1,101.0,99,6,,,
4346,28,10,7,23,1,1,5,1,55,1,3.0,1.0,9999.0,4,2012,,4347,10,1,115.0,99,6,,,
4347,28,10,7,10,2,2,99,1,17,1,14.0,1.0,9999.0,1,2012,,4348,2,2,201.0,99,6,,,
4348,28,10,7,10,2,2,99,9,999,9,9.0,2.0,9999.0,1,2012,,4349,11,9,201.0,99,6,,,
4349,28,10,7,21,17,1,99,1,26,1,1.0,4.0,2004.0,1,2012,,4350,4,1,1701.0,99,6,,,
4350,28,10,7,21,17,1,99,1,23,9,4.0,3.0,9999.0,1,2012,,4351,3,1,1701.0,99,6,,,
4351,28,10,7,19,4,2,99,1,23,1,4.0,99.0,9999.0,2,2012,,4352,3,1,414.0,99,6,,,
4352,29,10,1,4,1,1,1,1,33,1,3.0,6.0,2007.0,1,2012,,4353,5,1,101.0,99,6,,,
4353,29,10,1,4,1,1,1,1,24,1,4.0,1.0,2012.0,1,2012,,4354,3,1,101.0,99,6,,,
4354,29,10,1,12,22,2,99,1,35,1,3.0,3.0,1989.0,4,2012,,4355,6,1,2201.0,99,6,,,
4355,29,10,1,5,20,2,99,1,25,1,1.0,3.0,9999.0,3,2012,,4356,4,1,2001.0,99,6,,,
4356,29,10,1,3,5,1,1,1,20,2,4.0,5.0,2011.0,1,2012,,4357,3,1,501.0,99,6,,,
4357,29,10,1,3,5,1,1,9,999,9,3.0,5.0,9999.0,1,2012,,4358,11,9,501.0,99,6,,,
4358,29,10,1,19,11,2,99,1,22,2,4.0,1.0,9999.0,1,2012,,4359,3,1,1101.0,99,6,,,
4359,29,10,1,19,11,2,99,1,22,1,3.0,3.0,1996.0,1,2012,,4360,3,1,1101.0,99,6,,,
4360,30,10,2,21,1,1,12,1,24,1,4.0,1.0,9999.0,1,2012,,4361,3,1,101.0,99,6,,,
4361,30,10,2,21,1,1,12,9,999,9,1.0,99.0,9999.0,1,2012,,4362,11,9,101.0,99,6,,,
4362,30,10,2,7,1,2,99,9,999,9,7.0,1.0,9999.0,3,2012,,4363,11,9,114.0,99,6,,,
4363,30,10,2,13,9,2,99,1,33,2,1.0,3.0,1982.0,1,2012,,4364,5,1,901.0,99,6,,,
4364,30,10,2,13,9,2,99,1,34,1,1.0,6.0,2000.0,1,2012,,4365,5,1,901.0,99,6,,,
4365,31,10,3,0,1,1,3,1,27,1,1.0,11.0,2011.0,1,2012,,4366,4,1,101.0,99,6,,,
4366,31,10,3,0,1,1,3,1,20,1,4.0,1.0,9999.0,1,2012,,4367,3,1,101.0,99,6,,,
4367,31,10,3,3,1,1,1,1,39,1,3.0,3.0,1991.0,1,2012,,4368,6,1,101.0,99,6,,,
4368,31,10,3,3,1,1,1,1,28,1,1.0,4.0,2003.0,1,2012,,4369,4,1,101.0,99,6,,,
4369,31,10,3,8,1,2,99,1,24,1,7.0,3.0,9999.0,3,2012,,4370,3,1,107.0,99,6,,,
4370,31,10,3,12,19,2,99,1,37,1,5.0,1.0,2012.0,1,2012,,4371,6,1,1904.0,99,6,,,
4371,31,10,3,12,19,2,99,1,38,1,7.0,7.0,9999.0,1,2012,,4372,6,1,1904.0,99,6,,,
4372,31,10,3,12,10,2,99,1,44,1,5.0,7.0,9999.0,3,2012,,4373,7,1,1001.0,99,6,,,
4373,31,10,3,12,11,2,99,1,54,9,3.0,11.0,9999.0,1,2012,,4374,9,1,1101.0,99,6,,,
4374,31,10,3,12,11,2,99,1,31,9,3.0,6.0,2009.0,1,2012,,4375,5,1,1101.0,99,6,,,
4375,31,10,3,16,13,1,6,1,20,9,4.0,99.0,9999.0,1,2012,,4376,3,1,1301.0,99,6,,,
4376,31,10,3,16,13,1,6,9,999,9,1.0,99.0,9999.0,1,2012,,4377,11,9,1301.0,99,6,,,
4377,31,10,3,23,4,2,99,9,999,9,6.0,9.0,9999.0,1,2012,,4378,11,9,401.0,99,6,,,
4378,31,10,3,23,4,2,99,1,30,9,1.0,6.0,9999.0,1,2012,,4379,5,1,401.0,99,6,,,
4379,1,11,4,20,1,1,6,1,29,2,12.0,1.0,9999.0,1,2012,,4380,4,1,101.0,99,6,,,
4380,1,11,4,20,1,1,6,1,29,1,4.0,3.0,9999.0,1,2012,,4381,4,1,101.0,99,6,,,
4381,1,11,4,19,1,1,7,1,58,9,5.0,2.0,2002.0,1,2012,,4382,10,1,101.0,99,6,,,
4382,1,11,4,19,1,1,7,1,20,9,4.0,1.0,9999.0,1,2012,,4383,3,1,101.0,99,6,,,
4383,1,11,4,3,1,1,11,1,48,9,5.0,2.0,9999.0,1,2012,,4384,8,1,101.0,99,6,,,
4384,1,11,4,3,1,1,11,1,24,9,4.0,99.0,9999.0,1,2012,,4385,3,1,101.0,99,6,,,
4385,1,11,4,13,1,2,99,9,999,9,3.0,11.0,1986.0,3,2012,,4386,11,9,110.0,99,6,,,
4386,1,11,4,19,12,2,99,1,18,1,14.0,1.0,9999.0,3,2012,,4387,2,1,1201.0,99,6,,,
4387,1,11,4,5,15,2,99,1,36,1,5.0,2.0,1993.0,2,2012,,4388,6,1,1501.0,99,6,,,
4388,1,11,4,18,2,2,99,1,26,1,1.0,2.0,9999.0,1,2012,,4389,4,1,201.0,99,6,,,
4389,1,11,4,18,2,2,99,1,32,1,2.0,3.0,2010.0,1,2012,,4390,5,1,201.0,99,6,,,
4390,1,11,4,18,2,2,99,1,50,1,1.0,2.0,2011.0,1,2012,,4391,9,1,201.0,99,6,,,
4391,1,11,4,22,1,2,99,1,28,1,5.0,2.0,9999.0,2,2012,,4392,4,1,117.0,99,6,,,
4392,2,11,5,18,1,1,12,1,50,1,1.0,10.0,1989.0,1,2012,,4393,9,1,101.0,99,6,,,
4393,2,11,5,18,1,1,12,1,57,1,4.0,5.0,2011.0,1,2012,,4394,10,1,101.0,99,6,,,
4394,2,11,5,20,1,1,7,1,23,1,4.0,5.0,9999.0,1,2012,,4395,3,1,101.0,99,6,,,
4395,2,11,5,11,1,1,7,1,53,1,1.0,6.0,1994.0,1,2012,,4396,9,1,101.0,99,6,,,
4396,2,11,5,11,1,1,7,1,56,1,1.0,4.0,2006.0,1,2012,,4397,10,1,101.0,99,6,,,
4397,2,11,5,22,1,1,1,1,44,2,2.0,3.0,1998.0,1,2012,,4398,7,1,115.0,99,6,,,
4398,2,11,5,22,1,1,1,1,41,1,1.0,4.0,1985.0,1,2012,,4399,7,1,115.0,99,6,,,
4399,2,11,5,14,21,2,99,1,32,1,3.0,9.0,1994.0,1,2012,,4400,5,1,2101.0,99,6,,,
4400,2,11,5,14,21,2,99,1,42,1,4.0,1.0,2007.0,1,2012,,4401,7,1,2101.0,99,6,,,
4401,2,11,5,10,6,2,99,1,26,1,3.0,11.0,1990.0,1,2012,,4402,4,1,601.0,99,6,,,
4402,2,11,5,10,6,2,99,2,21,1,4.0,1.0,9999.0,1,2012,,4403,3,1,601.0,99,6,,,
4403,2,11,5,22,18,2,99,1,36,2,4.0,3.0,9999.0,1,2012,,4404,6,1,1801.0,99,6,,,
4404,2,11,5,22,18,2,99,1,31,1,1.0,10.0,2000.0,1,2012,,4405,5,1,1801.0,99,6,,,
4405,2,11,5,0,4,2,99,1,33,1,3.0,6.0,1999.0,2,2012,,4406,5,1,401.0,99,6,,,
4406,3,11,6,19,1,1,12,1,35,1,1.0,2.0,9999.0,1,2012,,4407,6,1,101.0,99,6,,,
4407,3,11,6,19,1,1,12,2,34,1,2.0,4.0,9999.0,1,2012,,4408,5,1,101.0,99,6,,,
4408,3,11,6,21,1,1,7,1,34,2,3.0,11.0,2002.0,1,2012,,4409,5,1,101.0,99,6,,,
4409,3,11,6,21,1,1,7,1,35,1,4.0,99.0,9999.0,1,2012,,4410,6,1,101.0,99,6,,,
4410,3,11,6,21,1,1,7,1,33,1,4.0,99.0,9999.0,1,2012,,4411,5,1,101.0,99,6,,,
4411,3,11,6,4,20,2,99,1,37,1,3.0,4.0,2001.0,3,2012,,4412,6,1,2001.0,99,6,,,
4412,3,11,6,7,9,2,99,1,32,1,7.0,99.0,9999.0,1,2012,,4413,5,1,920.0,99,6,,,
4413,3,11,6,7,9,2,99,1,25,1,3.0,5.0,9999.0,1,2012,,4414,4,1,920.0,99,6,,,
4414,3,11,6,14,17,2,99,1,28,1,3.0,5.0,9999.0,3,2012,,4415,4,1,1701.0,99,6,,,
4415,3,11,6,2,4,1,1,1,24,2,4.0,5.0,9999.0,3,2012,,4416,3,1,401.0,99,6,,,
4416,4,11,7,15,1,1,1,1,20,1,1.0,2.0,1988.0,1,2012,,4417,3,1,101.0,99,6,,,
4417,4,11,7,15,1,1,1,1,30,1,4.0,5.0,9999.0,1,2012,,4418,5,1,101.0,99,6,,,
4418,4,11,7,1,1,1,1,1,25,1,3.0,5.0,1997.0,1,2012,,4419,4,1,101.0,99,6,,,
4419,4,11,7,1,1,1,1,1,76,1,3.0,11.0,1988.0,1,2012,,4420,10,1,101.0,99,6,,,
4420,4,11,7,22,1,1,11,1,54,9,1.0,3.0,9999.0,2,2012,,4421,9,1,101.0,99,6,,,
4421,4,11,7,10,1,1,99,1,36,1,3.0,1.0,9999.0,1,2012,,4422,6,1,109.0,99,6,,,
4422,4,11,7,10,1,1,99,1,22,1,4.0,5.0,9999.0,1,2012,,4423,3,1,109.0,99,6,,,
4423,4,11,7,21,22,2,99,1,27,1,4.0,99.0,9999.0,1,2012,,4424,4,1,2205.0,99,6,,,
4424,4,11,7,21,22,2,99,9,999,9,1.0,99.0,9999.0,1,2012,,4425,11,9,2205.0,99,6,,,
4425,4,11,7,9,11,1,6,9,999,9,3.0,2.0,9999.0,3,2012,,4426,11,9,1101.0,99,6,,,
4426,4,11,7,1,16,1,99,1,31,1,14.0,1.0,2012.0,3,2012,,4427,5,1,1605.0,99,6,,,
4427,4,11,7,3,16,2,99,1,21,2,4.0,99.0,9999.0,2,2012,,4428,3,1,1602.0,99,6,,,
4428,4,11,7,5,15,2,99,1,38,1,3.0,4.0,1982.0,4,2012,,4429,6,1,1504.0,99,6,,,
4429,5,11,1,18,1,1,12,1,30,9,3.0,5.0,9999.0,1,2012,,4430,5,1,115.0,99,6,,,
4430,5,11,1,9,22,2,99,1,40,9,1.0,4.0,9999.0,2,2012,,4431,7,1,2201.0,99,6,,,
4431,5,11,1,7,20,2,99,1,34,9,4.0,7.0,1997.0,1,2012,,4432,5,1,2001.0,99,6,,,
4432,5,11,1,7,20,2,99,1,17,9,4.0,5.0,9999.0,1,2012,,4433,2,2,2001.0,99,6,,,
4433,5,11,1,18,20,2,99,1,47,1,14.0,1.0,9999.0,2,2012,,4434,8,1,2007.0,99,6,,,
4434,5,11,1,14,10,2,99,1,63,9,4.0,14.0,9999.0,3,2012,,4435,10,1,1001.0,99,6,,,
4435,5,11,1,10,4,2,99,1,72,9,4.0,99.0,9999.0,3,2012,,4436,10,1,406.0,99,6,,,
4436,6,11,2,8,1,1,99,1,999,1,2.0,1.0,9999.0,1,2012,,4437,11,1,102.0,99,6,,,
4437,6,11,2,8,1,1,99,1,23,9,4.0,99.0,9999.0,1,2012,,4438,3,1,102.0,99,6,,,
4438,6,11,2,7,13,2,99,1,999,9,2.0,4.0,9999.0,3,2012,,4439,11,1,1331.0,99,6,,,
4439,6,11,2,9,1,1,12,1,29,9,3.0,5.0,9999.0,1,2012,,4440,4,1,101.0,99,6,,,
4440,6,11,2,9,1,1,12,1,29,9,3.0,5.0,9999.0,1,2012,,4441,4,1,101.0,99,6,,,
4441,6,11,2,20,18,2,99,1,23,1,4.0,1.0,9999.0,1,2012,,4442,3,1,1801.0,99,6,,,
4442,6,11,2,20,18,2,99,1,22,1,4.0,6.0,9999.0,1,2012,,4443,3,1,1801.0,99,6,,,
4443,7,11,3,16,1,1,1,1,36,1,3.0,2.0,9999.0,1,2012,,4444,6,1,101.0,99,6,,,
4444,7,11,3,16,1,1,1,1,30,1,4.0,4.0,9999.0,1,2012,,4445,5,1,101.0,99,6,,,
4445,7,11,3,19,1,1,12,1,52,1,12.0,1.0,9999.0,1,2012,,4446,9,1,101.0,99,6,,,
4446,7,11,3,19,1,1,12,1,32,1,4.0,2.0,9999.0,1,2012,,4447,5,1,101.0,99,6,,,
4447,7,11,3,5,1,2,99,1,20,1,5.0,6.0,9999.0,1,2012,,4448,3,1,115.0,99,6,,,
4448,7,11,3,5,1,2,99,9,999,9,6.0,99.0,9999.0,1,2012,,4449,11,9,115.0,99,6,,,
4449,7,11,3,9,10,2,99,1,31,1,4.0,1.0,2006.0,1,2012,,4450,5,1,1001.0,99,6,,,
4450,7,11,3,9,10,2,99,1,23,1,4.0,1.0,2008.0,1,2012,,4451,3,1,1001.0,99,6,,,
4451,7,11,3,19,9,2,99,1,35,1,11.0,2.0,9999.0,1,2012,,4452,6,1,920.0,99,6,,,
4452,7,11,3,19,9,2,99,9,999,2,1.0,2.0,9999.0,1,2012,,4453,11,9,920.0,99,6,,,
4453,7,11,3,20,18,2,99,1,32,9,3.0,99.0,9999.0,2,2012,,4454,5,1,1801.0,99,6,,,
4454,7,11,3,20,4,2,99,1,28,1,4.0,99.0,9999.0,1,2012,,4455,4,1,401.0,99,6,,,
4455,7,11,3,20,4,2,99,9,999,9,14.0,99.0,9999.0,1,2012,,4456,11,9,401.0,99,6,,,
4456,8,11,4,7,1,1,5,1,35,1,2.0,1.0,1987.0,1,2012,,4457,6,1,115.0,99,6,,,
4457,8,11,4,7,1,1,5,1,27,1,4.0,1.0,2009.0,1,2012,,4458,4,1,115.0,99,6,,,
4458,8,11,4,13,19,2,99,2,23,1,2.0,6.0,1999.0,1,2012,,4459,3,1,1901.0,99,6,,,
4459,8,11,4,13,19,2,99,1,29,1,4.0,4.0,9999.0,1,2012,,4460,4,1,1901.0,99,6,,,
4460,8,11,4,2,5,2,99,1,27,1,4.0,1.0,9999.0,3,2012,,4461,4,1,501.0,99,6,,,
4461,8,11,4,11,8,2,99,9,999,9,5.0,2.0,1981.0,1,2012,,4462,11,9,801.0,99,6,,,
4462,8,11,4,11,8,2,99,1,46,9,4.0,1.0,2000.0,1,2012,,4463,8,1,801.0,99,6,,,
4463,8,11,4,23,16,2,99,1,21,9,9.0,2.0,2002.0,3,2012,,4464,3,1,1601.0,99,6,,,
4464,8,11,4,13,18,2,99,1,53,9,1.0,1.0,9999.0,1,2012,,4465,9,1,1801.0,99,6,,,
4465,8,11,4,13,18,2,99,1,20,9,3.0,6.0,1999.0,1,2012,,4466,3,1,1801.0,99,6,,,
4466,8,11,4,7,4,2,99,1,22,9,14.0,1.0,2005.0,2,2012,,4467,3,1,401.0,99,6,,,
4467,9,11,5,18,22,2,99,1,25,9,3.0,1.0,2000.0,1,2012,,4468,4,1,2201.0,99,6,,,
4468,9,11,5,18,22,2,99,1,40,9,1.0,6.0,2000.0,1,2012,,4469,7,1,2201.0,99,6,,,
4469,9,11,5,16,22,2,99,1,25,9,3.0,1.0,2000.0,1,2012,,4470,4,1,2202.0,99,6,,,
4470,9,11,5,16,22,2,99,1,40,9,1.0,3.0,9999.0,1,2012,,4471,7,1,2202.0,99,6,,,
4471,9,11,5,16,10,2,99,1,31,9,5.0,2.0,1995.0,1,2012,,4472,5,1,1001.0,99,6,,,
4472,9,11,5,16,10,2,99,1,28,9,4.0,1.0,9999.0,1,2012,,4473,4,1,1001.0,99,6,,,
4473,9,11,5,21,10,2,99,1,72,9,3.0,5.0,9999.0,2,2012,,4474,10,1,1013.0,99,6,,,
4474,9,11,5,13,17,2,99,1,28,9,5.0,1.0,2003.0,1,2012,,4475,4,1,1711.0,99,6,,,
4475,9,11,5,13,17,2,99,2,19,9,4.0,3.0,9999.0,1,2012,,4476,2,1,1711.0,99,6,,,
4476,10,11,6,17,1,1,17,1,21,9,1.0,14.0,1993.0,1,2012,,4477,3,1,101.0,99,6,,,
4477,10,11,6,17,1,1,17,2,22,9,1.0,4.0,1995.0,1,2012,,4478,3,1,101.0,99,6,,,
4478,10,11,6,23,1,2,99,1,34,9,1.0,2.0,2004.0,1,2012,,4479,5,1,102.0,99,6,,,
4479,10,11,6,23,1,2,99,1,32,9,1.0,4.0,2007.0,1,2012,,4480,5,1,102.0,99,6,,,
4480,10,11,6,23,1,1,11,1,27,9,3.0,3.0,9999.0,1,2012,,4481,4,1,101.0,99,6,,,
4481,10,11,6,23,1,1,11,1,25,9,1.0,2.0,2008.0,1,2012,,4482,4,1,101.0,99,6,,,
4482,10,11,6,23,1,1,11,9,999,9,1.0,2.0,2008.0,1,2012,,4483,11,9,101.0,99,6,,,
4483,10,11,6,23,1,1,11,9,999,9,1.0,5.0,2005.0,1,2012,,4484,11,9,101.0,99,6,,,
4484,10,11,6,0,1,1,12,1,27,9,2.0,5.0,9999.0,3,2012,,4485,4,1,101.0,99,6,,,
4485,10,11,6,0,1,1,12,1,28,9,1.0,6.0,1998.0,3,2012,,4486,4,1,101.0,99,6,,,
4486,10,11,6,20,21,2,99,1,54,9,2.0,9.0,9999.0,2,2012,,4487,9,1,2101.0,99,6,,,
4487,10,11,6,13,20,2,99,1,28,9,3.0,2.0,1990.0,2,2012,,4488,4,1,2001.0,99,6,,,
4488,10,11,6,12,6,2,99,1,23,9,1.0,8.0,9999.0,2,2012,,4489,3,1,602.0,99,6,,,
4489,10,11,6,19,9,2,99,1,47,9,1.0,6.0,9999.0,1,2012,,4490,8,1,901.0,99,6,,,
4490,10,11,6,19,9,2,99,1,28,9,1.0,4.0,9999.0,1,2012,,4491,4,1,901.0,99,6,,,
4491,10,11,6,23,9,2,99,1,24,9,4.0,5.0,9999.0,2,2012,,4492,3,1,901.0,99,6,,,
4492,10,11,6,14,4,2,99,1,35,9,1.0,5.0,2003.0,1,2012,,4493,6,1,401.0,99,6,,,
4493,10,11,6,14,4,2,99,2,52,9,1.0,6.0,2001.0,1,2012,,4494,9,1,401.0,99,6,,,
4494,10,11,6,17,3,2,99,1,46,9,3.0,4.0,9999.0,2,2012,,4495,8,1,309.0,99,6,,,
4495,10,11,6,15,3,2,99,9,999,9,7.0,6.0,1999.0,3,2012,,4496,11,9,301.0,99,6,,,
4496,11,11,7,5,1,1,13,1,27,9,4.0,3.0,9999.0,1,2012,,4497,4,1,101.0,99,6,,,
4497,11,11,7,5,1,1,13,9,999,9,1.0,99.0,9999.0,1,2012,,4498,11,9,101.0,99,6,,,
4498,11,11,7,22,1,1,12,1,999,9,1.0,99.0,9999.0,1,2012,,4499,11,1,101.0,99,6,,,
4499,11,11,7,2,5,2,99,1,48,9,1.0,10.0,1987.0,2,2012,,4500,8,1,501.0,99,6,,,
4500,11,11,7,6,5,1,1,1,21,2,3.0,4.0,1993.0,2,2012,,4501,3,1,502.0,99,6,,,
4501,11,11,7,18,10,2,99,1,26,2,1.0,5.0,9999.0,2,2012,,4502,4,1,1010.0,99,6,,,
4502,11,11,7,9,17,2,99,9,999,9,4.0,99.0,9999.0,3,2012,,4503,11,9,1702.0,99,6,,,
4503,12,11,1,23,1,2,99,1,44,1,1.0,4.0,2007.0,1,2012,,4504,7,1,102.0,99,6,,,
4504,12,11,1,23,1,2,99,2,36,1,2.0,4.0,1998.0,1,2012,,4505,6,1,102.0,99,6,,,
4505,12,11,1,23,1,2,99,2,26,1,1.0,5.0,9999.0,1,2012,,4506,4,1,102.0,99,6,,,
4506,12,11,1,23,1,2,99,1,25,1,1.0,5.0,2008.0,1,2012,,4507,4,1,102.0,99,6,,,
4507,12,11,1,8,19,2,99,1,39,1,3.0,7.0,1985.0,1,2012,,4508,6,1,1902.0,99,6,,,
4508,12,11,1,0,5,2,99,1,26,2,4.0,1.0,9999.0,1,2012,,4509,4,1,513.0,99,6,,,
4509,12,11,1,0,5,2,99,1,39,1,4.0,5.0,2009.0,1,2012,,4510,6,1,513.0,99,6,,,
4510,12,11,1,21,9,2,99,1,31,1,1.0,6.0,9999.0,1,2012,,4511,5,1,920.0,99,6,,,
4511,12,11,1,10,13,2,99,1,23,1,12.0,2.0,1981.0,1,2012,,4512,3,1,1301.0,99,6,,,
4512,12,11,1,10,13,2,99,1,38,1,4.0,99.0,9999.0,1,2012,,4513,6,1,1301.0,99,6,,,
4513,12,11,1,4,18,2,99,1,37,9,6.0,2.0,9999.0,2,2012,,4514,6,1,1801.0,99,6,,,
4514,12,11,1,8,14,2,99,9,999,9,3.0,1.0,9999.0,3,2012,,4515,11,9,1401.0,99,6,,,
4515,13,11,2,4,1,1,8,1,999,1,3.0,5.0,9999.0,2,2012,,4516,11,1,101.0,99,6,,,
4516,13,11,2,13,1,1,8,1,37,1,5.0,2.0,1999.0,1,2012,,4517,6,1,101.0,99,6,,,
4517,13,11,2,13,1,1,8,2,47,1,4.0,1.0,2012.0,1,2012,,4518,8,1,101.0,99,6,,,
4518,13,11,2,4,1,1,99,1,999,1,3.0,5.0,9999.0,1,2012,,4519,11,1,113.0,99,6,,,
4519,13,11,2,4,1,1,99,1,26,1,3.0,9.0,9999.0,1,2012,,4520,4,1,113.0,99,6,,,
4520,13,11,2,4,1,1,99,1,24,1,3.0,99.0,1986.0,1,2012,,4521,3,1,113.0,99,6,,,
4521,13,11,2,4,1,1,11,1,52,2,1.0,2.0,2006.0,1,2012,,4522,9,1,101.0,99,6,,,
4522,13,11,2,4,1,1,11,1,26,1,1.0,2.0,1993.0,1,2012,,4523,4,1,101.0,99,6,,,
4523,13,11,2,6,5,1,8,9,999,9,7.0,1.0,9999.0,3,2012,,4524,11,9,501.0,99,6,,,
4524,13,11,2,19,9,1,7,1,42,2,3.0,4.0,9999.0,1,2012,,4525,7,1,901.0,99,6,,,
4525,13,11,2,19,9,1,7,2,25,1,1.0,9.0,9999.0,1,2012,,4526,4,1,901.0,99,6,,,
4526,13,11,2,17,12,2,99,9,999,9,3.0,9.0,9999.0,1,2012,,4527,11,9,1215.0,99,6,,,
4527,13,11,2,17,12,2,99,1,42,9,14.0,1.0,2010.0,1,2012,,4528,7,1,1215.0,99,6,,,
4528,13,11,2,17,12,2,99,1,23,9,14.0,1.0,2011.0,1,2012,,4529,3,1,1215.0,99,6,,,
4529,13,11,2,17,12,2,99,1,17,9,14.0,1.0,2010.0,1,2012,,4530,2,2,1215.0,99,6,,,
4530,13,11,2,17,13,1,5,9,999,9,2.0,10.0,9999.0,1,2012,,4531,11,9,1301.0,99,6,,,
4531,13,11,2,17,13,1,5,1,43,9,4.0,2.0,2007.0,1,2012,,4532,7,1,1301.0,99,6,,,
4532,13,11,2,11,3,2,99,1,18,9,1.0,4.0,9999.0,1,2012,,4533,2,1,304.0,99,6,,,
4533,13,11,2,11,3,2,99,1,50,9,3.0,1.0,9999.0,1,2012,,4534,9,1,304.0,99,6,,,
4534,14,11,3,22,1,1,16,1,20,9,4.0,1.0,9999.0,2,2012,,4535,3,1,101.0,99,6,,,
4535,14,11,3,2,20,1,2,1,20,9,3.0,1.0,9999.0,3,2012,,4536,3,1,2001.0,99,6,,,
4536,14,11,3,13,20,2,99,1,37,1,11.0,2.0,2000.0,1,2012,,4537,6,1,2001.0,99,6,,,
4537,14,11,3,13,20,2,99,1,19,1,4.0,5.0,9999.0,1,2012,,4538,2,1,2001.0,99,6,,,
4538,14,11,3,10,19,2,99,1,32,1,5.0,2.0,1999.0,1,2012,,4539,5,1,1903.0,99,6,,,
4539,14,11,3,10,19,2,99,1,23,1,2.0,4.0,9999.0,1,2012,,4540,3,1,1903.0,99,6,,,
4540,14,11,3,12,19,2,99,1,54,1,3.0,6.0,9999.0,1,2012,,4541,9,1,1902.0,99,6,,,
4541,14,11,3,12,19,2,99,1,23,1,2.0,5.0,1997.0,1,2012,,4542,3,1,1902.0,99,6,,,
4542,14,11,3,13,12,2,99,1,38,1,3.0,5.0,9999.0,3,2012,,4543,6,1,1201.0,99,6,,,
4543,14,11,3,13,12,2,99,1,39,1,3.0,5.0,9999.0,3,2012,,4544,6,1,1201.0,99,6,,,
4544,15,11,4,7,1,1,12,1,46,1,5.0,3.0,1992.0,1,2012,,4545,8,1,101.0,99,6,,,
4545,15,11,4,7,1,1,12,1,32,1,4.0,1.0,9999.0,1,2012,,4546,5,1,101.0,99,6,,,
4546,15,11,4,0,11,2,99,1,40,1,6.0,10.0,1997.0,1,2012,,4547,7,1,1102.0,99,6,,,
4547,15,11,4,0,11,2,99,1,42,1,1.0,3.0,2000.0,1,2012,,4548,7,1,1102.0,99,6,,,
4548,15,11,4,7,11,2,99,1,23,1,4.0,99.0,2006.0,1,2012,,4549,3,1,1108.0,99,6,,,
4549,15,11,4,7,11,2,99,1,23,1,4.0,99.0,2010.0,1,2012,,4550,3,1,1108.0,99,6,,,
4550,16,11,5,1,1,1,10,1,35,1,3.0,6.0,1998.0,2,2012,,4551,6,1,101.0,99,6,,,
4551,16,11,5,20,1,2,99,1,34,1,3.0,1.0,1983.0,2,2012,,4552,5,1,102.0,99,6,,,
4552,16,11,5,8,1,1,10,1,32,1,4.0,99.0,9999.0,1,2012,,4553,5,1,101.0,99,6,,,
4553,16,11,5,8,1,1,10,9,999,9,99.0,99.0,9999.0,1,2012,,4554,11,9,101.0,99,6,,,
4554,16,11,5,3,1,2,99,1,52,1,1.0,4.0,2011.0,3,2012,,4555,9,1,102.0,99,6,,,
4555,16,11,5,23,1,1,3,2,30,1,4.0,5.0,9999.0,1,2012,,4556,5,1,116.0,99,6,,,
4556,16,11,5,23,1,1,3,2,30,1,2.0,9.0,2004.0,1,2012,,4557,5,1,116.0,99,6,,,
4557,16,11,5,3,1,2,99,1,50,1,4.0,1.0,2008.0,1,2012,,4558,9,1,114.0,99,6,,,
4558,16,11,5,3,1,2,99,9,999,9,99.0,99.0,9999.0,1,2012,,4559,11,9,114.0,99,6,,,
4559,16,11,5,19,1,2,99,1,25,1,2.0,3.0,9999.0,1,2012,,4560,4,1,111.0,99,6,,,
4560,16,11,5,19,1,2,99,1,37,1,9.0,99.0,9999.0,1,2012,,4561,6,1,111.0,99,6,,,
4561,16,11,5,17,22,2,99,1,25,1,1.0,11.0,1999.0,3,2012,,4562,4,1,2216.0,99,6,,,
4562,16,11,5,17,22,2,99,1,23,1,4.0,3.0,9999.0,3,2012,,4563,3,1,2205.0,99,6,,,
4563,16,11,5,1,22,2,99,9,999,9,3.0,9.0,2002.0,1,2012,,4564,11,9,2201.0,99,6,,,
4564,16,11,5,1,22,2,99,1,22,9,4.0,4.0,2006.0,1,2012,,4565,3,1,2201.0,99,6,,,
4565,16,11,5,22,5,2,99,1,20,9,4.0,1.0,9999.0,1,2012,,4566,3,1,501.0,99,6,,,
4566,16,11,5,14,6,2,99,9,999,9,3.0,11.0,9999.0,3,2012,,4567,11,9,606.0,99,6,,,
4567,16,11,5,17,9,2,99,2,32,1,1.0,6.0,9999.0,1,2012,,4568,5,1,902.0,99,6,,,
4568,16,11,5,17,9,2,99,1,14,1,4.0,99.0,9999.0,1,2012,,4569,1,2,902.0,99,6,,,
4569,16,11,5,14,13,2,99,1,44,9,2.0,2.0,9999.0,3,2012,,4570,7,1,1301.0,99,6,,,
4570,16,11,5,18,18,2,99,9,22,9,99.0,99.0,9999.0,1,2012,,4571,3,1,1805.0,99,6,,,
4571,16,11,5,18,18,2,99,1,53,9,4.0,99.0,9999.0,1,2012,,4572,9,1,1805.0,99,6,,,
4572,16,11,5,2,17,2,99,1,61,9,99.0,99.0,9999.0,1,2012,,4573,10,1,1712.0,99,6,,,
4573,16,11,5,2,17,2,99,9,999,9,99.0,99.0,9999.0,1,2012,,4574,11,9,1712.0,99,6,,,
4574,16,11,5,17,4,2,99,1,23,1,5.0,2.0,2003.0,1,2012,,4575,3,1,401.0,99,6,,,
4575,16,11,5,17,4,2,99,2,30,1,4.0,1.0,9999.0,1,2012,,4576,5,1,401.0,99,6,,,
4576,17,11,6,2,1,1,9,1,25,1,4.0,6.0,9999.0,1,2012,,4577,4,1,101.0,99,6,,,
4577,17,11,6,2,1,1,9,9,999,9,1.0,99.0,9999.0,1,2012,,4578,11,9,101.0,99,6,,,
4578,17,11,6,18,1,1,17,1,47,1,5.0,2.0,2006.0,1,2012,,4579,8,1,101.0,99,6,,,
4579,17,11,6,18,1,1,17,1,33,1,4.0,3.0,2012.0,1,2012,,4580,5,1,101.0,99,6,,,
4580,17,11,6,2,1,2,99,1,26,1,1.0,3.0,9999.0,2,2012,,4581,4,1,102.0,99,6,,,
4581,17,11,6,10,1,2,99,1,42,1,2.0,3.0,2002.0,1,2012,,4582,7,1,114.0,99,6,,,
4582,17,11,6,10,1,2,99,1,21,1,1.0,6.0,2001.0,1,2012,,4583,3,1,114.0,99,6,,,
4583,17,11,6,21,1,2,99,1,31,1,5.0,3.0,9999.0,1,2012,,4584,5,1,115.0,99,6,,,
4584,17,11,6,21,1,2,99,1,17,1,4.0,6.0,9999.0,1,2012,,4585,2,2,115.0,99,6,,,
4585,17,11,6,16,1,1,19,9,999,9,4.0,1.0,9999.0,1,2012,,4586,11,9,101.0,99,6,,,
4586,17,11,6,16,1,1,19,1,24,1,4.0,3.0,9999.0,1,2012,,4587,3,1,101.0,99,6,,,
4587,17,11,6,20,19,2,99,1,37,1,4.0,1.0,9999.0,1,2012,,4588,6,1,1901.0,99,6,,,
4588,17,11,6,20,19,2,99,1,39,1,1.0,1.0,9999.0,1,2012,,4589,6,1,1901.0,99,6,,,
4589,18,11,7,10,1,1,1,1,32,1,4.0,1.0,9999.0,2,2012,,4590,5,1,101.0,99,6,,,
4590,18,11,7,18,1,2,99,1,19,1,1.0,4.0,1994.0,1,2012,,4591,2,1,102.0,99,6,,,
4591,18,11,7,18,1,2,99,1,23,1,1.0,1.0,2012.0,1,2012,,4592,3,1,102.0,99,6,,,
4592,18,11,7,0,1,1,7,1,17,1,1.0,4.0,9999.0,2,2012,,4593,2,2,101.0,99,6,,,
4593,18,11,7,10,1,2,99,1,32,1,5.0,1.0,9999.0,2,2012,,4594,5,1,114.0,99,6,,,
4594,18,11,7,19,1,2,99,1,43,2,3.0,1.0,1987.0,2,2012,,4595,7,1,110.0,99,6,,,
4595,18,11,7,21,20,2,99,1,35,9,4.0,99.0,9999.0,4,2012,,4596,6,1,2001.0,99,6,,,
4596,18,11,7,21,5,2,99,1,32,1,1.0,5.0,2000.0,1,2012,,4597,5,1,501.0,99,6,,,
4597,18,11,7,21,5,2,99,1,29,1,1.0,5.0,9999.0,1,2012,,4598,4,1,501.0,99,6,,,
4598,18,11,7,22,5,2,99,1,20,1,4.0,3.0,2008.0,2,2012,,4599,3,1,512.0,99,6,,,
4599,18,11,7,0,6,2,99,1,32,1,3.0,2.0,1987.0,1,2012,,4600,5,1,602.0,99,6,,,
4600,18,11,7,0,6,2,99,1,31,1,3.0,5.0,9999.0,1,2012,,4601,5,1,602.0,99,6,,,
4601,18,11,7,15,10,2,99,1,71,1,7.0,1.0,9999.0,4,2012,,4602,10,1,1001.0,99,6,,,
4602,18,11,7,6,11,2,99,1,38,1,1.0,6.0,9999.0,1,2012,,4603,6,1,1101.0,99,6,,,
4603,18,11,7,6,11,2,99,1,33,1,1.0,3.0,1999.0,1,2012,,4604,5,1,1101.0,99,6,,,
4604,18,11,7,12,12,2,99,1,42,1,3.0,5.0,9999.0,1,2012,,4605,7,1,1201.0,99,6,,,
4605,18,11,7,12,12,2,99,1,39,1,4.0,5.0,9999.0,1,2012,,4606,6,1,1201.0,99,6,,,
4606,18,11,7,15,14,2,99,9,999,9,3.0,11.0,9999.0,1,2012,,4607,11,9,1401.0,99,6,,,
4607,18,11,7,15,14,2,99,9,999,9,7.0,1.0,1984.0,1,2012,,4608,11,9,1401.0,99,6,,,
4608,19,11,1,16,1,1,13,2,39,1,1.0,6.0,2000.0,1,2012,,4609,6,1,101.0,99,6,,,
4609,19,11,1,16,1,1,13,1,24,1,4.0,1.0,2012.0,1,2012,,4610,3,1,101.0,99,6,,,
4610,19,11,1,19,1,1,13,1,62,1,2.0,4.0,9999.0,1,2012,,4611,10,1,101.0,99,6,,,
4611,19,11,1,19,1,1,13,1,44,1,12.0,3.0,2012.0,1,2012,,4612,7,1,101.0,99,6,,,
4612,19,11,1,13,10,2,99,1,35,1,4.0,3.0,2006.0,1,2012,,4613,6,1,1001.0,99,6,,,
4613,19,11,1,13,10,2,99,1,22,1,4.0,9.0,9999.0,1,2012,,4614,3,1,1001.0,99,6,,,
4614,19,11,1,22,9,2,99,1,46,1,5.0,6.0,9999.0,1,2012,,4615,8,1,901.0,99,6,,,
4615,19,11,1,22,9,2,99,9,999,9,9.0,3.0,9999.0,1,2012,,4616,11,9,901.0,99,6,,,
4616,19,11,1,9,18,2,99,1,25,1,4.0,99.0,9999.0,2,2012,,4617,4,1,1801.0,99,6,,,
4617,19,11,1,18,17,2,99,1,47,9,2.0,3.0,1994.0,1,2012,,4618,8,1,1701.0,99,6,,,
4618,19,11,1,18,17,2,99,1,23,9,14.0,1.0,2009.0,1,2012,,4619,3,1,1701.0,99,6,,,
4619,20,11,2,0,1,1,1,1,28,9,4.0,1.0,9999.0,1,2012,,4620,4,1,101.0,99,6,,,
4620,20,11,2,0,1,1,1,1,24,9,4.0,1.0,9999.0,1,2012,,4621,3,1,101.0,99,6,,,
4621,20,11,2,15,1,2,99,1,39,9,1.0,1.0,2005.0,1,2012,,4622,6,1,102.0,99,6,,,
4622,20,11,2,15,1,2,99,1,39,9,1.0,1.0,1996.0,1,2012,,4623,6,1,102.0,99,6,,,
4623,20,11,2,14,1,1,7,1,55,9,4.0,1.0,9999.0,2,2012,,4624,10,1,101.0,99,6,,,
4624,20,11,2,11,1,1,7,1,33,9,1.0,2.0,9999.0,1,2012,,4625,5,1,101.0,99,6,,,
4625,20,11,2,11,1,1,7,1,20,9,4.0,3.0,9999.0,1,2012,,4626,3,1,101.0,99,6,,,
4626,20,11,2,5,10,2,99,1,27,9,7.0,7.0,1992.0,2,2012,,4627,4,1,1013.0,99,6,,,
4627,20,11,2,16,11,2,99,1,36,9,4.0,5.0,2007.0,1,2012,,4628,6,1,1101.0,99,6,,,
4628,20,11,2,16,11,2,99,2,23,9,4.0,4.0,9999.0,1,2012,,4629,3,1,1101.0,99,6,,,
4629,20,11,2,17,12,2,99,1,31,9,1.0,4.0,9999.0,1,2012,,4630,5,1,1201.0,99,6,,,
4630,20,11,2,17,12,2,99,9,999,9,2.0,4.0,2008.0,1,2012,,4631,11,9,1201.0,99,6,,,
4631,20,11,2,15,13,2,99,1,74,9,5.0,3.0,9999.0,1,2012,,4632,10,1,1301.0,99,6,,,
4632,20,11,2,15,13,2,99,1,35,9,3.0,6.0,9999.0,1,2012,,4633,6,1,1301.0,99,6,,,
4633,20,11,2,8,13,2,99,9,999,9,3.0,2.0,9999.0,2,2012,,4634,11,9,1301.0,99,6,,,
4634,20,11,2,16,8,2,99,1,29,9,3.0,8.0,1984.0,1,2012,,4635,4,1,801.0,99,6,,,
4635,20,11,2,16,8,2,99,9,999,9,3.0,3.0,9999.0,1,2012,,4636,11,9,801.0,99,6,,,
4636,20,11,2,11,16,2,99,1,38,9,5.0,2.0,9999.0,2,2012,,4637,6,1,1601.0,99,6,,,
4637,21,11,3,23,1,1,12,1,24,9,1.0,1.0,1986.0,1,2012,,4638,3,1,101.0,99,6,,,
4638,21,11,3,23,1,1,12,1,56,9,4.0,1.0,9999.0,1,2012,,4639,10,1,101.0,99,6,,,
4639,21,11,3,21,1,1,1,1,36,9,4.0,5.0,9999.0,1,2012,,4640,6,1,115.0,99,6,,,
4640,21,11,3,21,1,1,1,1,28,9,9.0,2.0,9999.0,1,2012,,4641,4,1,115.0,99,6,,,
4641,21,11,3,1,1,1,4,1,30,9,1.0,6.0,9999.0,2,2012,,4642,5,1,108.0,99,6,,,
4642,21,11,3,15,19,2,99,1,67,9,6.0,3.0,2002.0,1,2012,,4643,10,1,1903.0,99,6,,,
4643,21,11,3,15,19,2,99,1,33,9,11.0,3.0,9999.0,1,2012,,4644,5,1,1903.0,99,6,,,
4644,21,11,3,20,11,1,4,1,30,2,3.0,4.0,9999.0,1,2012,,4645,5,1,1101.0,99,6,,,
4645,21,11,3,20,11,1,4,9,999,9,1.0,6.0,9999.0,1,2012,,4646,11,9,1101.0,99,6,,,
4646,21,11,3,20,11,1,4,9,999,9,2.0,2.0,2005.0,1,2012,,4647,11,9,1101.0,99,6,,,
4647,21,11,3,19,3,2,99,9,999,9,5.0,2.0,9999.0,1,2012,,4648,11,9,301.0,99,6,,,
4648,21,11,3,19,3,2,99,1,24,9,14.0,1.0,9999.0,1,2012,,4649,3,1,301.0,99,6,,,
4649,22,11,4,4,1,1,1,2,22,1,1.0,6.0,9999.0,2,2012,,4650,3,1,101.0,99,6,,,
4650,22,11,4,15,19,2,99,1,20,1,4.0,99.0,9999.0,2,2012,,4651,3,1,1901.0,99,6,,,
4651,22,11,4,17,6,2,99,1,25,1,3.0,5.0,9999.0,2,2012,,4652,4,1,604.0,99,6,,,
4652,22,11,4,19,10,2,99,1,26,1,4.0,14.0,9999.0,1,2012,,4653,4,1,1001.0,99,6,,,
4653,22,11,4,19,10,2,99,1,39,1,5.0,2.0,9999.0,1,2012,,4654,6,1,1001.0,99,6,,,
4654,22,11,4,23,16,2,99,9,999,9,5.0,2.0,9999.0,3,2012,,4655,11,9,1601.0,99,6,,,
4655,22,11,4,18,14,2,99,9,999,9,4.0,7.0,9999.0,1,2012,,4656,11,9,1401.0,99,6,,,
4656,22,11,4,18,14,2,99,9,999,9,9.0,6.0,9999.0,1,2012,,4657,11,9,1401.0,99,6,,,
4657,23,11,5,20,1,1,1,1,48,2,1.0,4.0,2007.0,1,2012,,4658,8,1,101.0,99,6,,,
4658,23,11,5,20,1,1,1,1,26,1,4.0,2.0,2006.0,1,2012,,4659,4,1,101.0,99,6,,,
4659,23,11,5,17,17,2,99,9,999,9,2.0,5.0,9999.0,3,2012,,4660,11,9,1709.0,99,6,,,
4660,23,11,5,13,4,2,99,1,39,1,3.0,5.0,9999.0,1,2012,,4661,6,1,409.0,99,6,,,
4661,23,11,5,13,4,2,99,1,38,1,5.0,2.0,1995.0,1,2012,,4662,6,1,409.0,99,6,,,
4662,24,11,6,17,20,2,99,1,37,1,3.0,2.0,2001.0,1,2012,,4663,6,1,2001.0,99,6,,,
4663,24,11,6,17,20,2,99,1,28,1,4.0,1.0,9999.0,1,2012,,4664,4,1,2001.0,99,6,,,
4664,24,11,6,19,1,1,1,1,40,1,12.0,3.0,9999.0,1,2012,,4665,7,1,101.0,99,6,,,
4665,24,11,6,19,1,1,1,1,41,1,12.0,1.0,9999.0,1,2012,,4666,7,1,101.0,99,6,,,
4666,24,11,6,19,1,1,7,1,18,1,1.0,1.0,9999.0,1,2012,,4667,2,1,101.0,99,6,,,
4667,24,11,6,19,1,1,7,1,39,1,3.0,2.0,9999.0,1,2012,,4668,6,1,101.0,99,6,,,
4668,24,11,6,10,20,2,99,1,29,2,3.0,1.0,9999.0,1,2012,,4669,4,1,2007.0,99,6,,,
4669,24,11,6,10,20,2,99,1,28,1,1.0,4.0,1979.0,1,2012,,4670,4,1,2007.0,99,6,,,
4670,24,11,6,13,9,2,99,1,23,9,1.0,14.0,9999.0,1,2012,,4671,3,1,920.0,99,6,,,
4671,24,11,6,13,9,2,99,1,55,9,1.0,99.0,9999.0,1,2012,,4672,10,1,920.0,99,6,,,
4672,24,11,6,21,4,2,99,9,999,9,1.0,99.0,9999.0,1,2012,,4673,11,9,401.0,99,6,,,
4673,24,11,6,21,4,2,99,1,16,1,4.0,5.0,9999.0,1,2012,,4674,2,2,401.0,99,6,,,
4674,24,11,6,20,22,2,99,1,26,1,5.0,3.0,9999.0,3,2012,,4675,4,1,2212.0,99,6,,,
4675,24,11,6,7,1,1,6,9,999,9,5.0,7.0,9999.0,1,2012,,4676,11,9,108.0,99,6,,,
4676,24,11,6,7,1,1,6,1,39,9,4.0,5.0,9999.0,1,2012,,4677,6,1,108.0,99,6,,,
4677,24,11,6,6,12,2,99,9,999,9,3.0,5.0,9999.0,3,2012,,4678,11,9,1211.0,99,6,,,
4678,24,11,6,0,1,1,7,9,999,9,5.0,99.0,9999.0,1,2012,,4679,11,9,101.0,99,6,,,
4679,24,11,6,0,1,1,7,1,24,1,4.0,3.0,9999.0,1,2012,,4680,3,1,101.0,99,6,,,
4680,24,11,6,1,1,1,1,9,999,9,1.0,99.0,9999.0,1,2012,,4681,11,9,115.0,99,6,,,
4681,24,11,6,1,1,1,1,1,25,1,4.0,3.0,9999.0,1,2012,,4682,4,1,115.0,99,6,,,
4682,24,11,6,19,1,2,99,9,999,9,5.0,99.0,9999.0,1,2012,,4683,11,9,115.0,99,6,,,
4683,24,11,6,19,1,2,99,1,33,2,4.0,99.0,9999.0,1,2012,,4684,5,1,115.0,99,6,,,
4684,24,11,6,7,10,2,99,9,999,9,12.0,99.0,9999.0,1,2012,,4685,11,9,1007.0,99,6,,,
4685,24,11,6,7,10,2,99,1,45,9,4.0,99.0,9999.0,1,2012,,4686,8,1,1007.0,99,6,,,
4686,24,11,6,8,8,2,99,9,999,9,3.0,5.0,9999.0,3,2012,,4687,11,9,808.0,99,6,,,
4687,25,11,7,12,1,1,9,1,62,1,7.0,3.0,9999.0,1,2012,,4688,10,1,101.0,99,6,,,
4688,25,11,7,12,1,1,9,1,31,1,4.0,1.0,2009.0,1,2012,,4689,5,1,101.0,99,6,,,
4689,25,11,7,22,1,1,7,1,31,1,1.0,8.0,9999.0,1,2012,,4690,5,1,117.0,99,6,,,
4690,25,11,7,22,1,1,7,1,28,1,1.0,8.0,1990.0,1,2012,,4691,4,1,117.0,99,6,,,
4691,25,11,7,20,22,2,99,1,40,1,3.0,9.0,1994.0,1,2012,,4692,7,1,2204.0,99,6,,,
4692,25,11,7,20,22,2,99,1,50,1,4.0,1.0,2004.0,1,2012,,4693,9,1,2204.0,99,6,,,
4693,25,11,7,6,5,2,99,1,31,9,5.0,2.0,9999.0,1,2012,,4694,5,1,501.0,99,6,,,
4694,25,11,7,6,5,2,99,1,15,9,4.0,99.0,9999.0,1,2012,,4695,2,2,501.0,99,6,,,
4695,25,11,7,10,10,1,99,9,999,9,14.0,1.0,2004.0,3,2012,,4696,11,9,1001.0,99,6,,,
4696,25,11,7,20,13,2,99,9,999,9,7.0,99.0,9999.0,1,2012,,4697,11,9,1312.0,99,6,,,
4697,25,11,7,20,13,2,99,9,999,9,2.0,6.0,9999.0,1,2012,,4698,11,9,1312.0,99,6,,,
4698,25,11,7,17,15,2,99,1,26,1,3.0,5.0,9999.0,4,2012,,4699,4,1,1501.0,99,6,,,
4699,25,11,7,18,2,2,99,1,35,1,3.0,2.0,1992.0,1,2012,,4700,6,1,201.0,99,6,,,
4700,25,11,7,18,2,2,99,1,45,1,4.0,9.0,9999.0,1,2012,,4701,8,1,201.0,99,6,,,
4701,26,11,1,6,1,1,18,1,34,9,7.0,99.0,9999.0,2,2012,,4702,5,1,101.0,99,6,,,
4702,26,11,1,16,1,1,15,1,33,1,5.0,2.0,2012.0,1,2012,,4703,5,1,101.0,99,6,,,
4703,26,11,1,16,1,1,15,2,42,1,2.0,9.0,9999.0,1,2012,,4704,7,1,101.0,99,6,,,
4704,26,11,1,22,20,2,99,9,999,9,3.0,99.0,9999.0,4,2012,,4705,11,9,2001.0,99,6,,,
4705,26,11,1,22,10,2,99,1,28,1,1.0,1.0,1993.0,1,2012,,4706,4,1,1001.0,99,6,,,
4706,26,11,1,22,10,2,99,1,17,1,3.0,99.0,9999.0,1,2012,,4707,2,2,1001.0,99,6,,,
4707,26,11,1,12,4,1,99,1,38,1,4.0,99.0,9999.0,1,2012,,4708,6,1,401.0,99,6,,,
4708,26,11,1,12,4,1,99,1,22,1,4.0,99.0,9999.0,1,2012,,4709,3,1,401.0,99,6,,,
4709,27,11,2,23,1,2,99,1,27,9,3.0,3.0,9999.0,1,2012,,4710,4,1,102.0,99,6,,,
4710,27,11,2,23,1,2,99,1,30,9,4.0,1.0,2006.0,1,2012,,4711,5,1,102.0,99,6,,,
4711,27,11,2,7,1,1,5,1,34,1,12.0,1.0,1992.0,1,2012,,4712,5,1,108.0,99,6,,,
4712,27,11,2,7,1,1,5,1,39,1,4.0,5.0,9999.0,1,2012,,4713,6,1,108.0,99,6,,,
4713,27,11,2,16,6,2,99,1,34,1,4.0,1.0,2008.0,2,2012,,4714,5,1,601.0,99,6,,,
4714,27,11,2,16,10,2,99,1,25,1,5.0,2.0,2011.0,1,2012,,4715,4,1,1001.0,99,6,,,
4715,27,11,2,16,10,2,99,1,33,1,14.0,1.0,2009.0,1,2012,,4716,5,1,1001.0,99,6,,,
4716,27,11,2,3,8,2,99,1,24,1,3.0,6.0,9999.0,2,2012,,4717,3,1,801.0,99,6,,,
4717,27,11,2,18,8,2,99,1,46,1,5.0,3.0,2004.0,1,2012,,4718,8,1,801.0,99,6,,,
4718,27,11,2,18,8,2,99,1,58,1,3.0,1.0,9999.0,1,2012,,4719,10,1,801.0,99,6,,,
4719,27,11,2,9,4,2,99,9,999,9,7.0,1.0,9999.0,1,2012,,4720,11,9,401.0,99,6,,,
4720,28,11,3,1,1,1,18,1,28,9,1.0,4.0,9999.0,1,2012,,4721,4,1,101.0,99,6,,,
4721,28,11,3,16,1,1,10,1,41,1,1.0,5.0,2002.0,1,2012,,4722,7,1,101.0,99,6,,,
4722,28,11,3,16,1,1,10,1,26,1,4.0,5.0,2012.0,1,2012,,4723,4,1,101.0,99,6,,,
4723,28,11,3,10,1,1,7,1,30,1,7.0,6.0,9999.0,1,2012,,4724,5,1,101.0,99,6,,,
4724,28,11,3,10,1,1,7,9,999,9,2.0,4.0,9999.0,1,2012,,4725,11,9,101.0,99,6,,,
4725,28,11,3,11,9,1,11,1,54,9,5.0,2.0,9999.0,1,2012,,4726,9,1,901.0,99,6,,,
4726,28,11,3,11,9,1,11,9,999,9,3.0,11.0,1987.0,1,2012,,4727,11,9,901.0,99,6,,,
4727,28,11,3,22,16,2,99,9,999,9,3.0,99.0,9999.0,1,2012,,4728,11,9,1601.0,99,6,,,
4728,28,11,3,11,18,2,99,1,22,1,1.0,1.0,9999.0,1,2012,,4729,3,1,1801.0,99,6,,,
4729,28,11,3,11,18,2,99,1,52,1,1.0,2.0,9999.0,1,2012,,4730,9,1,1801.0,99,6,,,
4730,28,11,3,11,18,2,99,1,23,1,2.0,2.0,9999.0,1,2012,,4731,3,1,1801.0,99,6,,,
4731,28,11,3,17,4,2,99,9,999,9,3.0,2.0,9999.0,3,2012,,4732,11,9,401.0,99,6,,,
4732,29,11,4,10,5,2,99,2,30,1,3.0,1.0,9999.0,1,2012,,4733,5,1,501.0,99,6,,,
4733,29,11,4,10,5,2,99,1,32,1,1.0,5.0,9999.0,1,2012,,4734,5,1,501.0,99,6,,,
4734,30,11,5,22,1,2,99,1,17,2,4.0,1.0,2012.0,3,2012,,4735,2,2,102.0,99,6,,,
4735,30,11,5,1,1,1,7,9,999,9,99.0,99.0,9999.0,1,2012,,4736,11,9,101.0,99,6,,,
4736,30,11,5,1,1,1,7,1,44,9,4.0,5.0,9999.0,1,2012,,4737,7,1,101.0,99,6,,,
4737,30,11,5,10,1,2,1,9,999,9,1.0,5.0,9999.0,1,2012,,4738,11,9,108.0,99,6,,,
4738,30,11,5,12,19,2,99,1,20,9,4.0,99.0,9999.0,3,2012,,4739,3,1,1902.0,99,6,,,
4739,30,11,5,21,5,2,99,1,24,9,2.0,9.0,1989.0,2,2012,,4740,3,1,501.0,99,6,,,
4740,30,11,5,3,5,2,99,9,999,9,3.0,3.0,9999.0,3,2012,,4741,11,9,502.0,99,6,,,
4741,30,11,5,16,6,2,99,9,999,9,3.0,9.0,1998.0,1,2012,,4742,11,9,608.0,99,6,,,
4742,30,11,5,16,6,2,99,1,40,9,4.0,1.0,9999.0,1,2012,,4743,7,1,608.0,99,6,,,
4743,30,11,5,18,6,2,99,1,26,2,14.0,1.0,2010.0,3,2012,,4744,4,1,601.0,99,6,,,
4744,30,11,5,13,2,2,99,1,42,1,5.0,1.0,1995.0,1,2012,,4745,7,1,207.0,99,6,,,
4745,30,11,5,13,2,2,99,1,31,9,1.0,99.0,9999.0,1,2012,,4746,5,1,207.0,99,6,,,
4746,30,11,5,14,17,1,99,1,47,1,1.0,99.0,9999.0,1,2012,,4747,8,1,1701.0,99,6,,,
4747,30,11,5,14,17,1,99,1,17,1,4.0,3.0,9999.0,1,2012,,4748,2,2,1701.0,99,6,,,
4748,30,11,5,16,4,2,99,2,32,1,1.0,11.0,9999.0,1,2012,,4749,5,1,401.0,99,6,,,
4749,30,11,5,16,4,2,99,1,29,1,3.0,1.0,9999.0,1,2012,,4750,4,1,401.0,99,6,,,
4750,30,11,5,16,4,2,99,1,57,1,3.0,3.0,9999.0,1,2012,,4751,10,1,401.0,99,6,,,
4751,1,12,6,2,1,1,15,1,30,1,4.0,5.0,9999.0,3,2012,,4752,5,1,101.0,99,6,,,
4752,1,12,6,5,1,1,11,1,31,1,11.0,2.0,2007.0,1,2012,,4753,5,1,101.0,99,6,,,
4753,1,12,6,5,1,1,11,2,33,1,1.0,6.0,2000.0,1,2012,,4754,5,1,101.0,99,6,,,
4754,1,12,6,14,1,2,99,1,24,1,1.0,9.0,9999.0,1,2012,,4755,3,1,114.0,99,6,,,
4755,1,12,6,14,1,2,99,2,35,1,1.0,3.0,2007.0,1,2012,,4756,6,1,114.0,99,6,,,
4756,1,12,6,7,1,2,99,1,25,1,1.0,1.0,9999.0,3,2012,,4757,4,1,116.0,99,6,,,
4757,1,12,6,5,1,1,5,9,999,9,99.0,99.0,9999.0,1,2012,,4758,11,9,108.0,99,6,,,
4758,1,12,6,5,1,1,5,1,27,1,4.0,5.0,9999.0,1,2012,,4759,4,1,108.0,99,6,,,
4759,1,12,6,17,1,1,1,1,25,1,5.0,11.0,1997.0,1,2012,,4760,4,1,108.0,99,6,,,
4760,1,12,6,17,1,1,1,1,45,9,4.0,1.0,9999.0,1,2012,,4761,8,1,108.0,99,6,,,
4761,1,12,6,14,19,2,99,1,37,1,3.0,4.0,9999.0,1,2012,,4762,6,1,1903.0,99,6,,,
4762,1,12,6,14,19,2,99,1,28,1,3.0,1.0,9999.0,1,2012,,4763,4,1,1903.0,99,6,,,
4763,1,12,6,21,5,2,99,1,18,1,1.0,5.0,1996.0,1,2012,,4764,2,1,503.0,99,6,,,
4764,1,12,6,21,5,2,99,1,37,1,3.0,11.0,9999.0,1,2012,,4765,6,1,503.0,99,6,,,
4765,1,12,6,17,5,2,99,1,56,1,4.0,1.0,9999.0,1,2012,,4766,10,1,507.0,99,6,,,
4766,1,12,6,17,5,2,99,1,21,1,12.0,7.0,9999.0,1,2012,,4767,3,1,507.0,99,6,,,
4767,1,12,6,19,9,2,99,2,43,1,4.0,2.0,9999.0,1,2012,,4768,7,1,920.0,99,6,,,
4768,1,12,6,19,9,2,99,9,999,9,2.0,2.0,2007.0,1,2012,,4769,11,9,920.0,99,6,,,
4769,1,12,6,2,13,2,99,9,999,9,3.0,5.0,9999.0,3,2012,,4770,11,9,1326.0,99,6,,,
4770,1,12,6,10,8,2,99,1,26,1,5.0,2.0,9999.0,1,2012,,4771,4,1,801.0,99,6,,,
4771,1,12,6,10,8,2,99,2,38,1,2.0,11.0,9999.0,1,2012,,4772,6,1,801.0,99,6,,,
4772,1,12,6,3,16,2,99,1,19,2,4.0,99.0,9999.0,3,2012,,4773,2,1,1601.0,99,6,,,
4773,1,12,6,14,16,2,99,1,18,1,1.0,4.0,9999.0,3,2012,,4774,2,1,1601.0,99,6,,,
4774,1,12,6,17,2,2,99,1,21,1,4.0,5.0,9999.0,1,2012,,4775,3,1,202.0,99,6,,,
4775,1,12,6,17,2,2,99,1,16,1,4.0,3.0,9999.0,1,2012,,4776,2,2,202.0,99,6,,,
4776,1,12,6,2,2,2,99,1,42,9,4.0,99.0,9999.0,3,2012,,4777,7,1,207.0,99,6,,,
4777,1,12,6,10,17,2,99,1,26,2,4.0,5.0,9999.0,1,2012,,4778,4,1,1710.0,99,6,,,
4778,1,12,6,10,17,2,99,1,40,1,5.0,2.0,9999.0,1,2012,,4779,7,1,1710.0,99,6,,,
4779,1,12,6,23,17,2,99,1,39,9,3.0,2.0,1987.0,1,2012,,4780,6,1,1703.0,99,6,,,
4780,1,12,6,23,17,2,99,1,29,1,4.0,5.0,9999.0,1,2012,,4781,4,1,1703.0,99,6,,,
4781,2,12,7,16,1,1,18,1,29,1,3.0,8.0,9999.0,1,2012,,4782,4,1,101.0,99,6,,,
4782,2,12,7,16,1,1,18,1,35,1,4.0,1.0,9999.0,1,2012,,4783,6,1,101.0,99,6,,,
4783,2,12,7,4,1,2,99,1,19,1,1.0,6.0,9999.0,2,2012,,4784,2,1,103.0,99,6,,,
4784,2,12,7,19,1,1,4,1,25,2,1.0,2.0,9999.0,1,2012,,4785,4,1,108.0,99,6,,,
4785,2,12,7,19,1,1,4,2,32,1,1.0,2.0,9999.0,1,2012,,4786,5,1,108.0,99,6,,,
4786,2,12,7,1,20,2,99,1,23,2,3.0,1.0,9999.0,2,2012,,4787,3,1,2001.0,99,6,,,
4787,2,12,7,17,19,2,99,1,21,1,3.0,4.0,9999.0,1,2012,,4788,3,1,1906.0,99,6,,,
4788,2,12,7,17,19,2,99,1,53,1,3.0,99.0,1983.0,1,2012,,4789,9,1,1906.0,99,6,,,
4789,2,12,7,7,5,2,99,1,76,1,13.0,7.0,9999.0,1,2012,,4790,10,1,501.0,99,6,,,
4790,2,12,7,7,5,2,99,1,20,1,4.0,1.0,9999.0,1,2012,,4791,3,1,501.0,99,6,,,
4791,2,12,7,15,9,1,2,1,45,1,3.0,2.0,9999.0,1,2012,,4792,8,1,901.0,99,6,,,
4792,2,12,7,15,9,1,2,1,35,1,3.0,1.0,2005.0,1,2012,,4793,6,1,901.0,99,6,,,
4793,2,12,7,3,13,2,99,1,15,1,3.0,5.0,1987.0,2,2012,,4794,2,2,1304.0,99,6,,,
4794,2,12,7,1,18,2,99,2,27,2,1.0,2.0,9999.0,1,2012,,4795,4,1,1801.0,99,6,,,
4795,2,12,7,1,18,2,99,1,38,1,4.0,99.0,2009.0,1,2012,,4796,6,1,1801.0,99,6,,,
4796,3,12,1,8,1,1,1,1,51,1,1.0,2.0,2004.0,1,2012,,4797,9,1,101.0,99,6,,,
4797,3,12,1,8,1,1,1,1,27,1,4.0,5.0,2012.0,1,2012,,4798,4,1,101.0,99,6,,,
4798,3,12,1,2,1,1,1,1,31,2,4.0,5.0,2012.0,2,2012,,4799,5,1,101.0,99,6,,,
4799,3,12,1,1,1,1,5,1,35,1,3.0,4.0,9999.0,2,2012,,4800,6,1,101.0,99,6,,,
4800,3,12,1,17,6,2,99,1,40,1,1.0,6.0,9999.0,2,2012,,4801,7,1,613.0,99,6,,,
4801,3,12,1,17,18,2,99,1,50,1,3.0,11.0,2011.0,2,2012,,4802,9,1,1801.0,99,6,,,
4802,3,12,1,6,18,2,99,9,999,9,99.0,99.0,9999.0,1,2012,,4803,11,9,1801.0,99,6,,,
4803,3,12,1,6,18,2,99,1,35,9,4.0,99.0,9999.0,1,2012,,4804,6,1,1801.0,99,6,,,
4804,3,12,1,2,17,2,99,1,19,9,4.0,9.0,9999.0,2,2012,,4805,2,1,1701.0,99,6,,,
4805,4,12,2,1,1,1,9,1,30,2,4.0,99.0,9999.0,2,2012,,4806,5,1,101.0,99,6,,,
4806,4,12,2,0,1,1,12,9,999,9,99.0,99.0,9999.0,1,2012,,4807,11,9,101.0,99,6,,,
4807,4,12,2,0,1,1,12,1,24,9,4.0,99.0,9999.0,1,2012,,4808,3,1,101.0,99,6,,,
4808,4,12,2,15,22,2,99,9,999,9,99.0,99.0,9999.0,1,2012,,4809,11,9,2205.0,99,6,,,
4809,4,12,2,15,22,2,99,1,83,9,4.0,99.0,9999.0,1,2012,,4810,10,1,2205.0,99,6,,,
4810,4,12,2,20,19,2,99,1,23,9,4.0,1.0,9999.0,3,2012,,4811,3,1,1904.0,99,6,,,
4811,4,12,2,18,5,2,99,1,27,1,3.0,3.0,9999.0,1,2012,,4812,4,1,504.0,99,6,,,
4812,4,12,2,7,6,2,99,1,47,9,3.0,5.0,1995.0,1,2012,,4813,8,1,606.0,99,6,,,
4813,4,12,2,7,6,2,99,1,37,9,4.0,1.0,9999.0,1,2012,,4814,6,1,606.0,99,6,,,
4814,4,12,2,8,9,2,99,1,24,9,3.0,99.0,9999.0,3,2012,,4815,3,1,905.0,99,6,,,
4815,4,12,2,6,2,2,99,9,999,9,6.0,2.0,9999.0,1,2012,,4816,11,9,201.0,99,6,,,
4816,4,12,2,6,2,2,99,1,33,9,3.0,2.0,9999.0,1,2012,,4817,5,1,201.0,99,6,,,
4817,4,12,2,21,3,2,99,1,31,9,3.0,1.0,9999.0,1,2012,,4818,5,1,304.0,99,6,,,
4818,4,12,2,21,3,2,99,1,24,9,9.0,1.0,9999.0,1,2012,,4819,3,1,304.0,99,6,,,
4819,4,12,2,23,3,2,99,1,34,1,4.0,1.0,9999.0,2,2012,,4820,5,1,303.0,99,6,,,
4820,5,12,3,10,1,1,1,2,40,1,2.0,4.0,2005.0,1,2012,,4821,7,1,101.0,99,6,,,
4821,5,12,3,10,1,1,1,1,30,1,4.0,1.0,2011.0,1,2012,,4822,5,1,101.0,99,6,,,
4822,5,12,3,0,1,1,18,1,19,2,1.0,1.0,2001.0,2,2012,,4823,2,1,101.0,99,6,,,
4823,5,12,3,19,1,1,7,1,35,2,1.0,1.0,1997.0,1,2012,,4824,6,1,101.0,99,6,,,
4824,5,12,3,19,1,1,7,2,34,1,1.0,2.0,1994.0,1,2012,,4825,5,1,101.0,99,6,,,
4825,5,12,3,21,5,2,99,1,40,1,5.0,3.0,9999.0,2,2012,,4826,7,1,501.0,99,6,,,
4826,5,12,3,21,5,2,99,1,30,1,5.0,2.0,9999.0,3,2012,,4827,5,1,508.0,99,6,,,
4827,5,12,3,20,5,2,99,1,28,9,1.0,3.0,9999.0,2,2012,,4828,4,1,501.0,99,6,,,
4828,5,12,3,13,10,1,1,1,24,1,14.0,1.0,2008.0,1,2012,,4829,3,1,1001.0,99,6,,,
4829,5,12,3,13,10,1,1,1,41,2,1.0,5.0,9999.0,1,2012,,4830,7,1,1001.0,99,6,,,
4830,5,12,3,0,8,2,99,1,24,9,5.0,1.0,9999.0,1,2012,,4831,3,1,801.0,99,6,,,
4831,5,12,3,0,8,2,99,1,25,9,5.0,2.0,9999.0,1,2012,,4832,4,1,801.0,99,6,,,
4832,5,12,3,21,4,2,99,1,45,9,4.0,7.0,9999.0,1,2012,,4833,8,1,401.0,99,6,,,
4833,5,12,3,21,4,2,99,9,999,9,5.0,2.0,9999.0,1,2012,,4834,11,9,401.0,99,6,,,
4834,6,12,4,13,1,1,7,1,35,9,3.0,9.0,1997.0,1,2012,,4835,6,1,101.0,99,6,,,
4835,6,12,4,13,1,1,7,1,21,9,4.0,5.0,2012.0,1,2012,,4836,3,1,101.0,99,6,,,
4836,6,12,4,20,21,2,99,1,27,9,2.0,7.0,9999.0,1,2012,,4837,4,1,2101.0,99,6,,,
4837,6,12,4,20,21,2,99,9,999,9,5.0,2.0,9999.0,1,2012,,4838,11,9,2101.0,99,6,,,
4838,6,12,4,22,9,2,99,1,22,9,1.0,6.0,9999.0,1,2012,,4839,3,1,901.0,99,6,,,
4839,6,12,4,22,9,2,99,9,999,9,5.0,2.0,9999.0,1,2012,,4840,11,9,901.0,99,6,,,
4840,6,12,4,8,17,2,99,1,38,1,3.0,11.0,9999.0,1,2012,,4841,6,1,1701.0,99,6,,,
4841,6,12,4,8,17,2,99,9,999,9,9.0,4.0,9999.0,1,2012,,4842,11,9,1701.0,99,6,,,
4842,7,12,5,15,1,1,1,1,49,9,1.0,9.0,1985.0,1,2012,,4843,8,1,101.0,99,6,,,
4843,7,12,5,15,1,1,1,1,22,9,4.0,5.0,2012.0,1,2012,,4844,3,1,101.0,99,6,,,
4844,7,12,5,9,1,1,13,1,22,9,1.0,2.0,9999.0,1,2012,,4845,3,1,101.0,99,6,,,
4845,7,12,5,9,1,1,13,9,999,9,12.0,7.0,9999.0,1,2012,,4846,11,9,101.0,99,6,,,
4846,7,12,5,23,1,1,14,1,27,2,3.0,5.0,9999.0,1,2012,,4847,4,1,101.0,99,6,,,
4847,7,12,5,23,1,1,14,1,19,1,1.0,6.0,1996.0,1,2012,,4848,2,1,101.0,99,6,,,
4848,7,12,5,6,1,1,13,1,22,9,1.0,5.0,9999.0,1,2012,,4849,3,1,101.0,99,6,,,
4849,7,12,5,22,1,1,12,1,21,9,5.0,2.0,1987.0,2,2012,,4850,3,1,101.0,99,6,,,
4850,7,12,5,22,1,1,3,1,35,1,1.0,5.0,2004.0,1,2012,,4851,6,1,108.0,99,6,,,
4851,7,12,5,22,1,1,3,1,52,1,1.0,3.0,1981.0,1,2012,,4852,9,1,108.0,99,6,,,
4852,7,12,5,15,22,2,99,2,85,9,9.0,99.0,9999.0,1,2012,,4853,10,1,2201.0,99,6,,,
4853,7,12,5,15,22,2,99,9,999,9,3.0,4.0,9999.0,1,2012,,4854,11,9,2201.0,99,6,,,
4854,7,12,5,2,5,2,99,1,42,1,6.0,2.0,1998.0,3,2012,,4855,7,1,501.0,99,6,,,
4855,7,12,5,8,10,2,99,1,22,1,4.0,5.0,2013.0,2,2012,,4856,3,1,1001.0,99,6,,,
4856,7,12,5,11,9,1,3,1,20,1,5.0,2.0,9999.0,1,2012,,4857,3,1,901.0,99,6,,,
4857,7,12,5,11,9,1,3,1,38,1,4.0,4.0,9999.0,1,2012,,4858,6,1,901.0,99,6,,,
4858,7,12,5,19,13,2,99,1,39,1,3.0,1.0,9999.0,1,2012,,4859,6,1,1301.0,99,6,,,
4859,7,12,5,19,13,2,99,9,999,9,3.0,6.0,9999.0,1,2012,,4860,11,9,1301.0,99,6,,,
4860,7,12,5,19,13,2,99,9,999,9,3.0,3.0,9999.0,1,2012,,4861,11,9,1301.0,99,6,,,
4861,7,12,5,17,8,2,99,9,999,9,7.0,2.0,9999.0,1,2012,,4862,11,9,801.0,99,6,,,
4862,7,12,5,17,8,2,99,1,40,9,3.0,9.0,2007.0,1,2012,,4863,7,1,801.0,99,6,,,
4863,7,12,5,7,3,2,99,1,29,9,4.0,3.0,2005.0,2,2012,,4864,4,1,301.0,99,6,,,
4864,7,12,6,6,1,1,1,1,27,9,1.0,3.0,2009.0,1,2012,,4865,4,1,101.0,99,6,,,
4865,7,12,6,8,1,2,99,1,28,9,3.0,6.0,1994.0,1,2012,,4866,4,1,113.0,99,6,,,
4866,7,12,6,8,1,2,99,1,22,9,1.0,99.0,1995.0,1,2012,,4867,3,1,113.0,99,6,,,
4867,7,12,6,1,1,1,12,9,999,9,4.0,1.0,9999.0,1,2012,,4868,11,9,101.0,99,6,,,
4868,7,12,6,11,1,1,12,1,40,9,3.0,2.0,1985.0,1,2012,,4869,7,1,101.0,99,6,,,
4869,7,12,6,11,1,1,12,1,18,9,3.0,99.0,9999.0,1,2012,,4870,2,1,101.0,99,6,,,
4870,7,12,6,11,1,1,12,1,24,9,3.0,2.0,9999.0,1,2012,,4871,3,1,101.0,99,6,,,
4871,7,12,6,3,1,2,99,9,999,9,9.0,2.0,1992.0,1,2012,,4872,11,9,114.0,99,6,,,
4872,7,12,6,23,20,2,99,1,31,9,4.0,99.0,9999.0,3,2012,,4873,5,1,2001.0,99,6,,,
4873,7,12,6,21,20,2,99,1,19,9,4.0,3.0,9999.0,3,2012,,4874,2,1,2007.0,99,6,,,
4874,7,12,6,10,19,2,99,1,49,9,12.0,4.0,9999.0,1,2012,,4875,8,1,1901.0,99,6,,,
4875,7,12,6,10,19,2,99,1,41,9,6.0,3.0,9999.0,1,2012,,4876,7,1,1901.0,99,6,,,
4876,7,12,6,13,5,2,99,1,26,9,2.0,2.0,9999.0,3,2012,,4877,4,1,501.0,99,6,,,
4877,7,12,6,15,5,2,99,1,17,9,1.0,1.0,9999.0,3,2012,,4878,2,2,503.0,99,6,,,
4878,7,12,6,8,13,2,99,1,999,9,3.0,5.0,9999.0,3,2012,,4879,11,1,1301.0,99,6,,,
4879,7,12,6,10,7,2,99,1,42,9,3.0,2.0,2008.0,1,2012,,4880,7,1,701.0,99,6,,,
4880,7,12,6,10,7,2,99,1,34,9,1.0,99.0,9999.0,1,2012,,4881,5,1,701.0,99,6,,,
4881,7,12,6,21,7,2,99,9,999,9,1.0,11.0,9999.0,1,2012,,4882,11,9,701.0,99,6,,,
4882,7,12,6,18,4,2,99,1,29,9,9.0,4.0,9999.0,1,2012,,4883,4,1,401.0,99,6,,,
4883,7,12,6,18,4,2,99,1,30,9,8.0,1.0,9999.0,1,2012,,4884,5,1,401.0,99,6,,,
4884,9,12,7,12,1,1,1,2,34,1,1.0,1.0,9999.0,1,2012,,4885,5,1,101.0,99,6,,,
4885,9,12,7,12,1,1,1,1,46,1,2.0,4.0,2001.0,1,2012,,4886,8,1,101.0,99,6,,,
4886,9,12,7,23,1,1,11,1,45,2,4.0,4.0,9999.0,2,2012,,4887,8,1,101.0,99,6,,,
4887,9,12,7,17,1,1,7,1,32,1,5.0,7.0,2000.0,1,2012,,4888,5,1,101.0,99,6,,,
4888,9,12,7,17,1,1,7,1,26,1,1.0,4.0,9999.0,1,2012,,4889,4,1,101.0,99,6,,,
4889,9,12,7,3,1,1,4,2,19,1,1.0,2.0,9999.0,1,2012,,4890,2,1,108.0,99,6,,,
4890,9,12,7,3,1,1,4,1,27,1,1.0,1.0,1991.0,1,2012,,4891,4,1,108.0,99,6,,,
4891,9,12,7,23,22,2,99,1,45,1,3.0,3.0,1996.0,1,2012,,4892,8,1,2201.0,99,6,,,
4892,9,12,7,23,22,2,99,1,23,1,4.0,3.0,9999.0,1,2012,,4893,3,1,2201.0,99,6,,,
4893,9,12,7,4,20,2,99,1,24,1,1.0,3.0,1990.0,1,2012,,4894,3,1,2001.0,99,6,,,
4894,9,12,7,4,20,2,99,1,28,1,1.0,4.0,1997.0,1,2012,,4895,4,1,2001.0,99,6,,,
4895,9,12,7,13,10,2,99,1,35,1,3.0,99.0,9999.0,1,2012,,4896,6,1,1001.0,99,6,,,
4896,9,12,7,13,10,2,99,9,999,9,1.0,6.0,9999.0,1,2012,,4897,11,9,1001.0,99,6,,,
4897,9,12,7,14,13,2,99,1,30,1,3.0,6.0,9999.0,1,2012,,4898,5,1,1301.0,99,6,,,
4898,9,12,7,14,13,2,99,9,999,9,4.0,4.0,9999.0,1,2012,,4899,11,9,1301.0,99,6,,,
4899,9,12,7,14,13,2,99,9,999,9,2.0,4.0,2000.0,1,2012,,4900,11,9,1301.0,99,6,,,
4900,9,12,7,12,18,2,99,1,31,9,4.0,3.0,1999.0,2,2012,,4901,5,1,1801.0,99,6,,,
4901,9,12,7,13,4,2,99,9,999,9,7.0,7.0,9999.0,3,2012,,4902,11,9,401.0,99,6,,,
4902,9,12,7,4,3,2,99,1,30,1,1.0,4.0,2013.0,1,2012,,4903,5,1,301.0,99,6,,,
4903,9,12,7,4,3,2,99,2,26,1,1.0,5.0,2006.0,1,2012,,4904,4,1,301.0,99,6,,,
4904,9,12,7,18,3,2,99,9,999,9,2.0,99.0,9999.0,2,2012,,4905,11,9,301.0,99,6,,,
4905,10,12,1,10,1,1,11,2,33,9,3.0,4.0,2008.0,1,2012,,4906,5,1,101.0,99,6,,,
4906,10,12,1,10,1,1,11,1,45,9,1.0,2.0,1989.0,1,2012,,4907,8,1,101.0,99,6,,,
4907,10,12,1,22,1,1,12,1,26,9,1.0,2.0,2006.0,1,2012,,4908,4,1,101.0,99,6,,,
4908,10,12,1,22,1,1,12,1,35,9,11.0,2.0,2012.0,1,2012,,4909,6,1,101.0,99,6,,,
4909,10,12,1,10,1,1,12,1,43,9,2.0,4.0,2009.0,1,2012,,4910,7,1,101.0,99,6,,,
4910,10,12,1,10,1,1,12,2,34,9,1.0,3.0,2009.0,1,2012,,4911,5,1,101.0,99,6,,,
4911,10,12,1,20,5,1,1,1,26,9,4.0,4.0,9999.0,2,2012,,4912,4,1,501.0,99,6,,,
4912,10,12,1,6,5,2,99,1,48,9,6.0,2.0,9999.0,2,2012,,4913,8,1,501.0,99,6,,,
4913,10,12,1,1,6,2,99,1,25,9,1.0,4.0,1997.0,1,2012,,4914,4,1,601.0,99,6,,,
4914,10,12,1,1,6,2,99,1,27,9,14.0,1.0,9999.0,1,2012,,4915,4,1,601.0,99,6,,,
4915,10,12,1,11,9,1,1,1,40,9,3.0,5.0,9999.0,1,2012,,4916,7,1,913.0,99,6,,,
4916,10,12,1,11,13,2,99,1,35,9,9.0,3.0,9999.0,2,2012,,4917,6,1,1301.0,99,6,,,
4917,11,12,2,9,1,1,1,1,40,9,12.0,1.0,9999.0,1,2012,,4918,7,1,101.0,99,6,,,
4918,11,12,2,9,1,1,1,1,32,9,4.0,2.0,9999.0,1,2012,,4919,5,1,101.0,99,6,,,
4919,11,12,2,2,1,1,3,1,22,9,3.0,11.0,1985.0,1,2012,,4920,3,1,101.0,99,6,,,
4920,11,12,2,2,1,1,3,1,37,9,6.0,3.0,2003.0,1,2012,,4921,6,1,101.0,99,6,,,
4921,11,12,2,2,1,1,3,1,37,9,4.0,5.0,2012.0,1,2012,,4922,6,1,101.0,99,6,,,
4922,11,12,2,14,1,1,11,1,32,9,99.0,99.0,9999.0,1,2012,,4923,5,1,101.0,99,6,,,
4923,11,12,2,21,1,2,99,1,34,9,9.0,99.0,9999.0,1,2012,,4924,5,1,114.0,99,6,,,
4924,11,12,2,21,1,2,99,1,29,9,4.0,99.0,9999.0,1,2012,,4925,4,1,114.0,99,6,,,
4925,11,12,2,23,1,1,1,1,58,9,1.0,99.0,2008.0,1,2012,,4926,10,1,116.0,99,6,,,
4926,11,12,2,0,9,1,1,1,20,9,4.0,1.0,9999.0,2,2012,,4927,3,1,901.0,99,6,,,
4927,11,12,2,16,9,1,1,1,23,9,3.0,1.0,1993.0,2,2012,,4928,3,1,901.0,99,6,,,
4928,11,12,2,9,8,2,99,1,29,9,1.0,6.0,1983.0,1,2012,,4929,4,1,805.0,99,6,,,
4929,11,12,2,9,8,2,99,1,30,9,5.0,2.0,1990.0,1,2012,,4930,5,1,805.0,99,6,,,
4930,11,12,2,14,18,2,99,1,27,9,6.0,9.0,1994.0,1,2012,,4931,4,1,1805.0,99,6,,,
4931,11,12,2,14,18,2,99,1,46,9,3.0,99.0,2007.0,1,2012,,4932,8,1,1805.0,99,6,,,
4932,12,12,3,13,1,1,1,1,35,1,12.0,3.0,2010.0,1,2012,,4933,6,1,101.0,99,6,,,
4933,12,12,3,13,1,1,1,1,20,1,4.0,2.0,9999.0,1,2012,,4934,3,1,101.0,99,6,,,
4934,12,12,3,14,20,2,99,1,18,9,4.0,99.0,9999.0,1,2012,,4935,2,1,2011.0,99,6,,,
4935,12,12,3,14,20,2,99,9,999,9,1.0,99.0,9999.0,1,2012,,4936,11,9,2011.0,99,6,,,
4936,12,12,3,14,19,2,99,2,23,1,1.0,3.0,1988.0,1,2012,,4937,3,1,1901.0,99,6,,,
4937,12,12,3,14,19,2,99,1,38,1,4.0,4.0,9999.0,1,2012,,4938,6,1,1901.0,99,6,,,
4938,12,12,3,13,6,2,99,1,30,1,9.0,8.0,9999.0,1,2012,,4939,5,1,608.0,99,6,,,
4939,12,12,3,13,6,2,99,1,47,1,5.0,99.0,9999.0,1,2012,,4940,8,1,608.0,99,6,,,
4940,12,12,3,20,2,2,99,1,30,9,3.0,14.0,1986.0,1,2012,,4941,5,1,203.0,99,6,,,
4941,12,12,3,20,2,2,99,1,37,9,3.0,2.0,2008.0,1,2012,,4942,6,1,203.0,99,6,,,
4942,12,12,3,14,14,2,99,2,23,9,1.0,2.0,1992.0,2,2012,,4943,3,1,1406.0,99,6,,,
4943,12,12,3,17,4,2,99,1,25,9,4.0,5.0,9999.0,1,2012,,4944,4,1,406.0,99,6,,,
4944,12,12,3,17,4,2,99,9,999,9,2.0,6.0,1984.0,1,2012,,4945,11,9,406.0,99,6,,,
4945,7,12,4,19,1,2,99,1,56,9,3.0,3.0,2004.0,1,2012,,4946,10,1,102.0,99,6,,,
4946,7,12,4,19,1,2,99,9,999,9,6.0,2.0,9999.0,1,2012,,4947,11,9,102.0,99,6,,,
4947,7,12,4,21,1,2,99,1,20,9,4.0,1.0,2007.0,1,2012,,4948,3,1,102.0,99,6,,,
4948,7,12,4,21,1,2,99,1,23,9,4.0,4.0,2007.0,1,2012,,4949,3,1,102.0,99,6,,,
4949,7,12,4,3,1,1,12,1,26,9,4.0,5.0,9999.0,2,2012,,4950,4,1,101.0,99,6,,,
4950,7,12,4,10,22,2,99,1,23,9,4.0,1.0,9999.0,1,2012,,4951,3,1,2205.0,99,6,,,
4951,7,12,4,10,22,2,99,1,40,9,4.0,3.0,9999.0,1,2012,,4952,7,1,2205.0,99,6,,,
4952,7,12,4,8,15,2,99,9,999,9,3.0,5.0,9999.0,3,2012,,4953,11,9,1508.0,99,6,,,
4953,7,12,4,17,2,2,99,1,38,1,3.0,3.0,9999.0,2,2012,,4954,6,1,207.0,99,6,,,
4954,7,12,4,0,14,2,99,1,33,1,5.0,2.0,2001.0,1,2012,,4955,5,1,1420.0,99,6,,,
4955,7,12,4,0,14,2,99,1,21,1,4.0,1.0,9999.0,1,2012,,4956,3,1,1420.0,99,6,,,
4956,14,12,5,21,1,2,99,1,35,1,1.0,6.0,9999.0,1,2012,,4957,6,1,102.0,99,6,,,
4957,14,12,5,21,1,2,99,1,19,1,1.0,4.0,2012.0,1,2012,,4958,2,1,102.0,99,6,,,
4958,14,12,5,3,1,1,12,1,30,1,4.0,1.0,2011.0,3,2012,,4959,5,1,101.0,99,6,,,
4959,14,12,5,10,22,1,3,1,18,1,1.0,1.0,1985.0,1,2012,,4960,2,1,2201.0,99,6,,,
4960,14,12,5,10,22,1,3,1,16,1,4.0,5.0,2010.0,1,2012,,4961,2,2,2201.0,99,6,,,
4961,14,12,5,22,20,2,99,2,19,1,4.0,99.0,9999.0,3,2012,,4962,2,1,2001.0,99,6,,,
4962,14,12,5,6,5,2,99,1,40,1,6.0,99.0,9999.0,2,2012,,4963,7,1,511.0,99,6,,,
4963,14,12,5,0,11,2,99,1,20,1,4.0,5.0,2012.0,1,2012,,4964,3,1,1104.0,99,6,,,
4964,14,12,5,0,11,2,99,1,56,1,4.0,3.0,2006.0,1,2012,,4965,10,1,1104.0,99,6,,,
4965,14,12,5,7,12,2,99,1,63,1,4.0,99.0,2012.0,3,2012,,4966,10,1,1217.0,99,6,,,
4966,14,12,5,0,13,2,99,1,26,1,12.0,9.0,1991.0,3,2012,,4967,4,1,1306.0,99,6,,,
4967,14,12,5,15,17,2,99,9,999,9,3.0,99.0,9999.0,3,2012,,4968,11,9,1702.0,99,6,,,
4968,14,12,5,2,3,2,99,1,31,1,4.0,3.0,9999.0,2,2012,,4969,5,1,303.0,99,6,,,
4969,15,12,6,1,1,1,1,1,19,2,1.0,2.0,9999.0,2,2012,,4970,2,1,101.0,99,6,,,
4970,15,12,6,9,1,1,15,1,58,2,1.0,4.0,2007.0,1,2012,,4971,10,1,101.0,99,6,,,
4971,15,12,6,9,1,1,15,1,30,1,1.0,4.0,1998.0,1,2012,,4972,5,1,101.0,99,6,,,
4972,15,12,6,4,1,1,12,1,23,2,1.0,2.0,9999.0,1,2012,,4973,3,1,101.0,99,6,,,
4973,15,12,6,4,1,1,12,1,999,2,1.0,99.0,9999.0,1,2012,,4974,11,1,101.0,99,6,,,
4974,15,12,6,19,5,2,99,1,28,2,4.0,3.0,9999.0,3,2012,,4975,4,1,501.0,99,6,,,
4975,15,12,6,0,5,2,99,1,25,2,1.0,3.0,9999.0,2,2012,,4976,4,1,502.0,99,6,,,
4976,15,12,6,0,5,2,99,1,22,2,4.0,1.0,9999.0,2,2012,,4977,3,1,501.0,99,6,,,
4977,15,12,6,18,5,2,99,1,29,1,1.0,2.0,2005.0,3,2012,,4978,4,1,505.0,99,6,,,
4978,15,12,6,16,6,2,99,1,32,2,6.0,16.0,9999.0,2,2012,,4979,5,1,606.0,99,6,,,
4979,15,12,6,19,9,2,99,9,999,9,3.0,99.0,9999.0,1,2012,,4980,11,9,920.0,99,6,,,
4980,15,12,6,19,9,2,99,1,999,1,4.0,99.0,9999.0,1,2012,,4981,11,1,920.0,99,6,,,
4981,15,12,6,15,9,2,99,1,39,2,1.0,5.0,2008.0,2,2012,,4982,6,1,919.0,99,6,,,
4982,15,12,6,23,9,2,99,1,62,1,3.0,3.0,9999.0,3,2012,,4983,10,1,914.0,99,6,,,
4983,15,12,6,18,12,2,99,1,35,2,3.0,1.0,9999.0,1,2012,,4984,6,1,1201.0,99,6,,,
4984,15,12,6,18,12,2,99,1,37,1,12.0,6.0,9999.0,1,2012,,4985,6,1,1201.0,99,6,,,
4985,15,12,6,19,13,2,99,1,999,1,3.0,6.0,9999.0,3,2012,,4986,11,1,1324.0,99,6,,,
4986,15,12,6,1,2,2,99,1,36,1,4.0,2.0,9999.0,3,2012,,4987,6,1,202.0,99,6,,,
4987,15,12,6,0,14,2,99,1,31,2,6.0,2.0,9999.0,1,2012,,4988,5,1,1406.0,99,6,,,
4988,15,12,6,0,14,2,99,1,24,1,3.0,9.0,1993.0,1,2012,,4989,3,1,1406.0,99,6,,,
4989,15,12,6,20,4,2,99,9,999,9,3.0,3.0,9999.0,3,2012,,4990,11,9,407.0,99,6,,,
4990,15,12,6,5,4,2,99,9,999,9,3.0,1.0,9999.0,1,2012,,4991,11,9,409.0,99,6,,,
4991,15,12,6,5,4,2,99,9,999,9,1.0,4.0,9999.0,1,2012,,4992,11,9,409.0,99,6,,,
4992,15,12,6,17,3,2,99,1,33,1,4.0,1.0,2013.0,3,2012,,4993,5,1,304.0,99,6,,,
4993,15,12,6,23,3,2,99,1,38,1,4.0,5.0,9999.0,3,2012,,4994,6,1,301.0,99,6,,,
4994,15,12,6,8,3,2,99,1,48,2,3.0,3.0,9999.0,1,2012,,4995,8,1,304.0,99,6,,,
4995,15,12,6,8,3,2,99,1,999,9,4.0,2.0,9999.0,1,2012,,4996,11,1,304.0,99,6,,,
4996,15,12,6,17,1,1,11,1,999,9,99.0,99.0,9999.0,1,2012,,4997,11,1,101.0,99,6,,,
4997,15,12,6,17,1,1,11,1,39,9,4.0,99.0,9999.0,1,2012,,4998,6,1,101.0,99,6,,,
4998,15,12,6,20,1,2,99,1,23,9,4.0,99.0,9999.0,3,2012,,4999,3,1,117.0,99,6,,,
4999,16,12,7,2,1,1,1,1,56,1,1.0,6.0,1998.0,1,2012,,5000,10,1,101.0,99,6,,,
5000,16,12,7,2,1,1,1,2,20,1,1.0,1.0,2007.0,1,2012,,5001,3,1,101.0,99,6,,,
5001,16,12,7,10,1,1,6,9,999,9,14.0,99.0,9999.0,3,2012,,5002,11,9,101.0,99,6,,,
5002,16,12,7,4,1,1,19,9,999,9,12.0,1.0,9999.0,1,2012,,5003,11,9,101.0,99,6,,,
5003,16,12,7,4,1,1,19,2,24,1,1.0,2.0,1992.0,1,2012,,5004,3,1,101.0,99,6,,,
5004,16,12,7,16,22,2,99,1,42,1,3.0,99.0,2007.0,1,2012,,5005,7,1,2216.0,99,6,,,
5005,16,12,7,16,22,2,99,1,24,1,4.0,1.0,2007.0,1,2012,,5006,3,1,2216.0,99,6,,,
5006,16,12,7,22,22,2,99,1,35,2,2.0,3.0,2003.0,2,2012,,5007,6,1,2216.0,99,6,,,
5007,16,12,7,20,21,2,99,1,18,1,3.0,4.0,9999.0,1,2012,,5008,2,1,2107.0,99,6,,,
5008,16,12,7,20,21,2,99,1,29,1,1.0,5.0,9999.0,1,2012,,5009,4,1,2107.0,99,6,,,
5009,16,12,7,14,20,2,99,1,23,1,99.0,99.0,9999.0,2,2012,,5010,3,1,2009.0,99,6,,,
5010,16,12,7,17,5,2,99,1,22,1,99.0,5.0,2012.0,2,2012,,5011,3,1,507.0,99,6,,,
5011,16,12,7,1,6,2,99,1,40,2,9.0,5.0,1991.0,2,2012,,5012,7,1,605.0,99,6,,,
5012,16,12,7,22,18,2,99,1,49,2,1.0,4.0,9999.0,1,2012,,5013,8,1,1801.0,99,6,,,
5013,16,12,7,22,18,2,99,1,26,1,1.0,1.0,9999.0,1,2012,,5014,4,1,1801.0,99,6,,,
5014,17,12,1,1,1,1,1,1,29,2,1.0,2.0,1997.0,1,2012,,5015,4,1,101.0,99,6,,,
5015,17,12,1,1,1,1,1,1,999,1,1.0,1.0,1994.0,1,2012,,5016,11,1,101.0,99,6,,,
5016,17,12,1,8,1,1,1,1,19,1,1.0,4.0,1989.0,1,2012,,5017,2,1,101.0,99,6,,,
5017,17,12,1,8,1,1,1,1,23,1,4.0,99.0,9999.0,1,2012,,5018,3,1,101.0,99,6,,,
5018,17,12,1,17,1,1,21,1,49,2,1.0,2.0,2006.0,1,2012,,5019,8,1,101.0,99,6,,,
5019,17,12,1,17,1,1,21,2,32,1,1.0,6.0,2002.0,1,2012,,5020,5,1,101.0,99,6,,,
5020,17,12,1,1,1,2,99,1,56,2,4.0,5.0,2013.0,1,2012,,5021,10,1,117.0,99,6,,,
5021,17,12,1,1,1,2,99,1,29,2,4.0,1.0,1991.0,1,2012,,5022,4,1,117.0,99,6,,,
5022,17,12,1,19,22,2,99,1,43,2,3.0,14.0,1986.0,1,2012,,5023,7,1,2201.0,99,6,,,
5023,17,12,1,19,22,2,99,2,45,1,1.0,5.0,2000.0,1,2012,,5024,8,1,2201.0,99,6,,,
5024,17,12,1,21,5,2,99,9,999,9,4.0,99.0,9999.0,1,2012,,5025,11,9,509.0,99,6,,,
5025,17,12,1,21,5,2,99,1,19,2,4.0,1.0,9999.0,1,2012,,5026,2,1,509.0,99,6,,,
5026,17,12,1,9,9,2,99,1,48,1,3.0,6.0,1999.0,1,2012,,5027,8,1,909.0,99,6,,,
5027,17,12,1,9,9,2,99,1,22,1,9.0,6.0,2008.0,1,2012,,5028,3,1,909.0,99,6,,,
5028,17,12,1,12,15,2,99,1,46,1,4.0,1.0,2012.0,1,2012,,5029,8,1,1501.0,99,6,,,
5029,17,12,1,12,15,2,99,1,29,1,5.0,2.0,2004.0,1,2012,,5030,4,1,1501.0,99,6,,,
5030,18,12,2,4,1,2,99,1,47,1,2.0,11.0,1995.0,1,2012,,5031,8,1,103.0,99,6,,,
5031,18,12,2,4,1,2,99,1,63,1,1.0,1.0,1994.0,1,2012,,5032,10,1,103.0,99,6,,,
5032,18,12,2,7,1,1,11,1,35,1,12.0,1.0,1991.0,2,2012,,5033,6,1,101.0,99,6,,,
5033,18,12,2,7,7,2,99,1,19,1,3.0,99.0,9999.0,1,2012,,5034,2,1,710.0,99,6,,,
5034,18,12,2,7,7,2,99,9,999,9,5.0,99.0,9999.0,1,2012,,5035,11,9,710.0,99,6,,,
5035,18,12,2,1,3,2,99,1,39,1,2.0,9.0,9999.0,3,2012,,5036,6,1,307.0,99,6,,,
5036,18,12,2,13,22,2,99,1,34,1,3.0,2.0,9999.0,2,2012,,5037,5,1,2201.0,99,6,,,
5037,18,12,2,4,9,2,99,1,23,1,2.0,9.0,9999.0,1,2012,,5038,3,1,919.0,99,6,,,
5038,18,12,2,4,9,2,99,1,23,1,1.0,2.0,2000.0,1,2012,,5039,3,1,919.0,99,6,,,
5039,19,12,3,17,1,1,11,1,32,1,1.0,9.0,9999.0,1,2012,,5040,5,1,101.0,99,6,,,
5040,19,12,3,17,1,1,11,1,24,1,4.0,99.0,9999.0,1,2012,,5041,3,1,101.0,99,6,,,
5041,19,12,3,6,1,1,1,1,23,1,4.0,99.0,9999.0,1,2012,,5042,3,1,115.0,99,6,,,
5042,19,12,3,6,1,1,1,1,37,1,3.0,2.0,9999.0,1,2012,,5043,6,1,115.0,99,6,,,
5043,19,12,3,14,1,1,6,1,34,1,4.0,3.0,9999.0,1,2012,,5044,5,1,108.0,99,6,,,
5044,19,12,3,14,1,1,6,1,34,1,3.0,5.0,9999.0,1,2012,,5045,5,1,108.0,99,6,,,
5045,19,12,3,22,5,2,99,1,30,9,4.0,5.0,9999.0,1,2012,,5046,5,1,511.0,99,6,,,
5046,19,12,3,22,5,2,99,9,999,9,6.0,2.0,9999.0,1,2012,,5047,11,9,511.0,99,6,,,
5047,20,12,4,5,1,1,11,9,999,9,99.0,99.0,9999.0,1,2012,,5048,11,9,101.0,99,6,,,
5048,20,12,4,5,1,1,11,2,27,9,4.0,5.0,9999.0,1,2012,,5049,4,1,101.0,99,6,,,
5049,20,12,4,20,1,1,3,2,21,1,4.0,99.0,9999.0,2,2012,,5050,3,1,116.0,99,6,,,
5050,20,12,4,22,1,2,99,1,45,1,2.0,3.0,9999.0,3,2012,,5051,8,1,110.0,99,6,,,
5051,20,12,4,0,8,2,99,1,27,2,3.0,4.0,2008.0,1,2012,,5052,4,1,805.0,99,6,,,
5052,20,12,4,0,8,2,99,1,40,1,9.0,1.0,9999.0,1,2012,,5053,7,1,805.0,99,6,,,
5053,20,12,4,6,17,2,99,1,34,1,3.0,5.0,9999.0,3,2012,,5054,5,1,1701.0,99,6,,,
5054,20,12,4,17,14,2,99,1,13,1,4.0,5.0,9999.0,1,2012,,5055,1,2,1409.0,99,6,,,
5055,20,12,4,17,14,2,99,9,999,9,9.0,1.0,9999.0,1,2012,,5056,11,9,1409.0,99,6,,,
5056,20,12,4,7,3,2,99,9,999,9,5.0,2.0,9999.0,1,2012,,5057,11,9,308.0,99,6,,,
5057,20,12,4,7,3,2,99,1,34,1,2.0,4.0,9999.0,1,2012,,5058,5,1,308.0,99,6,,,
5058,21,12,5,17,1,1,16,1,27,1,3.0,2.0,9999.0,1,2012,,5059,4,1,101.0,99,6,,,
5059,21,12,5,17,1,1,16,1,30,1,3.0,5.0,9999.0,1,2012,,5060,5,1,101.0,99,6,,,
5060,21,12,5,10,1,1,11,1,43,1,3.0,3.0,2005.0,1,2012,,5061,7,1,101.0,99,6,,,
5061,21,12,5,10,1,1,11,1,49,1,3.0,4.0,2007.0,1,2012,,5062,8,1,101.0,99,6,,,
5062,21,12,5,10,1,1,11,1,26,1,4.0,5.0,2008.0,1,2012,,5063,4,1,101.0,99,6,,,
5063,21,12,5,10,1,1,7,1,31,1,5.0,2.0,9999.0,1,2012,,5064,5,1,101.0,99,6,,,
5064,21,12,5,10,1,1,7,2,50,1,1.0,2.0,9999.0,1,2012,,5065,9,1,101.0,99,6,,,
5065,21,12,5,19,1,1,12,1,24,9,4.0,3.0,9999.0,1,2012,,5066,3,1,101.0,99,6,,,
5066,21,12,5,19,1,1,12,1,24,9,99.0,99.0,9999.0,1,2012,,5067,3,1,101.0,99,6,,,
5067,21,12,5,3,1,1,4,1,43,2,1.0,2.0,2000.0,1,2012,,5068,7,1,108.0,99,6,,,
5068,21,12,5,3,1,1,4,1,40,2,1.0,3.0,1993.0,1,2012,,5069,7,1,108.0,99,6,,,
5069,21,12,5,15,22,2,99,1,24,1,99.0,99.0,9999.0,2,2012,,5070,3,1,2212.0,99,6,,,
5070,21,12,5,13,5,2,99,1,17,1,14.0,1.0,2010.0,2,2012,,5071,2,2,504.0,99,6,,,
5071,21,12,5,13,5,2,99,1,48,1,2.0,5.0,2008.0,2,2012,,5072,8,1,504.0,99,6,,,
5072,21,12,5,1,5,2,99,1,21,2,2.0,99.0,9999.0,2,2012,,5073,3,1,501.0,99,6,,,
5073,21,12,5,15,5,2,99,1,999,9,2.0,99.0,9999.0,2,2012,,5074,11,1,501.0,99,6,,,
5074,21,12,5,19,5,2,99,1,36,9,5.0,2.0,9999.0,1,2012,,5075,6,1,501.0,99,6,,,
5075,21,12,5,19,5,2,99,1,35,9,6.0,1.0,9999.0,1,2012,,5076,6,1,501.0,99,6,,,
5076,21,12,5,15,6,2,99,1,38,1,3.0,3.0,1985.0,1,2012,,5077,6,1,611.0,99,6,,,
5077,21,12,5,15,6,2,99,1,38,1,3.0,1.0,1988.0,1,2012,,5078,6,1,611.0,99,6,,,
5078,21,12,5,9,6,2,99,1,26,1,3.0,99.0,9999.0,2,2012,,5079,4,1,601.0,99,6,,,
5079,21,12,5,6,11,2,99,1,48,2,3.0,4.0,9999.0,2,2012,,5080,8,1,1101.0,99,6,,,
5080,21,12,5,22,9,2,99,1,24,2,1.0,2.0,9999.0,1,2012,,5081,3,1,901.0,99,6,,,
5081,21,12,5,22,9,2,99,1,24,2,1.0,3.0,9999.0,1,2012,,5082,3,1,901.0,99,6,,,
5082,21,12,5,22,9,2,99,1,24,2,3.0,3.0,9999.0,1,2012,,5083,3,1,901.0,99,6,,,
5083,21,12,5,23,9,2,99,1,30,1,3.0,5.0,9999.0,1,2012,,5084,5,1,920.0,99,6,,,
5084,21,12,5,22,13,2,99,1,29,2,3.0,4.0,1993.0,1,2012,,5085,4,1,1308.0,99,6,,,
5085,21,12,5,22,13,2,99,1,27,1,99.0,99.0,9999.0,1,2012,,5086,4,1,1308.0,99,6,,,
5086,21,12,5,22,13,2,99,1,30,1,99.0,99.0,9999.0,1,2012,,5087,5,1,1308.0,99,6,,,
5087,21,12,5,0,8,2,99,1,28,1,3.0,4.0,9999.0,2,2012,,5088,4,1,803.0,99,6,,,
5088,21,12,5,12,16,2,99,1,30,1,4.0,1.0,9999.0,1,2012,,5089,5,1,1601.0,99,6,,,
5089,21,12,5,12,16,2,99,1,30,1,3.0,5.0,9999.0,1,2012,,5090,5,1,1601.0,99,6,,,
5090,21,12,5,15,2,2,99,1,48,1,1.0,6.0,2006.0,1,2012,,5091,8,1,207.0,99,6,,,
5091,21,12,5,15,2,2,99,1,48,1,3.0,1.0,1988.0,1,2012,,5092,8,1,207.0,99,6,,,
5092,21,12,5,1,18,2,99,1,29,1,1.0,11.0,9999.0,1,2012,,5093,4,1,1801.0,99,6,,,
5093,21,12,5,1,18,2,99,1,35,1,1.0,3.0,1995.0,1,2012,,5094,6,1,1801.0,99,6,,,
5094,21,12,5,22,17,2,99,1,20,1,4.0,5.0,9999.0,1,2012,,5095,3,1,1701.0,99,6,,,
5095,21,12,5,9,14,2,99,1,45,2,1.0,3.0,9999.0,1,2012,,5096,8,1,1402.0,99,6,,,
5096,21,12,5,9,14,2,99,1,25,1,5.0,2.0,2012.0,1,2012,,5097,4,1,1402.0,99,6,,,
5097,21,12,5,12,14,2,99,1,42,1,3.0,11.0,9999.0,3,2012,,5098,7,1,1415.0,99,6,,,
5098,21,12,5,20,3,2,99,1,60,1,5.0,2.0,2006.0,1,2012,,5099,10,1,312.0,99,6,,,
5099,21,12,5,20,3,2,99,1,35,9,3.0,6.0,9999.0,1,2012,,5100,6,1,312.0,99,6,,,
5100,22,12,6,16,1,1,1,1,55,1,2.0,11.0,9999.0,1,2012,,5101,10,1,101.0,99,6,,,
5101,22,12,6,16,1,1,1,1,20,1,4.0,5.0,9999.0,1,2012,,5102,3,1,101.0,99,6,,,
5102,22,12,6,20,1,1,6,1,40,1,1.0,2.0,1987.0,1,2012,,5103,7,1,101.0,99,6,,,
5103,22,12,6,20,1,1,6,1,999,1,12.0,3.0,9999.0,1,2012,,5104,11,1,101.0,99,6,,,
5104,22,12,6,18,21,2,99,1,23,2,3.0,1.0,2002.0,1,2012,,5105,3,1,2101.0,99,6,,,
5105,22,12,6,18,21,2,99,1,40,1,2.0,4.0,2005.0,1,2012,,5106,7,1,2101.0,99,6,,,
5106,22,12,6,21,20,2,99,1,65,1,4.0,2.0,2012.0,1,2012,,5107,10,1,2007.0,99,6,,,
5107,22,12,6,21,20,2,99,1,17,1,4.0,1.0,9999.0,1,2012,,5108,2,2,2007.0,99,6,,,
5108,22,12,6,10,19,2,99,1,53,1,6.0,2.0,9999.0,1,2012,,5109,9,1,1906.0,99,6,,,
5109,22,12,6,10,19,2,99,1,46,1,10.0,2.0,9999.0,1,2012,,5110,8,1,1906.0,99,6,,,
5110,22,12,6,19,5,2,99,1,28,1,4.0,4.0,2008.0,3,2012,,5111,4,1,501.0,99,6,,,
5111,22,12,6,14,5,2,99,1,22,1,14.0,1.0,2012.0,1,2012,,5112,3,1,501.0,99,6,,,
5112,22,12,6,14,5,2,99,1,36,1,4.0,3.0,9999.0,1,2012,,5113,6,1,501.0,99,6,,,
5113,22,12,6,9,5,2,99,1,35,1,5.0,2.0,9999.0,3,2012,,5114,6,1,501.0,99,6,,,
5114,22,12,6,7,5,2,99,1,999,1,1.0,9.0,1996.0,1,2012,,5115,11,1,511.0,99,6,,,
5115,22,12,6,19,9,2,99,1,34,1,3.0,5.0,2005.0,2,2012,,5116,5,1,901.0,99,6,,,
5116,22,12,6,22,13,2,99,1,39,2,8.0,11.0,1990.0,1,2012,,5117,6,1,1301.0,99,6,,,
5117,22,12,6,22,13,2,99,2,36,1,4.0,3.0,2005.0,1,2012,,5118,6,1,1301.0,99,6,,,
5118,22,12,6,1,13,2,99,1,24,2,1.0,11.0,2004.0,2,2012,,5119,3,1,1301.0,99,6,,,
5119,22,12,6,10,13,2,99,1,46,2,11.0,99.0,9999.0,2,2012,,5120,8,1,1301.0,99,6,,,
5120,22,12,6,0,2,2,99,1,28,2,5.0,2.0,1992.0,1,2012,,5121,4,1,201.0,99,6,,,
5121,22,12,6,0,2,2,99,1,30,1,1.0,4.0,2013.0,1,2012,,5122,5,1,201.0,99,6,,,
5122,22,12,6,12,18,2,99,1,999,1,3.0,5.0,9999.0,2,2012,,5123,11,1,1805.0,99,6,,,
5123,22,12,6,18,17,2,99,2,43,1,3.0,4.0,2005.0,2,2012,,5124,7,1,1701.0,99,6,,,
5124,22,12,6,9,7,2,99,1,30,1,2.0,5.0,9999.0,3,2012,,5125,5,1,710.0,99,6,,,
5125,23,12,7,17,1,1,7,2,39,2,2.0,5.0,2012.0,1,2012,,5126,6,1,101.0,99,6,,,
5126,23,12,7,17,1,1,7,2,999,1,2.0,4.0,2011.0,1,2012,,5127,11,1,101.0,99,6,,,
5127,23,12,7,22,1,1,12,1,31,2,3.0,5.0,9999.0,1,2012,,5128,5,1,101.0,99,6,,,
5128,23,12,7,22,1,1,12,1,22,1,1.0,5.0,1997.0,1,2012,,5129,3,1,101.0,99,6,,,
5129,23,12,7,22,1,1,12,1,32,1,3.0,3.0,1994.0,1,2012,,5130,5,1,101.0,99,6,,,
5130,23,12,7,0,1,1,5,1,23,2,1.0,10.0,1980.0,1,2012,,5131,3,1,116.0,99,6,,,
5131,23,12,7,0,1,1,5,1,26,1,1.0,11.0,2002.0,1,2012,,5132,4,1,116.0,99,6,,,
5132,23,12,7,6,1,2,99,1,25,1,1.0,4.0,9999.0,3,2012,,5133,4,1,116.0,99,6,,,
5133,23,12,7,9,22,2,99,1,63,1,9.0,1.0,1998.0,1,2012,,5134,10,1,2201.0,99,6,,,
5134,23,12,7,9,22,2,99,1,24,1,1.0,4.0,1999.0,1,2012,,5135,3,1,2201.0,99,6,,,
5135,23,12,7,12,22,2,99,1,24,1,9.0,2.0,2009.0,2,2012,,5136,3,1,2210.0,99,6,,,
5136,23,12,7,16,22,2,99,1,36,2,3.0,4.0,1991.0,1,2012,,5137,6,1,2216.0,99,6,,,
5137,23,12,7,16,22,2,99,1,31,1,1.0,7.0,2003.0,1,2012,,5138,5,1,2216.0,99,6,,,
5138,23,12,7,9,21,1,1,1,16,1,14.0,6.0,2002.0,1,2012,,5139,2,2,2106.0,99,6,,,
5139,23,12,7,9,21,1,1,1,34,1,3.0,1.0,1983.0,1,2012,,5140,5,1,2106.0,99,6,,,
5140,23,12,7,19,19,2,99,1,999,9,6.0,99.0,9999.0,1,2012,,5141,11,1,1904.0,99,6,,,
5141,23,12,7,19,19,2,99,1,999,9,14.0,99.0,9999.0,1,2012,,5142,11,1,1904.0,99,6,,,
5142,23,12,7,10,5,2,99,1,33,2,1.0,2.0,9999.0,1,2012,,5143,5,1,511.0,99,6,,,
5143,23,12,7,10,5,2,99,1,22,1,1.0,16.0,2005.0,1,2012,,5144,3,1,511.0,99,6,,,
5144,23,12,7,17,6,2,99,1,18,1,4.0,8.0,9999.0,1,2012,,5145,2,1,601.0,99,6,,,
5145,23,12,7,17,6,2,99,1,28,1,3.0,4.0,1998.0,1,2012,,5146,4,1,601.0,99,6,,,
5146,23,12,7,18,6,2,99,1,51,1,1.0,9.0,1994.0,1,2012,,5147,9,1,611.0,99,6,,,
5147,23,12,7,18,6,2,99,1,50,1,1.0,2.0,9999.0,1,2012,,5148,9,1,611.0,99,6,,,
5148,23,12,7,16,8,2,99,1,37,2,3.0,4.0,9999.0,3,2012,,5149,6,1,805.0,99,6,,,
5149,23,12,7,1,15,2,99,1,999,2,6.0,1.0,9999.0,1,2012,,5150,11,1,1503.0,99,6,,,
5150,23,12,7,3,14,2,99,1,38,2,3.0,11.0,9999.0,2,2012,,5151,6,1,1401.0,99,6,,,
5151,23,12,7,2,4,1,3,1,32,2,4.0,99.0,9999.0,1,2012,,5152,5,1,401.0,99,6,,,
5152,23,12,7,2,4,1,3,1,21,2,4.0,5.0,9999.0,1,2012,,5153,3,1,401.0,99,6,,,
5153,23,12,7,1,3,2,99,1,22,2,3.0,5.0,9999.0,1,2012,,5154,3,1,301.0,99,6,,,
5154,23,12,7,1,3,2,99,1,999,9,1.0,2.0,2004.0,1,2012,,5155,11,1,301.0,99,6,,,
5155,23,12,7,1,3,2,99,1,999,9,1.0,4.0,2012.0,1,2012,,5156,11,1,301.0,99,6,,,
5156,23,12,7,3,3,2,99,1,21,9,2.0,4.0,1995.0,1,2012,,5157,3,1,308.0,99,6,,,
5157,23,12,7,3,3,2,99,1,999,9,99.0,99.0,9999.0,1,2012,,5158,11,1,308.0,99,6,,,
5158,23,12,7,3,3,2,99,1,999,9,5.0,2.0,9999.0,1,2012,,5159,11,1,308.0,99,6,,,
5159,24,12,1,7,1,1,9,1,27,9,1.0,4.0,9999.0,1,2012,,5160,4,1,101.0,99,6,,,
5160,24,12,1,7,1,1,9,1,27,9,12.0,2.0,9999.0,1,2012,,5161,4,1,101.0,99,6,,,
5161,24,12,1,15,1,2,99,1,25,9,11.0,2.0,9999.0,1,2012,,5162,4,1,102.0,99,6,,,
5162,24,12,1,15,1,2,99,1,34,9,4.0,1.0,9999.0,1,2012,,5163,5,1,102.0,99,6,,,
5163,24,12,1,18,19,2,99,1,50,9,6.0,6.0,9999.0,3,2012,,5164,9,1,1904.0,99,6,,,
5164,24,12,1,9,2,2,99,2,39,9,1.0,11.0,9999.0,1,2012,,5165,6,1,207.0,99,6,,,
5165,24,12,1,9,2,2,99,1,26,9,2.0,9.0,9999.0,1,2012,,5166,4,1,207.0,99,6,,,
5166,25,12,2,9,1,1,6,1,22,2,4.0,5.0,9999.0,2,2012,,5167,3,1,101.0,99,6,,,
5167,25,12,2,6,1,1,4,1,35,9,1.0,3.0,9999.0,2,2012,,5168,6,1,108.0,99,6,,,
5168,25,12,2,1,22,2,99,1,26,9,4.0,1.0,9999.0,1,2012,,5169,4,1,2205.0,99,6,,,
5169,25,12,2,1,22,2,99,1,14,9,4.0,99.0,9999.0,1,2012,,5170,1,2,2205.0,99,6,,,
5170,25,12,2,0,20,2,99,1,21,2,3.0,6.0,1997.0,2,2012,,5171,3,1,2002.0,99,6,,,
5171,25,12,2,19,19,2,99,9,999,9,3.0,2.0,9999.0,1,2012,,5172,11,9,1905.0,99,6,,,
5172,25,12,2,19,19,2,99,2,14,1,4.0,99.0,9999.0,1,2012,,5173,1,2,1905.0,99,6,,,
5173,25,12,2,16,19,2,99,1,21,2,4.0,99.0,9999.0,2,2012,,5174,3,1,1905.0,99,6,,,
5174,25,12,2,18,5,2,99,1,33,1,5.0,2.0,9999.0,1,2012,,5175,5,1,506.0,99,6,,,
5175,25,12,2,18,5,2,99,1,33,1,5.0,2.0,9999.0,1,2012,,5176,5,1,506.0,99,6,,,
5176,25,12,2,5,16,2,99,1,22,2,4.0,99.0,9999.0,3,2012,,5177,3,1,1601.0,99,6,,,
5177,25,12,2,0,15,2,99,1,36,1,2.0,1.0,2000.0,1,2012,,5178,6,1,1507.0,99,6,,,
5178,25,12,2,0,15,2,99,1,18,1,4.0,5.0,9999.0,1,2012,,5179,2,1,1507.0,99,6,,,
5179,25,12,2,18,17,2,99,2,20,1,1.0,5.0,2000.0,1,2012,,5180,3,1,1711.0,99,6,,,
5180,25,12,2,18,17,2,99,1,19,1,4.0,1.0,9999.0,1,2012,,5181,2,1,1711.0,99,6,,,
5181,26,12,3,2,1,2,99,1,20,2,1.0,4.0,2006.0,2,2012,,5182,3,1,102.0,99,6,,,
5182,26,12,3,10,1,1,13,2,24,1,4.0,1.0,9999.0,2,2012,,5183,3,1,101.0,99,6,,,
5183,26,12,3,18,5,2,99,1,35,1,1.0,2.0,9999.0,1,2012,,5184,6,1,501.0,99,6,,,
5184,26,12,3,18,5,2,99,1,34,1,4.0,14.0,9999.0,1,2012,,5185,5,1,501.0,99,6,,,
5185,26,12,3,21,5,2,99,1,34,1,4.0,5.0,9999.0,1,2012,,5186,5,1,502.0,99,6,,,
5186,26,12,3,21,5,2,99,1,35,1,11.0,2.0,9999.0,1,2012,,5187,6,1,502.0,99,6,,,
5187,26,12,3,23,5,2,99,1,27,2,3.0,6.0,2000.0,2,2012,,5188,4,1,501.0,99,6,,,
5188,26,12,3,20,5,2,99,9,999,9,99.0,99.0,9999.0,1,2012,,5189,11,9,511.0,99,6,,,
5189,26,12,3,20,5,2,99,2,29,9,4.0,99.0,9999.0,1,2012,,5190,4,1,511.0,99,6,,,
5190,26,12,3,16,13,2,99,1,30,1,1.0,2.0,1996.0,1,2012,,5191,5,1,1301.0,99,6,,,
5191,26,12,3,16,13,2,99,1,31,1,1.0,5.0,2001.0,1,2012,,5192,5,1,1301.0,99,6,,,
5192,26,12,3,19,13,2,99,1,28,1,4.0,1.0,2007.0,2,2012,,5193,4,1,1320.0,99,6,,,
5193,26,12,3,17,18,2,99,1,29,2,3.0,99.0,9999.0,2,2012,,5194,4,1,1803.0,99,6,,,
5194,26,12,3,12,14,2,99,1,36,1,7.0,99.0,1998.0,4,2012,,5195,6,1,1406.0,99,6,,,
5195,26,12,3,15,4,2,99,1,48,1,3.0,6.0,1994.0,1,2012,,5196,8,1,406.0,99,6,,,
5196,26,12,3,15,4,2,99,1,31,1,4.0,99.0,2002.0,1,2012,,5197,5,1,406.0,99,6,,,
5197,27,12,4,20,1,1,1,1,48,1,1.0,1.0,9999.0,1,2012,,5198,8,1,101.0,99,6,,,
5198,27,12,4,20,1,1,1,1,28,1,4.0,5.0,9999.0,1,2012,,5199,4,1,101.0,99,6,,,
5199,27,12,4,22,5,2,99,1,19,1,4.0,99.0,2012.0,1,2012,,5200,2,1,502.0,99,6,,,
5200,27,12,4,22,5,2,99,1,42,2,4.0,6.0,2012.0,1,2012,,5201,7,1,502.0,99,6,,,
5201,27,12,4,5,13,2,99,9,999,9,3.0,3.0,9999.0,3,2012,,5202,11,9,1326.0,99,6,,,
5202,27,12,4,5,16,2,99,1,38,1,7.0,2.0,9999.0,3,2012,,5203,6,1,1613.0,99,6,,,
5203,28,12,5,6,1,1,2,1,21,1,1.0,5.0,9999.0,2,2012,,5204,3,1,101.0,99,6,,,
5204,28,12,5,15,11,2,99,1,20,1,4.0,5.0,9999.0,1,2012,,5205,3,1,1101.0,99,6,,,
5205,28,12,5,15,11,2,99,2,23,1,4.0,5.0,2012.0,1,2012,,5206,3,1,1101.0,99,6,,,
5206,28,12,5,21,9,1,1,1,29,2,4.0,5.0,9999.0,1,2012,,5207,4,1,901.0,99,6,,,
5207,28,12,5,21,9,1,1,1,41,1,1.0,2.0,2005.0,1,2012,,5208,7,1,901.0,99,6,,,
5208,28,12,5,19,9,2,99,1,51,1,9.0,3.0,9999.0,1,2012,,5209,9,1,917.0,99,6,,,
5209,28,12,5,19,9,2,99,1,21,1,4.0,4.0,9999.0,1,2012,,5210,3,1,917.0,99,6,,,
5210,28,12,5,22,12,2,99,1,46,1,3.0,2.0,9999.0,3,2012,,5211,8,1,1222.0,99,6,,,
5211,29,12,6,4,1,2,99,1,42,1,4.0,7.0,9999.0,3,2012,,5212,7,1,114.0,99,6,,,
5212,29,12,6,0,1,1,7,1,26,1,1.0,6.0,9999.0,1,2012,,5213,4,1,108.0,99,6,,,
5213,29,12,6,0,1,1,7,1,33,1,8.0,5.0,9999.0,1,2012,,5214,5,1,108.0,99,6,,,
5214,29,12,6,12,19,2,99,1,25,1,4.0,2.0,9999.0,2,2012,,5215,4,1,1904.0,99,6,,,
5215,29,12,6,22,5,2,99,1,32,1,4.0,1.0,2011.0,2,2012,,5216,5,1,501.0,99,6,,,
5216,29,12,6,11,10,2,99,9,999,9,3.0,99.0,9999.0,1,2012,,5217,11,9,1002.0,99,6,,,
5217,29,12,6,11,10,2,99,1,19,1,4.0,99.0,9999.0,1,2012,,5218,2,1,1002.0,99,6,,,
5218,29,12,6,2,11,2,99,1,20,2,4.0,3.0,9999.0,2,2012,,5219,3,1,1101.0,99,6,,,
5219,29,12,6,2,11,2,99,1,31,1,1.0,5.0,9999.0,2,2012,,5220,5,1,1101.0,99,6,,,
5220,29,12,6,20,13,1,3,1,18,2,3.0,14.0,9999.0,2,2012,,5221,2,1,1301.0,99,6,,,
5221,29,12,6,20,13,1,3,1,42,1,1.0,3.0,2012.0,2,2012,,5222,7,1,1301.0,99,6,,,
5222,29,12,6,5,16,2,99,1,25,2,1.0,4.0,9999.0,2,2012,,5223,4,1,1601.0,99,6,,,
5223,29,12,6,5,16,2,99,1,999,1,1.0,14.0,9999.0,2,2012,,5224,11,1,1601.0,99,6,,,
5224,29,12,6,6,16,2,99,1,60,1,9.0,6.0,2008.0,1,2012,,5225,10,1,1603.0,99,6,,,
5225,29,12,6,6,16,2,99,1,22,1,4.0,1.0,9999.0,1,2012,,5226,3,1,1603.0,99,6,,,
5226,29,12,6,11,16,2,99,1,28,1,5.0,2.0,1992.0,2,2012,,5227,4,1,1610.0,99,6,,,
5227,29,12,6,14,4,2,99,1,55,1,6.0,6.0,2000.0,1,2012,,5228,10,1,401.0,99,6,,,
5228,29,12,6,14,4,2,99,1,999,1,4.0,3.0,2011.0,1,2012,,5229,11,1,401.0,99,6,,,
5229,30,12,7,3,1,1,1,1,28,2,9.0,1.0,9999.0,1,2012,,5230,4,1,101.0,99,6,,,
5230,30,12,7,3,1,1,1,1,29,1,10.0,2.0,1999.0,1,2012,,5231,4,1,101.0,99,6,,,
5231,30,12,7,6,1,1,6,1,999,2,3.0,4.0,9999.0,2,2012,,5232,11,1,101.0,99,6,,,
5232,30,12,7,23,1,1,5,1,40,2,1.0,3.0,9999.0,1,2012,,5233,7,1,115.0,99,6,,,
5233,30,12,7,23,1,1,5,1,51,2,1.0,5.0,1997.0,1,2012,,5234,9,1,115.0,99,6,,,
5234,30,12,7,20,20,1,1,1,36,2,4.0,1.0,9999.0,1,2012,,5235,6,1,2001.0,99,6,,,
5235,30,12,7,20,20,1,1,1,55,1,4.0,4.0,9999.0,1,2012,,5236,10,1,2001.0,99,6,,,
5236,30,12,7,7,10,2,99,9,999,9,9.0,12.0,1988.0,3,2012,,5237,11,9,1014.0,99,6,,,
5237,30,12,7,15,13,2,99,1,26,2,12.0,2.0,1987.0,2,2012,,5238,4,1,1323.0,99,6,,,
5238,31,12,1,21,1,2,99,2,37,1,4.0,5.0,9999.0,2,2012,,5239,6,1,107.0,99,6,,,
5239,31,12,1,13,1,2,99,1,20,1,4.0,1.0,9999.0,3,2012,,5240,3,1,114.0,99,6,,,
5240,31,12,1,22,22,2,99,1,18,2,4.0,1.0,2012.0,3,2012,,5241,2,1,2215.0,99,6,,,
5241,31,12,1,14,20,2,99,1,22,1,3.0,11.0,2000.0,1,2012,,5242,3,1,2001.0,99,6,,,
5242,31,12,1,14,20,2,99,1,54,1,4.0,14.0,2009.0,1,2012,,5243,9,1,2001.0,99,6,,,
5243,31,12,1,7,9,2,99,9,999,9,1.0,1.0,2008.0,1,2012,,5244,11,9,902.0,99,6,,,
5244,31,12,1,7,9,2,99,1,29,1,3.0,99.0,9999.0,1,2012,,5245,4,1,902.0,99,6,,,
5245,31,12,1,8,9,2,99,1,17,1,3.0,4.0,9999.0,1,2012,,5246,2,2,920.0,99,6,,,
5246,31,12,1,8,9,2,99,9,999,9,9.0,4.0,9999.0,1,2012,,5247,11,9,920.0,99,6,,,
5247,31,12,1,13,18,2,99,1,16,1,4.0,5.0,9999.0,2,2012,,5248,2,2,1804.0,99,6,,,
0,1,1,2,3,1,1,6,1,32,2,,,,2,2013,106.0,1,5,1,,99,6,3.0,99.0,6.0
1,1,1,2,5,1,1,11,1,34,2,,,,2,2013,101.0,2,5,1,,5,5,1.0,2.0,5.0
2,1,1,2,3,1,1,3,1,28,2,,,,1,2013,108.0,3,4,1,,20,6,1.0,4.0,6.0
3,1,1,2,3,1,1,3,1,43,1,,,,1,2013,108.0,4,7,1,,44,4,3.0,6.0,4.0
4,1,1,2,0,19,2,99,1,21,1,,,,2,2013,1901.0,5,3,1,,24,5,4.0,1.0,5.0
5,1,1,2,18,19,2,99,1,19,9,,,,3,2013,1901.0,6,2,1,,44,6,3.0,1.0,6.0
6,1,1,2,0,5,2,99,1,24,1,,,,2,2013,502.0,7,3,1,,2,4,4.0,5.0,4.0
7,1,1,2,11,9,2,99,1,36,2,,,,2,2013,901.0,8,6,1,,44,6,2.0,5.0,6.0
8,1,1,2,1,12,2,99,1,38,1,,,,1,2013,1217.0,9,6,1,,34,3,5.0,6.0,3.0
9,1,1,2,1,12,2,99,9,999,2,,,,1,2013,1217.0,10,11,1,,40,6,4.0,3.0,6.0
10,1,1,2,7,13,2,99,9,999,1,,,,3,2013,1322.0,11,11,1,,44,6,3.0,99.0,6.0
11,1,1,2,8,16,2,99,1,33,2,,,,2,2013,1604.0,12,5,1,,19,3,5.0,2.0,3.0
12,1,1,2,3,18,2,99,1,25,1,,,,2,2013,1801.0,13,4,1,,99,6,4.0,99.0,6.0
13,1,1,2,4,3,2,99,2,25,1,,,,2,2013,301.0,14,4,1,,99,6,4.0,99.0,6.0
14,1,1,2,2,3,2,99,1,22,1,,,,2,2013,308.0,15,3,1,,99,6,4.0,5.0,6.0
15,2,1,3,15,1,1,1,1,40,1,,,,1,2013,101.0,16,7,1,,44,4,3.0,2.0,4.0
16,2,1,3,15,1,1,1,1,26,1,,,,1,2013,101.0,17,4,1,,99,6,4.0,99.0,6.0
17,2,1,3,7,1,1,1,9,999,9,,,,1,2013,101.0,18,11,9,,99,6,12.0,6.0,6.0
18,2,1,3,7,1,1,1,9,999,9,,,,1,2013,101.0,19,11,9,,22,3,12.0,9.0,3.0
19,2,1,3,22,1,1,5,1,49,1,,,,1,2013,101.0,20,8,1,,20,6,10.0,2.0,6.0
20,2,1,3,22,1,1,5,2,45,1,,,,1,2013,101.0,21,8,1,,44,6,1.0,3.0,6.0
21,2,1,3,7,5,2,99,1,52,1,,,,1,2013,501.0,22,9,1,,44,3,5.0,2.0,3.0
22,2,1,3,7,5,2,99,1,32,1,,,,1,2013,501.0,23,5,1,,99,6,4.0,99.0,6.0
23,2,1,3,10,6,2,99,1,35,1,,,,3,2013,611.0,24,6,1,,99,6,12.0,99.0,6.0
24,2,1,3,18,13,1,3,1,36,2,,,,1,2013,1301.0,25,6,1,,40,6,4.0,3.0,6.0
25,2,1,3,18,13,1,3,1,999,2,,,,1,2013,1301.0,26,11,9,,99,6,4.0,99.0,6.0
26,2,1,3,10,16,2,99,1,42,1,,,,3,2013,1608.0,27,7,1,,13,3,12.0,7.0,3.0
27,3,1,4,11,1,1,10,1,24,1,,,,1,2013,101.0,28,3,1,,99,6,12.0,1.0,6.0
28,3,1,4,11,1,1,10,1,64,1,,,,1,2013,101.0,29,10,1,,3,3,12.0,1.0,3.0
29,3,1,4,21,1,1,6,1,39,2,,,,1,2013,108.0,30,6,1,,34,6,3.0,2.0,6.0
30,3,1,4,21,1,1,6,1,40,1,,,,1,2013,108.0,31,7,1,,32,6,3.0,11.0,6.0
31,3,1,4,14,5,1,3,1,31,1,,,,1,2013,501.0,32,5,1,,99,6,5.0,2.0,6.0
32,3,1,4,14,5,1,3,1,22,1,,,,1,2013,501.0,33,3,1,,99,6,4.0,99.0,6.0
33,3,1,4,19,9,2,99,1,56,2,,,,1,2013,917.0,34,10,1,,11,6,2.0,9.0,6.0
34,3,1,4,19,9,2,99,1,56,2,,,,1,2013,917.0,35,10,1,,99,6,4.0,1.0,6.0
35,3,1,4,20,13,2,99,1,27,1,,,,3,2013,1301.0,36,4,1,,44,6,3.0,3.0,6.0
36,3,1,4,22,2,2,99,1,60,1,,,,1,2013,203.0,37,10,1,,20,6,9.0,2.0,6.0
37,3,1,4,22,2,2,99,1,30,1,,,,1,2013,203.0,38,5,1,,15,3,6.0,4.0,3.0
38,3,1,4,16,7,2,99,1,65,1,,,,3,2013,701.0,39,10,1,,20,6,9.0,4.0,6.0
39,4,1,5,17,1,1,9,1,26,2,,,,1,2013,101.0,40,4,1,,32,6,1.0,2.0,6.0
40,4,1,5,17,1,1,9,1,22,1,,,,1,2013,101.0,41,3,1,,42,6,4.0,5.0,6.0
41,4,1,5,7,1,1,18,1,39,9,,,,3,2013,101.0,42,6,1,,99,6,4.0,99.0,6.0
42,4,1,5,6,20,2,99,1,47,1,,,,1,2013,2008.0,43,8,1,,99,6,13.0,7.0,6.0
43,4,1,5,6,20,2,99,1,71,1,,,,1,2013,2008.0,44,10,1,,99,2,1.0,2.0,2.0
44,4,1,5,15,5,2,99,1,42,9,,,,1,2013,501.0,45,7,1,,21,6,1.0,4.0,6.0
45,4,1,5,15,5,2,99,9,999,9,,,,1,2013,501.0,46,11,9,,15,6,6.0,5.0,6.0
46,4,1,5,8,10,1,1,1,41,1,,,,1,2013,1001.0,47,7,1,,42,6,8.0,2.0,6.0
47,4,1,5,8,10,1,1,1,37,1,,,,1,2013,1001.0,48,6,1,,2,6,4.0,5.0,6.0
48,4,1,5,20,9,1,7,2,39,1,,,,1,2013,901.0,49,6,1,,42,4,2.0,4.0,4.0
49,4,1,5,20,9,1,7,9,999,9,,,,1,2013,901.0,50,11,9,,44,2,3.0,3.0,2.0
50,4,1,5,18,15,2,99,1,46,9,,,,3,2013,1501.0,51,8,1,,99,6,1.0,99.0,6.0
51,4,1,5,14,2,2,99,9,999,9,,,,4,2013,205.0,52,11,9,,99,2,3.0,9.0,2.0
52,4,1,5,17,7,2,99,1,46,9,,,,3,2013,701.0,53,8,1,,42,6,2.0,14.0,6.0
53,5,1,6,8,1,2,99,1,47,9,,,,1,2013,103.0,54,8,1,,37,3,5.0,2.0,3.0
54,5,1,6,8,1,2,99,1,30,9,,,,1,2013,103.0,55,5,1,,32,6,1.0,3.0,6.0
55,5,1,6,12,20,2,99,1,17,9,,,,1,2013,2001.0,56,2,2,,99,6,4.0,9.0,6.0
56,5,1,6,12,20,2,99,9,999,9,,,,1,2013,2001.0,57,11,9,,99,6,5.0,6.0,6.0
57,5,1,6,8,10,2,99,1,57,9,,,,1,2013,1001.0,58,10,1,,15,3,5.0,3.0,3.0
58,5,1,6,8,10,2,99,1,34,9,,,,1,2013,1001.0,59,5,1,,2,5,4.0,3.0,5.0
59,5,1,6,7,9,2,99,9,999,9,,,,4,2013,919.0,60,11,9,,99,6,7.0,99.0,6.0
60,5,1,6,9,13,2,99,9,999,9,,,,2,2013,1301.0,61,11,9,,44,6,3.0,1.0,6.0
61,5,1,6,23,2,2,99,1,38,9,,,,1,2013,201.0,62,6,1,,15,3,6.0,6.0,3.0
62,5,1,6,23,2,2,99,1,28,9,,,,1,2013,201.0,63,4,1,,18,6,5.0,2.0,6.0
63,5,1,6,16,18,2,99,1,53,9,,,,1,2013,1804.0,64,9,1,,44,3,2.0,4.0,3.0
64,5,1,6,16,18,2,99,1,45,1,,,,1,2013,1804.0,65,8,1,,23,6,5.0,2.0,6.0
65,6,1,7,9,1,1,1,1,37,1,,,,1,2013,101.0,66,6,1,,44,6,3.0,2.0,6.0
66,6,1,7,9,1,1,1,1,23,1,,,,1,2013,101.0,67,3,1,,34,6,9.0,7.0,6.0
67,6,1,7,0,1,1,9,1,29,9,,,,2,2013,101.0,68,4,1,,32,6,1.0,5.0,6.0
68,6,1,7,8,19,1,99,1,19,1,,,,3,2013,1907.0,69,2,1,,42,6,4.0,99.0,6.0
69,6,1,7,11,5,1,99,1,28,1,,,,1,2013,501.0,70,4,1,,15,3,6.0,2.0,3.0
70,6,1,7,11,5,1,99,1,88,9,,,,1,2013,501.0,71,10,1,,42,6,4.0,1.0,6.0
71,6,1,7,19,10,1,4,1,24,2,,,,3,2013,1001.0,72,3,1,,99,4,4.0,4.0,4.0
72,6,1,7,23,11,1,6,1,34,2,,,,2,2013,1101.0,73,5,1,,23,6,3.0,4.0,6.0
73,6,1,7,17,13,1,99,1,19,2,,,,2,2013,1301.0,74,2,1,,44,6,2.0,5.0,6.0
74,6,1,7,17,13,1,99,9,999,9,,,,2,2013,1301.0,75,11,9,,44,6,9.0,3.0,6.0
75,6,1,7,0,8,2,99,9,999,9,,,,3,2013,805.0,76,11,9,,99,6,7.0,11.0,6.0
76,6,1,7,20,2,2,99,1,35,1,,,,3,2013,203.0,77,6,1,,46,4,1.0,2.0,4.0
77,6,1,7,22,14,2,99,1,43,9,,,,1,2013,1404.0,78,7,1,,44,3,3.0,2.0,3.0
78,6,1,7,22,14,2,99,1,21,9,,,,1,2013,1404.0,79,3,1,,34,3,9.0,9.0,3.0
79,6,1,7,13,4,2,99,9,999,9,,,,2,2013,403.0,80,11,9,,44,3,3.0,4.0,3.0
80,7,1,1,5,1,1,12,1,64,9,,,,1,2013,101.0,81,10,1,,29,3,6.0,1.0,3.0
81,7,1,1,17,22,1,1,1,25,9,,,,2,2013,2201.0,82,4,1,,32,6,1.0,3.0,6.0
82,7,1,1,17,22,1,1,1,24,9,,,,2,2013,2201.0,83,3,1,,44,6,9.0,2.0,6.0
83,7,1,1,19,22,2,99,2,26,1,,,,3,2013,2201.0,84,4,1,,5,4,2.0,9.0,4.0
84,7,1,1,13,10,2,99,1,18,1,,,,3,2013,1015.0,85,2,1,,2,4,14.0,1.0,4.0
85,7,1,1,15,9,2,99,1,24,9,,,,3,2013,921.0,86,3,1,,2,5,4.0,99.0,5.0
86,7,1,1,11,8,2,99,1,40,1,,,,1,2013,805.0,87,7,1,,44,6,3.0,99.0,6.0
87,7,1,1,11,8,2,99,1,35,1,,,,1,2013,805.0,88,6,1,,99,6,5.0,99.0,6.0
88,7,1,1,2,3,1,1,1,19,9,,,,2,2013,314.0,89,2,1,,99,6,4.0,1.0,6.0
89,8,1,2,12,19,2,99,1,23,9,,,,3,2013,1901.0,90,3,1,,99,6,14.0,99.0,6.0
90,8,1,2,11,1,1,7,1,39,1,,,,1,2013,117.0,91,6,1,,22,6,5.0,2.0,6.0
91,8,1,2,11,1,1,7,1,34,1,,,,1,2013,117.0,92,5,1,,99,6,4.0,99.0,6.0
92,8,1,2,6,4,2,99,1,36,9,,,,1,2013,416.0,93,6,1,,44,6,3.0,3.0,6.0
93,8,1,2,6,4,2,99,1,29,9,,,,1,2013,416.0,94,4,1,,99,6,5.0,2.0,6.0
94,8,1,2,6,4,2,99,9,999,9,,,,1,2013,416.0,95,11,9,,5,6,3.0,6.0,6.0
95,8,1,2,6,4,2,99,9,999,9,,,,1,2013,416.0,96,11,9,,99,6,12.0,99.0,6.0
96,8,1,2,17,19,2,99,9,999,9,,,,1,2013,1908.0,97,11,9,,2,6,14.0,1.0,6.0
97,8,1,2,19,12,2,99,9,999,9,,,,2,2013,1222.0,98,11,9,,44,6,3.0,9.0,6.0
98,9,1,3,7,1,1,11,1,28,1,,,,1,2013,101.0,99,4,1,,22,6,12.0,99.0,6.0
99,9,1,3,7,1,1,11,1,47,1,,,,1,2013,101.0,100,8,1,,32,6,12.0,1.0,6.0
100,9,1,3,8,7,2,99,9,999,9,,,,3,2013,704.0,101,11,9,,44,6,9.0,2.0,6.0
101,10,1,4,8,1,1,11,1,40,2,,,,1,2013,101.0,102,7,1,,5,2,3.0,1.0,2.0
102,10,1,4,8,1,1,11,2,63,1,,,,1,2013,101.0,103,10,1,,4,4,2.0,5.0,4.0
103,10,1,4,15,1,1,21,2,38,1,,,,1,2013,101.0,104,6,1,,34,6,2.0,3.0,6.0
104,10,1,4,15,1,1,21,1,20,1,,,,1,2013,101.0,105,3,1,,42,4,4.0,1.0,4.0
105,10,1,4,11,20,2,99,1,56,1,,,,3,2013,2004.0,106,10,1,,34,6,3.0,6.0,6.0
106,10,1,4,7,6,2,99,1,36,1,,,,1,2013,601.0,107,6,1,,34,4,9.0,4.0,4.0
107,10,1,4,7,6,2,99,9,999,9,,,,1,2013,601.0,108,11,9,,21,4,1.0,4.0,4.0
108,10,1,4,20,10,2,99,2,27,2,,,,1,2013,1001.0,109,4,1,,34,3,1.0,2.0,3.0
109,10,1,4,20,10,2,99,1,34,1,,,,1,2013,1001.0,110,5,1,,2,5,14.0,1.0,5.0
110,10,1,4,20,10,2,99,1,25,1,,,,3,2013,1001.0,111,4,1,,2,6,4.0,5.0,6.0
111,10,1,4,14,12,2,99,1,19,1,,,,1,2013,1202.0,112,2,1,,44,4,9.0,99.0,4.0
112,10,1,4,14,12,2,99,1,37,1,,,,1,2013,1202.0,113,6,1,,44,5,9.0,3.0,5.0
113,10,1,4,4,16,2,99,1,32,2,,,,1,2013,1609.0,114,5,1,,34,4,1.0,2.0,4.0
114,10,1,4,4,16,2,99,1,45,1,,,,1,2013,1609.0,115,8,1,,20,4,2.0,4.0,4.0
115,10,1,4,20,14,1,1,1,23,2,,,,2,2013,1401.0,116,3,1,,44,2,3.0,8.0,2.0
116,10,1,4,5,4,2,99,1,24,1,,,,2,2013,401.0,117,3,1,,2,6,4.0,1.0,6.0
117,11,1,5,9,1,1,1,2,36,1,,,,1,2013,101.0,118,6,1,,34,6,1.0,4.0,6.0
118,11,1,5,9,1,1,1,2,999,1,,,,1,2013,101.0,119,11,1,,24,6,4.0,1.0,6.0
119,11,1,5,7,1,2,99,1,24,1,,,,1,2013,102.0,120,3,1,,13,6,5.0,2.0,6.0
120,11,1,5,7,1,2,99,1,999,1,,,,1,2013,102.0,121,11,1,,4,6,1.0,2.0,6.0
121,11,1,5,1,1,1,11,1,42,1,,,,2,2013,101.0,122,7,1,,21,6,1.0,4.0,6.0
122,11,1,5,19,1,1,6,1,30,1,,,,1,2013,115.0,123,5,1,,44,6,3.0,1.0,6.0
123,11,1,5,19,1,1,6,1,54,1,,,,1,2013,115.0,124,9,1,,19,6,5.0,2.0,6.0
124,11,1,5,18,5,2,99,1,34,1,,,,1,2013,509.0,125,5,1,,2,6,4.0,9.0,6.0
125,11,1,5,18,5,2,99,1,58,1,,,,1,2013,509.0,126,10,1,,99,6,99.0,99.0,6.0
126,11,1,5,8,10,2,99,1,30,1,,,,1,2013,1002.0,127,5,1,,44,3,1.0,6.0,3.0
127,11,1,5,8,10,2,99,1,35,1,,,,1,2013,1002.0,128,6,1,,40,5,4.0,1.0,5.0
128,11,1,5,4,12,2,99,1,29,2,,,,2,2013,1201.0,129,4,1,,34,3,3.0,2.0,3.0
129,11,1,5,5,16,2,99,9,999,9,,,,1,2013,1613.0,130,11,9,,99,6,5.0,99.0,6.0
130,11,1,5,5,16,2,99,9,999,9,,,,1,2013,1613.0,131,11,9,,99,6,9.0,2.0,6.0
131,11,1,5,16,18,2,99,1,31,2,,,,2,2013,1805.0,132,5,1,,13,6,5.0,5.0,6.0
132,11,1,5,16,18,2,99,1,43,1,,,,1,2013,1801.0,133,7,1,,32,4,1.0,1.0,4.0
133,11,1,5,16,18,2,99,1,44,1,,,,1,2013,1801.0,134,7,1,,14,5,4.0,1.0,5.0
134,11,1,5,19,7,2,99,1,20,1,,,,1,2013,706.0,135,3,1,,5,6,1.0,2.0,6.0
135,11,1,5,19,7,2,99,1,37,1,,,,1,2013,706.0,136,6,1,,20,4,2.0,4.0,4.0
136,12,1,6,23,1,1,1,1,31,2,,,,1,2013,101.0,137,5,1,,37,3,1.0,4.0,3.0
137,12,1,6,23,1,1,1,1,52,1,,,,1,2013,101.0,138,9,1,,5,4,10.0,2.0,4.0
138,12,1,6,1,1,1,1,1,29,2,,,,2,2013,101.0,139,4,1,,17,3,1.0,5.0,3.0
139,12,1,6,21,1,1,1,1,38,1,,,,1,2013,101.0,140,6,1,,99,6,12.0,2.0,6.0
140,12,1,6,21,1,1,1,1,31,1,,,,1,2013,101.0,141,5,1,,99,6,11.0,99.0,6.0
141,12,1,6,9,1,1,18,1,40,1,,,,1,2013,101.0,142,7,1,,99,6,4.0,99.0,6.0
142,12,1,6,9,1,1,18,1,20,1,,,,1,2013,101.0,143,3,1,,21,6,4.0,5.0,6.0
143,12,1,6,18,1,2,99,1,32,1,,,,3,2013,107.0,144,5,1,,99,6,4.0,99.0,6.0
144,12,1,6,21,1,1,13,9,999,9,,,,1,2013,101.0,145,11,9,,99,6,99.0,99.0,6.0
145,12,1,6,21,1,1,13,1,30,1,,,,1,2013,101.0,146,5,1,,2,6,4.0,4.0,6.0
146,12,1,6,2,1,1,21,1,42,2,,,,1,2013,101.0,147,7,1,,44,6,1.0,11.0,6.0
147,12,1,6,2,1,1,21,1,36,1,,,,1,2013,101.0,148,6,1,,21,3,1.0,5.0,3.0
148,12,1,6,23,1,1,12,1,23,2,,,,1,2013,101.0,149,3,1,,44,6,1.0,1.0,6.0
149,12,1,6,23,1,1,12,1,21,1,,,,1,2013,101.0,150,3,1,,37,2,1.0,9.0,2.0
150,12,1,6,23,1,1,12,1,38,1,,,,1,2013,101.0,151,6,1,,34,5,5.0,2.0,5.0
151,12,1,6,19,1,1,7,1,43,1,,,,1,2013,101.0,152,7,1,,44,2,1.0,11.0,2.0
152,12,1,6,19,1,1,7,1,25,1,,,,1,2013,101.0,153,4,1,,99,6,4.0,99.0,6.0
153,12,1,6,9,17,2,99,1,24,1,,,,1,2013,1701.0,154,3,1,,2,4,14.0,99.0,4.0
154,12,1,6,9,17,2,99,1,25,1,,,,1,2013,1701.0,155,4,1,,37,6,2.0,99.0,6.0
155,12,1,6,2,17,2,99,1,34,1,,,,2,2013,1701.0,156,5,1,,99,6,4.0,99.0,6.0
156,13,1,7,20,1,1,7,1,53,2,,,,1,2013,101.0,157,9,1,,13,3,2.0,3.0,3.0
157,13,1,7,20,1,1,7,2,31,1,,,,1,2013,101.0,158,5,1,,9,6,1.0,3.0,6.0
158,13,1,7,15,1,1,4,1,48,1,,,,1,2013,108.0,159,8,1,,99,6,1.0,5.0,6.0
159,13,1,7,15,1,1,4,1,23,1,,,,1,2013,108.0,160,3,1,,99,6,4.0,5.0,6.0
160,13,1,7,18,20,2,99,9,999,9,,,,3,2013,2001.0,161,11,9,,99,6,3.0,99.0,6.0
161,13,1,7,19,5,2,99,9,999,9,,,,1,2013,501.0,162,11,9,,22,6,6.0,99.0,6.0
162,13,1,7,19,5,2,99,1,28,1,,,,1,2013,501.0,163,4,1,,21,6,4.0,99.0,6.0
163,13,1,7,15,6,2,99,1,53,1,,,,1,2013,613.0,164,9,1,,21,6,1.0,11.0,6.0
164,13,1,7,15,6,2,99,9,999,9,,,,1,2013,613.0,165,11,9,,99,1,12.0,99.0,1.0
165,13,1,7,11,6,2,99,1,60,1,,,,2,2013,601.0,166,10,1,,99,6,3.0,1.0,6.0
166,13,1,7,19,10,2,99,1,21,2,,,,1,2013,1002.0,167,3,1,,44,2,3.0,3.0,2.0
167,13,1,7,19,10,2,99,1,30,1,,,,1,2013,1002.0,168,5,1,,23,2,2.0,9.0,2.0
168,13,1,7,3,10,2,99,1,22,1,,,,2,2013,1010.0,169,3,1,,2,4,4.0,1.0,4.0
169,13,1,7,4,12,2,99,1,41,2,,,,2,2013,1201.0,170,7,1,,32,5,4.0,4.0,5.0
170,13,1,7,21,2,2,99,1,40,1,,,,1,2013,201.0,171,7,1,,15,3,6.0,1.0,3.0
171,13,1,7,21,2,2,99,1,59,1,,,,1,2013,201.0,172,10,1,,44,6,2.0,99.0,6.0
172,13,1,7,23,4,2,99,9,999,9,,,,1,2013,403.0,173,11,9,,22,6,5.0,2.0,6.0
173,13,1,7,23,4,2,99,1,32,1,,,,1,2013,403.0,174,5,1,,32,6,1.0,3.0,6.0
174,14,1,1,20,22,2,99,1,37,1,,,,1,2013,2214.0,175,6,1,,44,6,3.0,14.0,6.0
175,14,1,1,20,22,2,99,1,19,1,,,,1,2013,2214.0,176,2,1,,40,6,4.0,3.0,6.0
176,14,1,1,6,5,2,99,1,27,1,,,,2,2013,508.0,177,4,1,,99,6,11.0,2.0,6.0
177,14,1,1,7,6,2,99,1,25,9,,,,3,2013,603.0,178,4,1,,99,6,3.0,5.0,6.0
178,14,1,1,19,13,1,99,1,23,2,,,,2,2013,1301.0,179,3,1,,11,6,3.0,2.0,6.0
179,14,1,1,19,13,1,99,1,36,2,,,,2,2013,1301.0,180,6,1,,11,6,3.0,2.0,6.0
180,14,1,1,12,16,1,1,1,56,1,,,,1,2013,1609.0,181,10,1,,19,6,5.0,2.0,6.0
181,14,1,1,12,16,1,1,1,28,1,,,,1,2013,1609.0,182,4,1,,21,6,1.0,2.0,6.0
182,14,1,1,0,4,2,99,1,32,1,,,,2,2013,416.0,183,5,1,,32,6,1.0,3.0,6.0
183,15,1,2,4,1,1,10,1,31,1,,,,1,2013,101.0,184,5,1,,33,2,5.0,2.0,2.0
184,15,1,2,4,1,1,10,1,34,1,,,,1,2013,101.0,185,5,1,,44,6,9.0,5.0,6.0
185,15,1,2,2,1,2,99,1,29,2,,,,1,2013,116.0,186,4,1,,9,6,1.0,99.0,6.0
186,15,1,2,2,1,2,99,1,23,2,,,,1,2013,116.0,187,3,1,,11,6,1.0,8.0,6.0
187,15,1,2,21,21,1,6,1,27,2,,,,1,2013,2101.0,188,4,1,,42,4,4.0,1.0,4.0
188,15,1,2,21,21,1,6,1,21,9,,,,1,2013,2101.0,189,3,1,,40,4,4.0,1.0,4.0
189,15,1,2,17,20,2,99,1,23,1,,,,1,2013,2001.0,190,3,1,,32,3,1.0,1.0,3.0
190,15,1,2,17,20,2,99,9,999,9,,,,1,2013,2001.0,191,11,9,,44,5,9.0,3.0,5.0
191,15,1,2,16,6,2,99,1,34,1,,,,3,2013,608.0,192,5,1,,99,6,4.0,99.0,6.0
192,15,1,2,19,8,2,99,1,25,2,,,,2,2013,801.0,193,4,1,,44,6,3.0,4.0,6.0
193,15,1,2,2,16,1,7,1,19,1,,,,2,2013,1601.0,194,2,1,,44,2,1.0,10.0,2.0
194,16,1,3,13,1,1,9,2,33,1,,,,1,2013,101.0,195,5,1,,13,6,1.0,3.0,6.0
195,16,1,3,13,1,1,9,1,39,1,,,,1,2013,101.0,196,6,1,,99,6,4.0,3.0,6.0
196,16,1,3,16,1,1,9,2,29,1,,,,1,2013,101.0,197,4,1,,30,6,2.0,3.0,6.0
197,16,1,3,16,1,1,9,1,20,1,,,,1,2013,101.0,198,3,1,,99,6,4.0,5.0,6.0
198,16,1,3,4,1,1,1,1,38,9,,,,2,2013,101.0,199,6,1,,99,6,99.0,99.0,6.0
199,16,1,3,1,1,1,10,2,22,1,,,,1,2013,101.0,200,3,1,,40,5,1.0,4.0,5.0
200,16,1,3,1,1,1,10,1,65,1,,,,1,2013,101.0,201,10,1,,99,1,1.0,11.0,1.0
201,16,1,3,7,1,2,99,1,26,1,,,,1,2013,115.0,202,4,1,,13,6,12.0,99.0,6.0
202,16,1,3,7,1,2,99,1,27,1,,,,1,2013,115.0,203,4,1,,21,6,4.0,99.0,6.0
203,16,1,3,20,5,2,99,9,999,9,,,,1,2013,501.0,204,11,9,,44,6,1.0,3.0,6.0
204,16,1,3,20,5,2,99,1,43,9,,,,1,2013,501.0,205,7,1,,21,6,4.0,1.0,6.0
205,16,1,3,14,10,2,99,1,33,1,,,,3,2013,1018.0,206,5,1,,44,6,3.0,1.0,6.0
206,16,1,3,20,9,2,99,1,28,9,,,,2,2013,902.0,207,4,1,,2,6,4.0,3.0,6.0
207,16,1,3,19,16,2,99,1,29,9,,,,1,2013,1601.0,208,4,1,,37,6,1.0,4.0,6.0
208,16,1,3,19,16,2,99,9,999,9,,,,1,2013,1601.0,209,11,9,,32,3,1.0,2.0,3.0
209,16,1,3,11,2,2,99,1,39,9,,,,1,2013,203.0,210,6,1,,44,6,3.0,5.0,6.0
210,16,1,3,11,2,2,99,9,999,9,,,,1,2013,203.0,211,11,9,,99,6,6.0,2.0,6.0
211,16,1,3,19,7,2,99,1,32,1,,,,1,2013,713.0,212,5,1,,44,6,9.0,1.0,6.0
212,16,1,3,19,7,2,99,1,27,1,,,,1,2013,713.0,213,4,1,,2,6,4.0,1.0,6.0
213,16,1,3,7,4,1,99,1,50,1,,,,1,2013,406.0,214,9,1,,44,6,3.0,1.0,6.0
214,16,1,3,7,4,1,99,1,19,1,,,,1,2013,406.0,215,2,1,,99,6,4.0,1.0,6.0
215,17,1,4,0,1,1,4,1,29,1,,,,1,2013,108.0,216,4,1,,32,5,1.0,1.0,5.0
216,17,1,4,0,1,1,4,1,29,1,,,,1,2013,108.0,217,4,1,,40,5,4.0,1.0,5.0
217,17,1,4,15,1,1,99,1,29,1,,,,1,2013,102.0,218,4,1,,40,5,4.0,1.0,5.0
218,17,1,4,15,1,1,99,1,43,1,,,,1,2013,102.0,219,7,1,,32,4,1.0,6.0,4.0
219,17,1,4,16,1,1,12,1,39,1,,,,1,2013,101.0,220,6,1,,99,6,6.0,99.0,6.0
220,17,1,4,16,1,1,12,1,27,1,,,,1,2013,101.0,221,4,1,,2,6,4.0,5.0,6.0
221,17,1,4,13,5,1,99,1,25,1,,,,1,2013,502.0,222,4,1,,44,4,1.0,5.0,4.0
222,17,1,4,13,5,1,99,1,31,1,,,,1,2013,502.0,223,5,1,,4,5,4.0,5.0,5.0
223,17,1,4,16,6,1,99,1,29,1,,,,1,2013,601.0,224,4,1,,22,6,7.0,7.0,6.0
224,17,1,4,16,6,1,99,1,43,1,,,,1,2013,601.0,225,7,1,,44,4,1.0,3.0,4.0
225,17,1,4,16,6,1,99,1,37,1,,,,1,2013,601.0,226,6,1,,46,4,3.0,11.0,4.0
226,17,1,4,17,12,1,99,1,29,2,,,,2,2013,1218.0,227,4,1,,44,3,2.0,6.0,3.0
227,17,1,4,10,2,2,99,1,23,1,,,,2,2013,201.0,228,3,1,,37,3,3.0,4.0,3.0
228,17,1,4,16,3,2,99,1,22,1,,,,1,2013,304.0,229,3,1,,33,2,5.0,1.0,2.0
229,17,1,4,16,3,2,99,1,42,1,,,,1,2013,304.0,230,7,1,,15,3,6.0,2.0,3.0
230,17,1,4,20,1,2,12,1,50,1,,,,1,2013,101.0,231,9,1,,32,4,1.0,10.0,4.0
231,17,1,4,20,1,2,12,1,20,1,,,,1,2013,101.0,232,3,1,,99,4,4.0,99.0,4.0
232,17,1,4,19,5,2,99,1,54,1,,,,3,2013,501.0,233,9,1,,44,6,3.0,11.0,6.0
233,17,1,4,22,9,2,99,1,52,1,,,,1,2013,922.0,234,9,1,,99,6,4.0,99.0,6.0
234,17,1,4,22,9,2,99,9,999,1,,,,1,2013,922.0,235,11,9,,99,6,99.0,99.0,6.0
235,17,1,4,8,16,2,99,9,999,1,,,,2,2013,1612.0,236,11,9,,99,6,14.0,99.0,6.0
236,18,1,5,18,1,1,7,1,61,1,,,,1,2013,101.0,237,10,1,,44,4,1.0,2.0,4.0
237,18,1,5,18,1,1,7,1,28,1,,,,1,2013,101.0,238,4,1,,30,6,1.0,2.0,6.0
238,18,1,5,22,6,2,99,1,18,9,,,,2,2013,614.0,239,2,1,,32,6,1.0,4.0,6.0
239,18,1,5,2,9,1,3,1,19,2,,,,2,2013,901.0,240,2,1,,99,4,9.0,2.0,4.0
240,18,1,5,14,9,1,1,1,17,1,,,,1,2013,901.0,241,2,2,,42,6,4.0,3.0,6.0
241,18,1,5,14,9,1,1,1,31,1,,,,1,2013,901.0,242,5,1,,32,4,1.0,1.0,4.0
242,18,1,5,21,8,2,99,1,29,1,,,,1,2013,802.0,243,4,1,,23,6,5.0,2.0,6.0
243,18,1,5,21,8,2,99,9,999,9,,,,1,2013,802.0,244,11,9,,44,6,3.0,1.0,6.0
244,18,1,5,12,14,1,1,1,23,1,,,,1,2013,1401.0,245,3,1,,2,5,14.0,1.0,5.0
245,18,1,5,12,14,1,1,9,999,9,,,,1,2013,1401.0,246,11,9,,99,6,12.0,99.0,6.0
246,19,1,6,23,1,1,6,1,23,1,,,,2,2013,101.0,247,3,1,,99,6,4.0,99.0,6.0
247,19,1,6,1,1,1,3,1,31,1,,,,2,2013,115.0,248,5,1,,23,6,3.0,2.0,6.0
248,19,1,6,3,1,1,19,9,999,9,,,,1,2013,101.0,249,11,9,,99,6,1.0,5.0,6.0
249,19,1,6,3,1,1,19,1,20,1,,,,1,2013,101.0,250,3,1,,40,6,4.0,1.0,6.0
250,19,1,6,13,5,2,99,2,32,1,,,,1,2013,502.0,251,5,1,,37,6,1.0,4.0,6.0
251,19,1,6,13,5,2,99,1,16,1,,,,1,2013,502.0,252,2,2,,42,6,4.0,1.0,6.0
252,19,1,6,11,2,2,99,1,55,1,,,,1,2013,201.0,253,10,1,,19,6,5.0,2.0,6.0
253,19,1,6,11,2,2,99,1,26,1,,,,1,2013,201.0,254,4,1,,21,6,1.0,9.0,6.0
254,19,1,6,20,2,2,99,1,43,1,,,,1,2013,208.0,255,7,1,,99,2,3.0,99.0,2.0
255,19,1,6,20,2,2,99,1,13,1,,,,1,2013,208.0,256,1,2,,31,6,4.0,99.0,6.0
256,19,1,6,22,7,2,99,1,38,2,,,,2,2013,706.0,257,6,1,,44,6,3.0,5.0,6.0
257,20,1,7,23,1,1,1,1,33,2,,,,1,2013,101.0,258,5,1,,34,4,1.0,1.0,4.0
258,20,1,7,23,1,1,1,1,57,1,,,,1,2013,101.0,259,10,1,,99,4,3.0,4.0,4.0
259,20,1,7,0,1,1,6,1,22,2,,,,2,2013,101.0,260,3,1,,2,6,4.0,1.0,6.0
260,20,1,7,2,1,1,15,1,24,2,,,,3,2013,101.0,261,3,1,,99,6,4.0,99.0,6.0
261,20,1,7,2,1,1,12,1,26,2,,,,1,2013,101.0,262,4,1,,46,3,1.0,1.0,3.0
262,20,1,7,2,1,1,12,1,29,1,,,,1,2013,101.0,263,4,1,,99,6,1.0,99.0,6.0
263,20,1,7,2,1,1,7,1,21,1,,,,2,2013,101.0,264,3,1,,32,4,1.0,99.0,4.0
264,20,1,7,2,1,2,99,1,40,1,,,,1,2013,115.0,265,7,1,,99,6,2.0,99.0,6.0
265,20,1,7,2,1,2,99,1,27,1,,,,1,2013,115.0,266,4,1,,44,6,1.0,9.0,6.0
266,20,1,7,3,1,2,99,2,32,1,,,,1,2013,116.0,267,5,1,,44,6,1.0,2.0,6.0
267,20,1,7,3,1,2,99,1,26,1,,,,1,2013,116.0,268,4,1,,32,6,1.0,9.0,6.0
268,20,1,7,6,22,2,99,1,19,1,,,,3,2013,2217.0,269,2,1,,99,4,14.0,1.0,4.0
269,20,1,7,16,22,2,99,1,23,2,,,,3,2013,2212.0,270,3,1,,44,2,3.0,5.0,2.0
270,20,1,7,11,20,2,99,1,36,1,,,,1,2013,2007.0,271,6,1,,32,4,1.0,4.0,4.0
271,20,1,7,11,20,2,99,1,48,1,,,,1,2013,2007.0,272,8,1,,32,4,1.0,1.0,4.0
272,20,1,7,2,5,2,99,1,36,1,,,,1,2013,511.0,273,6,1,,99,2,1.0,8.0,2.0
273,20,1,7,2,5,2,99,1,23,1,,,,1,2013,511.0,274,3,1,,99,6,1.0,11.0,6.0
274,20,1,7,7,5,2,99,1,21,1,,,,2,2013,509.0,275,3,1,,99,6,4.0,99.0,6.0
275,20,1,7,0,9,1,1,1,26,1,,,,1,2013,904.0,276,4,1,,44,6,3.0,1.0,6.0
276,20,1,7,0,9,1,1,1,26,1,,,,1,2013,904.0,277,4,1,,44,3,3.0,99.0,3.0
277,20,1,7,14,4,2,99,1,18,1,,,,1,2013,416.0,278,2,1,,44,6,3.0,4.0,6.0
278,20,1,7,14,4,2,99,1,32,1,,,,1,2013,416.0,279,5,1,,41,6,4.0,7.0,6.0
279,21,1,1,0,1,1,5,1,999,2,,,,2,2013,101.0,280,11,1,,34,6,1.0,1.0,6.0
280,21,1,1,16,1,1,25,1,18,9,,,,2,2013,101.0,281,2,1,,42,6,4.0,5.0,6.0
281,21,1,1,12,11,2,99,1,45,1,,,,1,2013,1103.0,282,8,1,,44,2,3.0,5.0,2.0
282,21,1,1,12,11,2,99,1,20,1,,,,1,2013,1103.0,283,3,1,,20,4,1.0,2.0,4.0
283,21,1,1,16,12,2,99,1,45,2,,,,2,2013,1201.0,284,8,1,,44,3,3.0,3.0,3.0
284,21,1,1,19,8,2,99,1,32,1,,,,1,2013,805.0,285,5,1,,15,6,6.0,2.0,6.0
285,21,1,1,19,8,2,99,1,51,1,,,,1,2013,805.0,286,9,1,,44,6,3.0,9.0,6.0
286,21,1,1,12,3,2,99,1,999,9,,,,3,2013,301.0,287,11,1,,44,6,3.0,5.0,6.0
287,22,1,2,16,22,2,99,2,45,1,,,,1,2013,2214.0,288,8,1,,46,4,1.0,5.0,4.0
288,22,1,2,16,22,2,99,1,21,1,,,,1,2013,2214.0,289,3,1,,42,6,4.0,1.0,6.0
289,22,1,2,10,10,2,99,1,34,9,,,,1,2013,1014.0,290,5,1,,15,3,5.0,1.0,3.0
290,22,1,2,10,10,2,99,1,43,9,,,,1,2013,1014.0,291,7,1,,44,6,3.0,2.0,6.0
291,22,1,2,17,4,2,99,1,27,1,,,,1,2013,406.0,292,4,1,,44,2,3.0,1.0,2.0
292,22,1,2,17,4,2,99,1,55,1,,,,1,2013,406.0,293,10,1,,33,2,5.0,2.0,2.0
293,22,1,2,17,4,2,99,1,45,1,,,,1,2013,406.0,294,8,1,,44,5,2.0,2.0,5.0
294,23,1,3,12,1,1,5,1,35,1,,,,2,2013,101.0,295,6,1,,30,4,99.0,2.0,4.0
295,23,1,3,17,1,1,7,1,32,1,,,,1,2013,101.0,296,5,1,,22,3,5.0,2.0,3.0
296,23,1,3,17,1,1,7,1,51,1,,,,1,2013,101.0,297,9,1,,24,6,4.0,1.0,6.0
297,23,1,3,21,1,1,1,1,34,2,,,,1,2013,101.0,298,5,1,,37,3,1.0,4.0,3.0
298,23,1,3,21,1,1,1,2,45,1,,,,1,2013,101.0,299,8,1,,34,6,1.0,99.0,6.0
299,23,1,3,16,1,2,5,1,999,1,,,,1,2013,108.0,300,11,1,,21,6,4.0,1.0,6.0
300,23,1,3,16,1,2,5,9,999,9,,,,1,2013,108.0,301,11,1,,99,6,5.0,99.0,6.0
301,23,1,3,18,12,2,99,9,999,9,,,,3,2013,1209.0,302,11,1,,99,6,3.0,99.0,6.0
302,23,1,3,18,13,1,4,1,61,9,,,,1,2013,1301.0,303,10,1,,44,3,1.0,9.0,3.0
303,23,1,3,18,13,1,4,2,23,9,,,,1,2013,1301.0,304,3,1,,40,6,4.0,1.0,6.0
304,23,1,3,0,13,1,8,2,23,9,,,,1,2013,1301.0,305,3,1,,99,6,1.0,99.0,6.0
305,23,1,3,0,13,1,8,2,23,1,,,,2,2013,1301.0,306,3,1,,2,5,4.0,5.0,5.0
306,23,1,3,20,15,2,99,1,31,1,,,,1,2013,1501.0,307,5,1,,23,3,5.0,2.0,3.0
307,23,1,3,20,15,2,99,1,33,1,,,,1,2013,1501.0,308,5,1,,44,3,1.0,3.0,3.0
308,23,1,3,20,17,2,99,1,33,1,,,,1,2013,1709.0,309,5,1,,32,6,3.0,4.0,6.0
309,23,1,3,14,4,2,99,1,54,1,,,,1,2013,407.0,310,9,1,,44,4,9.0,6.0,4.0
310,23,1,3,14,4,2,99,1,17,1,,,,1,2013,407.0,311,2,2,,16,6,4.0,5.0,6.0
311,23,1,3,14,3,2,99,1,39,1,,,,1,2013,312.0,312,6,1,,15,6,6.0,6.0,6.0
312,23,1,3,14,3,2,99,1,60,1,,,,1,2013,312.0,313,10,1,,99,6,5.0,7.0,6.0
313,24,1,4,8,1,1,9,1,35,1,,,,1,2013,101.0,314,6,1,,21,5,4.0,2.0,5.0
314,24,1,4,8,1,1,9,1,51,1,,,,1,2013,101.0,315,9,1,,99,4,4.0,1.0,4.0
315,24,1,4,17,1,1,12,1,25,1,,,,1,2013,101.0,316,4,1,,9,1,1.0,2.0,1.0
316,24,1,4,17,1,1,12,1,30,1,,,,1,2013,101.0,317,5,1,,21,5,4.0,5.0,5.0
317,24,1,4,16,1,1,11,1,28,1,,,,1,2013,101.0,318,4,1,,99,4,4.0,5.0,4.0
318,24,1,4,16,1,1,11,9,999,9,,,,1,2013,101.0,319,11,9,,99,6,12.0,99.0,6.0
319,24,1,4,21,1,1,4,1,60,2,,,,1,2013,108.0,320,10,1,,42,5,1.0,2.0,5.0
320,24,1,4,21,1,1,4,1,26,1,,,,1,2013,108.0,321,4,1,,30,3,1.0,2.0,3.0
321,24,1,4,12,22,2,99,1,26,1,,,,1,2013,2212.0,322,4,1,,26,2,2.0,11.0,2.0
322,24,1,4,12,22,2,99,1,22,1,,,,1,2013,2212.0,323,3,1,,2,5,14.0,1.0,5.0
323,24,1,4,22,21,2,99,1,22,1,,,,3,2013,2101.0,324,3,1,,44,6,3.0,99.0,6.0
324,24,1,4,0,19,2,99,1,20,1,,,,3,2013,1901.0,325,3,1,,99,6,4.0,99.0,6.0
325,24,1,4,5,6,2,99,1,999,1,,,,3,2013,613.0,326,11,1,,22,6,6.0,2.0,6.0
326,24,1,4,15,13,2,99,1,54,2,,,,1,2013,1306.0,327,9,1,,44,2,2.0,6.0,2.0
327,24,1,4,15,13,2,99,1,30,1,,,,1,2013,1306.0,328,5,1,,44,3,3.0,99.0,3.0
328,24,1,4,1,16,1,3,1,25,2,,,,1,2013,1606.0,329,4,1,,32,3,1.0,16.0,3.0
329,24,1,4,1,16,1,3,9,999,9,,,,1,2013,1606.0,330,11,9,,99,6,3.0,99.0,6.0
330,24,1,4,15,2,2,99,1,49,1,,,,1,2013,207.0,331,8,1,,44,4,3.0,2.0,4.0
331,24,1,4,15,2,2,99,1,54,1,,,,1,2013,207.0,332,9,1,,2,5,4.0,5.0,5.0
332,24,1,4,0,17,2,99,1,30,1,,,,3,2013,1712.0,333,5,1,,42,6,4.0,4.0,6.0
333,24,1,4,19,14,2,99,1,30,1,,,,3,2013,1419.0,334,5,1,,23,6,5.0,2.0,6.0
334,25,1,5,0,1,1,7,1,33,1,,,,3,2013,101.0,335,5,1,,21,6,4.0,5.0,6.0
335,25,1,5,8,1,1,99,1,37,1,,,,1,2013,117.0,336,6,1,,99,4,4.0,9.0,4.0
336,25,1,5,8,1,1,99,1,52,1,,,,1,2013,117.0,337,9,1,,46,4,1.0,2.0,4.0
337,25,1,5,19,20,2,99,1,17,1,,,,1,2013,2001.0,338,2,2,,42,6,4.0,99.0,6.0
338,25,1,5,19,20,2,99,1,80,1,,,,1,2013,2001.0,339,10,1,,99,6,4.0,99.0,6.0
339,25,1,5,19,19,2,99,1,27,1,,,,3,2013,1905.0,340,4,1,,99,6,4.0,99.0,6.0
340,25,1,5,6,5,2,99,1,25,1,,,,2,2013,511.0,341,4,1,,13,4,2.0,4.0,4.0
341,25,1,5,23,11,2,99,1,28,1,,,,2,2013,1102.0,342,4,1,,21,4,4.0,5.0,4.0
342,25,1,5,20,9,2,99,1,22,1,,,,1,2013,920.0,343,3,1,,14,5,4.0,2.0,5.0
343,25,1,5,20,9,2,99,1,44,1,,,,1,2013,920.0,344,7,1,,21,6,4.0,4.0,6.0
344,25,1,5,23,9,1,1,1,20,2,,,,1,2013,901.0,345,3,1,,44,5,1.0,4.0,5.0
345,25,1,5,23,9,1,1,1,20,1,,,,1,2013,901.0,346,3,1,,99,5,4.0,1.0,5.0
346,25,1,5,23,9,1,1,1,47,1,,,,1,2013,901.0,347,8,1,,99,6,3.0,99.0,6.0
347,25,1,5,12,9,2,99,1,42,2,,,,1,2013,921.0,348,7,1,,2,6,14.0,1.0,6.0
348,25,1,5,12,9,2,99,1,30,1,,,,1,2013,921.0,349,5,1,,22,2,7.0,7.0,2.0
349,25,1,5,14,9,1,1,1,44,1,,,,2,2013,901.0,350,7,1,,20,4,1.0,2.0,4.0
350,25,1,5,18,8,2,99,9,999,9,,,,3,2013,801.0,351,11,9,,22,3,12.0,1.0,3.0
351,26,1,6,22,1,1,9,1,35,2,,,,1,2013,101.0,352,6,1,,44,6,1.0,99.0,6.0
352,26,1,6,22,1,1,9,1,30,1,,,,1,2013,101.0,353,5,1,,20,5,1.0,2.0,5.0
353,26,1,6,0,1,1,6,1,22,2,,,,2,2013,101.0,354,3,1,,21,6,4.0,1.0,6.0
354,26,1,6,4,1,1,12,1,28,2,,,,2,2013,101.0,355,4,1,,4,3,1.0,1.0,3.0
355,26,1,6,17,6,2,99,1,49,1,,,,1,2013,609.0,356,8,1,,44,2,3.0,2.0,2.0
356,26,1,6,17,6,2,99,9,999,9,,,,1,2013,609.0,357,11,9,,44,3,3.0,2.0,3.0
357,26,1,6,22,10,2,99,1,34,2,,,,1,2013,1014.0,358,5,1,,44,2,3.0,8.0,2.0
358,26,1,6,22,10,2,99,1,21,1,,,,1,2013,1014.0,359,3,1,,2,4,14.0,1.0,4.0
359,26,1,6,0,11,2,99,1,37,2,,,,1,2013,1105.0,360,6,1,,17,3,1.0,6.0,3.0
360,26,1,6,0,11,2,99,1,22,1,,,,1,2013,1105.0,361,3,1,,44,3,3.0,9.0,3.0
361,26,1,6,11,13,1,2,9,999,9,,,,1,2013,1301.0,362,11,9,,99,6,5.0,2.0,6.0
362,26,1,6,11,13,1,2,1,31,1,,,,1,2013,1301.0,363,5,1,,99,6,4.0,1.0,6.0
363,27,1,7,4,1,1,7,1,29,2,,,,2,2013,101.0,364,4,1,,46,6,1.0,5.0,6.0
364,27,1,7,20,1,1,11,1,28,2,,,,1,2013,101.0,365,4,1,,37,3,1.0,9.0,3.0
365,27,1,7,20,1,1,11,9,999,9,,,,1,2013,101.0,366,11,9,,37,6,10.0,2.0,6.0
366,27,1,7,15,1,2,99,1,40,1,,,,2,2013,115.0,367,7,1,,23,3,3.0,1.0,3.0
367,27,1,7,0,1,2,99,1,17,1,,,,1,2013,116.0,368,2,2,,40,6,4.0,5.0,6.0
368,27,1,7,0,1,2,99,1,37,1,,,,1,2013,116.0,369,6,1,,42,6,4.0,5.0,6.0
369,27,1,7,17,1,1,1,1,22,2,,,,1,2013,101.0,370,3,1,,34,6,5.0,2.0,6.0
370,27,1,7,17,1,1,1,1,59,1,,,,1,2013,101.0,371,10,1,,99,6,12.0,3.0,6.0
371,27,1,7,15,21,1,1,1,23,2,,,,1,2013,2107.0,372,3,1,,23,3,5.0,2.0,3.0
372,27,1,7,15,21,1,1,1,22,1,,,,1,2013,2107.0,373,3,1,,49,5,4.0,5.0,5.0
373,27,1,7,3,20,2,99,1,25,1,,,,1,2013,2008.0,374,4,1,,32,4,1.0,3.0,4.0
374,27,1,7,3,20,2,99,1,67,1,,,,1,2013,2008.0,375,10,1,,44,6,3.0,99.0,6.0
375,27,1,7,21,19,2,99,1,18,1,,,,1,2013,1901.0,376,2,1,,40,4,4.0,3.0,4.0
376,27,1,7,21,19,2,99,1,34,1,,,,1,2013,1901.0,377,5,1,,42,4,4.0,4.0,4.0
377,27,1,7,1,5,2,99,1,23,2,,,,2,2013,509.0,378,3,1,,38,3,1.0,5.0,3.0
378,27,1,7,17,6,2,99,9,999,9,,,,1,2013,614.0,379,11,9,,99,6,4.0,99.0,6.0
379,27,1,7,17,6,2,99,1,28,1,,,,1,2013,614.0,380,4,1,,99,6,4.0,99.0,6.0
380,27,1,7,17,9,1,6,1,32,2,,,,1,2013,901.0,381,5,1,,30,4,9.0,2.0,4.0
381,27,1,7,17,9,1,6,9,999,9,,,,1,2013,901.0,382,11,9,,32,4,1.0,5.0,4.0
382,27,1,7,16,15,2,99,1,55,1,,,,1,2013,1501.0,383,10,1,,34,4,9.0,11.0,4.0
383,27,1,7,16,15,2,99,1,19,1,,,,1,2013,1501.0,384,2,1,,2,6,4.0,5.0,6.0
384,27,1,7,22,2,2,99,1,25,1,,,,1,2013,207.0,385,4,1,,99,3,1.0,2.0,3.0
385,27,1,7,22,2,2,99,1,17,1,,,,1,2013,207.0,386,2,2,,2,6,14.0,1.0,6.0
386,28,1,1,23,1,1,18,1,40,1,,,,1,2013,101.0,387,7,1,,44,6,1.0,9.0,6.0
387,28,1,1,23,1,1,18,1,43,1,,,,1,2013,101.0,388,7,1,,42,6,4.0,4.0,6.0
388,28,1,1,20,1,2,99,1,999,9,,,,3,2013,105.0,389,11,1,,15,6,6.0,7.0,6.0
389,28,1,1,18,1,1,12,9,999,9,,,,1,2013,101.0,390,11,9,,99,6,3.0,99.0,6.0
390,28,1,1,18,1,1,12,1,61,1,,,,1,2013,101.0,391,10,1,,99,6,4.0,99.0,6.0
391,28,1,1,0,21,2,99,1,18,2,,,,4,2013,2103.0,392,2,1,,44,6,3.0,4.0,6.0
392,28,1,1,17,6,2,99,1,21,2,,,,1,2013,603.0,393,3,1,,2,4,14.0,1.0,4.0
393,28,1,1,17,6,2,99,1,999,1,,,,1,2013,603.0,394,11,1,,99,5,14.0,4.0,5.0
394,28,1,1,17,17,2,99,1,56,1,,,,2,2013,1703.0,395,10,1,,42,6,4.0,99.0,6.0
395,28,1,1,16,17,2,99,1,42,1,,,,1,2013,1708.0,396,7,1,,44,3,1.0,11.0,3.0
396,28,1,1,16,17,2,99,1,22,1,,,,1,2013,1708.0,397,3,1,,14,6,4.0,99.0,6.0
397,29,1,2,10,1,1,18,9,999,9,,,,1,2013,101.0,398,11,9,,99,6,5.0,99.0,6.0
398,29,1,2,10,1,1,18,1,24,1,,,,1,2013,101.0,399,3,1,,24,6,4.0,99.0,6.0
399,29,1,2,8,19,2,99,1,44,1,,,,1,2013,1904.0,400,7,1,,15,3,6.0,1.0,3.0
400,29,1,2,8,19,2,99,1,49,1,,,,1,2013,1904.0,401,8,1,,13,6,3.0,1.0,6.0
401,29,1,2,22,11,2,99,1,41,1,,,,3,2013,1101.0,402,7,1,,24,6,4.0,1.0,6.0
402,29,1,2,15,16,2,99,1,24,1,,,,1,2013,1613.0,403,3,1,,42,6,4.0,5.0,6.0
403,29,1,2,15,16,2,99,2,32,1,,,,1,2013,1613.0,404,5,1,,19,6,5.0,2.0,6.0
404,29,1,2,18,18,2,99,1,39,9,,,,2,2013,1801.0,405,6,1,,40,4,4.0,14.0,4.0
405,29,1,2,16,17,2,99,2,20,1,,,,1,2013,1701.0,406,3,1,,99,6,4.0,99.0,6.0
406,29,1,2,16,17,2,99,1,999,1,,,,1,2013,1701.0,407,11,1,,14,6,4.0,5.0,6.0
407,29,1,2,18,17,2,99,1,50,1,,,,1,2013,1701.0,408,9,1,,2,6,4.0,5.0,6.0
408,29,1,2,18,17,2,99,9,999,9,,,,1,2013,1701.0,409,11,9,,44,6,3.0,5.0,6.0
409,30,1,3,22,20,2,99,1,59,1,,,,1,2013,2001.0,410,10,1,,44,6,3.0,2.0,6.0
410,30,1,3,22,20,2,99,1,22,1,,,,1,2013,2001.0,411,3,1,,42,5,4.0,1.0,5.0
411,30,1,3,17,10,2,99,1,36,1,,,,1,2013,1010.0,412,6,1,,26,6,2.0,6.0,6.0
412,30,1,3,17,10,2,99,1,36,1,,,,1,2013,1010.0,413,6,1,,2,6,4.0,5.0,6.0
413,30,1,3,15,11,2,99,1,39,1,,,,1,2013,1101.0,414,6,1,,44,6,2.0,5.0,6.0
414,30,1,3,15,11,2,99,1,38,1,,,,1,2013,1101.0,415,6,1,,2,6,4.0,5.0,6.0
415,30,1,3,16,4,2,99,1,26,2,,,,2,2013,403.0,416,4,1,,44,6,1.0,5.0,6.0
416,31,1,4,20,1,1,5,2,26,1,,,,1,2013,108.0,417,4,1,,33,6,1.0,4.0,6.0
417,31,1,4,20,1,1,5,1,27,1,,,,1,2013,108.0,418,4,1,,42,6,4.0,3.0,6.0
418,31,1,4,19,20,2,99,1,38,2,,,,2,2013,2001.0,419,6,1,,21,6,1.0,5.0,6.0
419,31,1,4,23,10,1,1,1,26,2,,,,2,2013,1001.0,420,4,1,,21,3,1.0,5.0,3.0
420,31,1,4,14,18,2,99,1,20,1,,,,3,2013,1804.0,421,3,1,,99,6,3.0,1.0,6.0
421,31,1,4,14,17,2,99,9,999,9,,,,1,2013,1708.0,422,11,9,,99,6,4.0,99.0,6.0
422,31,1,4,14,17,2,99,1,47,1,,,,1,2013,1708.0,423,8,1,,99,6,4.0,99.0,6.0
423,31,1,4,11,4,2,99,1,999,1,,,,4,2013,412.0,424,11,1,,99,6,1.0,99.0,6.0
424,31,1,4,20,4,2,99,1,29,1,,,,1,2013,409.0,425,4,1,,23,4,5.0,2.0,4.0
425,31,1,4,20,4,2,99,1,999,1,,,,1,2013,409.0,426,11,1,,44,3,3.0,2.0,3.0
426,1,2,5,12,1,1,6,1,78,2,,,,1,2013,101.0,427,10,1,,99,3,3.0,12.0,3.0
427,1,2,5,12,1,1,6,1,999,1,,,,1,2013,101.0,428,11,1,,21,3,1.0,1.0,3.0
428,1,2,5,12,1,1,6,2,999,1,,,,1,2013,101.0,429,11,1,,99,6,1.0,2.0,6.0
429,1,2,5,9,1,1,18,1,22,1,,,,1,2013,101.0,430,3,1,,34,6,1.0,2.0,6.0
430,1,2,5,9,1,1,18,1,37,1,,,,1,2013,101.0,431,6,1,,24,6,4.0,1.0,6.0
431,1,2,5,1,9,2,99,1,54,1,,,,2,2013,917.0,432,9,1,,15,6,6.0,1.0,6.0
432,2,2,6,6,1,1,1,1,29,2,,,,1,2013,101.0,433,4,1,,21,3,1.0,2.0,3.0
433,2,2,6,6,1,1,1,1,29,2,,,,1,2013,101.0,434,4,1,,5,4,1.0,4.0,4.0
434,2,2,6,7,1,1,1,1,61,1,,,,1,2013,101.0,435,10,1,,33,5,12.0,3.0,5.0
435,2,2,6,7,1,1,1,1,28,1,,,,1,2013,101.0,436,4,1,,99,6,4.0,1.0,6.0
436,2,2,6,7,1,1,1,1,17,1,,,,1,2013,101.0,437,2,2,,99,6,4.0,99.0,6.0
437,2,2,6,8,1,1,1,1,18,1,,,,1,2013,101.0,438,2,1,,99,6,4.0,5.0,6.0
438,2,2,6,8,1,1,1,1,39,1,,,,1,2013,101.0,439,6,1,,37,5,1.0,2.0,5.0
439,2,2,6,9,1,1,4,1,31,1,,,,1,2013,101.0,440,5,1,,44,6,3.0,5.0,6.0
440,2,2,6,9,1,1,4,1,45,1,,,,1,2013,101.0,441,8,1,,44,3,1.0,4.0,3.0
441,2,2,6,23,1,1,3,1,22,2,,,,1,2013,101.0,442,3,1,,2,6,4.0,5.0,6.0
442,2,2,6,23,1,1,3,1,43,2,,,,1,2013,101.0,443,7,1,,99,3,2.0,5.0,3.0
443,2,2,6,11,1,1,18,1,50,1,,,,1,2013,101.0,444,9,1,,21,6,4.0,1.0,6.0
444,2,2,6,11,1,1,18,1,999,9,,,,1,2013,101.0,445,11,1,,33,6,12.0,1.0,6.0
445,2,2,6,8,1,2,99,1,22,1,,,,1,2013,113.0,446,3,1,,30,5,2.0,2.0,5.0
446,2,2,6,8,1,2,99,1,999,9,,,,1,2013,113.0,447,11,1,,99,6,1.0,99.0,6.0
447,2,2,6,7,1,1,14,1,999,1,,,,1,2013,102.0,448,11,1,,44,6,3.0,5.0,6.0
448,2,2,6,7,1,1,14,1,32,1,,,,1,2013,102.0,449,5,1,,4,6,1.0,4.0,6.0
449,2,2,6,22,1,1,12,1,999,9,,,,1,2013,101.0,450,11,1,,99,6,1.0,2.0,6.0
450,2,2,6,22,1,1,12,1,40,1,,,,1,2013,101.0,451,7,1,,99,6,4.0,5.0,6.0
451,2,2,6,21,1,1,12,1,40,9,,,,3,2013,101.0,452,7,1,,99,6,4.0,5.0,6.0
452,2,2,6,0,1,1,12,1,22,1,,,,1,2013,101.0,453,3,1,,99,6,4.0,5.0,6.0
453,2,2,6,0,1,1,12,1,999,9,,,,1,2013,101.0,454,11,1,,99,6,1.0,99.0,6.0
454,2,2,6,13,1,1,5,1,999,1,,,,1,2013,115.0,455,11,1,,21,6,4.0,1.0,6.0
455,2,2,6,13,1,1,5,1,999,1,,,,1,2013,115.0,456,11,1,,2,6,4.0,1.0,6.0
456,2,2,6,13,5,2,99,1,20,9,,,,3,2013,502.0,457,3,1,,32,6,1.0,2.0,6.0
457,2,2,6,0,5,1,1,1,21,2,,,,1,2013,501.0,458,3,1,,40,6,4.0,1.0,6.0
458,2,2,6,0,5,1,1,1,999,1,,,,1,2013,501.0,459,11,1,,42,5,4.0,5.0,5.0
459,2,2,6,21,5,1,1,1,25,1,,,,1,2013,501.0,460,4,1,,99,4,4.0,1.0,4.0
460,2,2,6,21,5,1,1,1,32,1,,,,1,2013,501.0,461,5,1,,2,6,4.0,5.0,6.0
461,2,2,6,18,10,1,1,1,25,1,,,,1,2013,1010.0,462,4,1,,44,6,3.0,2.0,6.0
462,2,2,6,18,10,1,1,1,19,1,,,,1,2013,1010.0,463,2,1,,44,2,3.0,3.0,2.0
463,2,2,6,19,11,2,99,1,50,1,,,,1,2013,1101.0,464,9,1,,44,2,3.0,9.0,2.0
464,2,2,6,19,11,2,99,1,31,1,,,,1,2013,1101.0,465,5,1,,42,6,4.0,3.0,6.0
465,2,2,6,19,9,1,3,1,49,1,,,,1,2013,901.0,466,8,1,,44,3,3.0,3.0,3.0
466,2,2,6,19,9,1,3,1,999,2,,,,1,2013,901.0,467,11,1,,11,6,3.0,99.0,6.0
467,2,2,6,16,9,2,99,1,42,9,,,,2,2013,920.0,468,7,1,,21,4,4.0,3.0,4.0
468,2,2,6,0,16,1,4,1,33,2,,,,2,2013,1601.0,469,5,1,,32,3,1.0,5.0,3.0
469,2,2,6,8,18,2,99,1,63,1,,,,1,2013,1805.0,470,10,1,,15,3,6.0,3.0,3.0
470,2,2,6,8,18,2,99,1,33,1,,,,1,2013,1805.0,471,5,1,,44,3,1.0,3.0,3.0
471,2,2,6,8,14,2,99,1,29,2,,,,1,2013,1408.0,472,4,1,,44,2,3.0,11.0,2.0
472,2,2,6,8,14,2,99,1,999,9,,,,1,2013,1408.0,473,11,1,,21,6,4.0,1.0,6.0
473,2,2,6,14,14,2,99,1,30,9,,,,3,2013,1412.0,474,5,1,,44,2,3.0,5.0,2.0
474,2,2,6,11,3,2,99,1,43,1,,,,1,2013,301.0,475,7,1,,34,6,1.0,5.0,6.0
475,2,2,6,11,3,2,99,2,999,1,,,,1,2013,301.0,476,11,1,,24,6,4.0,3.0,6.0
476,3,2,7,3,1,1,15,1,39,1,,,,2,2013,101.0,477,6,1,,12,4,1.0,1.0,4.0
477,3,2,7,0,1,1,12,1,33,1,,,,1,2013,101.0,478,5,1,,32,4,1.0,4.0,4.0
478,3,2,7,0,1,1,12,1,32,1,,,,1,2013,101.0,479,5,1,,21,3,1.0,1.0,3.0
479,3,2,7,23,1,1,4,1,35,1,,,,1,2013,108.0,480,6,1,,99,6,1.0,2.0,6.0
480,3,2,7,23,1,1,4,1,999,9,,,,1,2013,108.0,481,11,1,,33,6,12.0,1.0,6.0
481,3,2,7,14,1,2,99,1,52,9,,,,1,2013,110.0,482,9,1,,42,4,4.0,3.0,4.0
482,3,2,7,14,1,2,99,1,40,9,,,,1,2013,110.0,483,7,1,,99,6,12.0,99.0,6.0
483,3,2,7,14,1,1,2,1,24,1,,,,1,2013,109.0,484,3,1,,44,6,1.0,4.0,6.0
484,3,2,7,14,1,1,2,1,22,1,,,,1,2013,109.0,485,3,1,,21,6,4.0,1.0,6.0
485,3,2,7,16,1,1,3,1,999,1,,,,2,2013,108.0,486,11,1,,33,6,12.0,1.0,6.0
486,3,2,7,9,22,2,99,1,23,1,,,,3,2013,2211.0,487,3,1,,13,3,3.0,5.0,3.0
487,3,2,7,20,21,2,99,1,51,1,,,,1,2013,2101.0,488,9,1,,99,3,6.0,2.0,3.0
488,3,2,7,20,21,2,99,1,16,1,,,,1,2013,2101.0,489,2,2,,99,6,4.0,1.0,6.0
489,3,2,7,12,19,2,99,1,18,1,,,,1,2013,1902.0,490,2,1,,24,6,4.0,5.0,6.0
490,3,2,7,23,5,2,99,1,26,1,,,,1,2013,504.0,491,4,1,,23,6,2.0,3.0,6.0
491,3,2,7,23,5,2,99,1,23,1,,,,1,2013,504.0,492,3,1,,44,6,1.0,5.0,6.0
492,3,2,7,15,5,2,99,1,999,1,,,,1,2013,501.0,493,11,1,,44,3,1.0,6.0,3.0
493,3,2,7,15,5,2,99,1,40,1,,,,1,2013,501.0,494,7,1,,99,6,4.0,1.0,6.0
494,3,2,7,23,6,2,99,1,54,2,,,,1,2013,601.0,495,9,1,,34,2,3.0,11.0,2.0
495,3,2,7,23,6,2,99,1,32,1,,,,1,2013,601.0,496,5,1,,40,4,4.0,3.0,4.0
496,3,2,7,22,9,2,99,1,31,2,,,,1,2013,920.0,497,5,1,,11,2,3.0,11.0,2.0
497,3,2,7,22,9,2,99,1,999,1,,,,1,2013,920.0,498,11,1,,21,6,4.0,4.0,6.0
498,3,2,7,0,9,1,3,1,33,2,,,,1,2013,901.0,499,5,1,,30,6,1.0,11.0,6.0
499,3,2,7,0,9,1,3,1,37,1,,,,1,2013,901.0,500,6,1,,44,3,3.0,4.0,3.0
500,3,2,7,21,12,2,99,1,46,1,,,,1,2013,1201.0,501,8,1,,18,6,5.0,2.0,6.0
501,3,2,7,21,12,2,99,1,24,1,,,,1,2013,1201.0,502,3,1,,14,6,4.0,5.0,6.0
502,3,2,7,20,16,2,99,1,29,1,,,,4,2013,1609.0,503,4,1,,34,4,2.0,2.0,4.0
503,3,2,7,11,16,2,99,1,999,1,,,,4,2013,1605.0,504,11,1,,30,4,12.0,8.0,4.0
504,3,2,7,21,18,2,99,1,43,1,,,,1,2013,1801.0,505,7,1,,23,4,3.0,7.0,4.0
505,3,2,7,21,18,2,99,1,21,1,,,,1,2013,1801.0,506,3,1,,44,6,1.0,4.0,6.0
506,3,2,7,4,18,2,99,1,41,2,,,,1,2013,1804.0,507,7,1,,44,3,3.0,9.0,3.0
507,3,2,7,4,18,2,99,1,34,1,,,,1,2013,1804.0,508,5,1,,34,4,3.0,6.0,4.0
508,3,2,7,5,3,2,99,1,28,2,,,,4,2013,312.0,509,4,1,,99,6,4.0,4.0,6.0
509,4,2,1,6,1,1,6,1,30,1,,,,1,2013,101.0,510,5,1,,99,6,4.0,9.0,6.0
510,4,2,1,6,1,1,6,1,999,9,,,,1,2013,101.0,511,11,1,,99,6,1.0,99.0,6.0
511,4,2,1,23,1,1,6,1,24,9,,,,1,2013,116.0,512,3,1,,2,6,4.0,1.0,6.0
512,4,2,1,23,1,1,6,1,999,9,,,,1,2013,115.0,513,11,1,,99,6,5.0,7.0,6.0
513,4,2,1,0,1,2,99,1,56,1,,,,1,2013,111.0,514,10,1,,44,3,3.0,1.0,3.0
514,4,2,1,0,1,2,99,1,40,1,,,,1,2013,111.0,515,7,1,,2,6,4.0,1.0,6.0
515,4,2,1,19,5,2,99,1,27,1,,,,1,2013,501.0,516,4,1,,13,6,7.0,7.0,6.0
516,4,2,1,19,5,2,99,1,21,1,,,,1,2013,501.0,517,3,1,,24,6,4.0,5.0,6.0
517,4,2,1,15,13,2,99,1,25,2,,,,2,2013,1302.0,518,4,1,,44,6,3.0,3.0,6.0
518,4,2,1,20,13,2,99,1,28,2,,,,1,2013,1302.0,519,4,1,,44,2,3.0,4.0,2.0
519,4,2,1,20,13,2,99,1,21,1,,,,1,2013,1302.0,520,3,1,,36,6,4.0,3.0,6.0
520,4,2,1,0,16,2,99,1,49,2,,,,1,2013,1604.0,521,8,1,,23,4,3.0,1.0,4.0
521,4,2,1,0,16,2,99,1,999,1,,,,1,2013,1604.0,522,11,1,,44,2,3.0,3.0,2.0
522,4,2,1,21,3,2,99,1,41,2,,,,1,2013,302.0,523,7,1,,42,6,2.0,99.0,6.0
523,4,2,1,21,3,2,99,1,32,1,,,,1,2013,302.0,524,5,1,,99,6,4.0,1.0,6.0
524,5,2,2,8,1,1,4,1,25,1,,,,1,2013,101.0,525,4,1,,21,6,4.0,5.0,6.0
525,5,2,2,8,1,1,4,1,49,1,,,,1,2013,101.0,526,8,1,,13,4,1.0,9.0,4.0
526,5,2,2,9,1,1,8,2,999,1,,,,1,2013,108.0,527,11,1,,32,6,1.0,3.0,6.0
527,5,2,2,23,22,2,99,1,23,1,,,,1,2013,2205.0,528,3,1,,15,6,6.0,1.0,6.0
528,5,2,2,23,22,2,99,1,23,2,,,,1,2013,2205.0,529,3,1,,42,6,4.0,7.0,6.0
529,5,2,2,6,22,2,99,1,24,2,,,,2,2013,2202.0,530,3,1,,44,3,3.0,4.0,3.0
530,5,2,2,22,5,2,99,1,18,1,,,,1,2013,502.0,531,2,1,,24,6,4.0,1.0,6.0
531,5,2,2,22,5,2,99,1,20,1,,,,1,2013,502.0,532,3,1,,42,6,4.0,3.0,6.0
532,5,2,2,22,9,2,99,1,37,2,,,,2,2013,914.0,533,6,1,,44,6,3.0,1.0,6.0
533,5,2,2,2,8,2,99,1,33,2,,,,1,2013,801.0,534,5,1,,44,3,3.0,1.0,3.0
534,5,2,2,23,16,2,99,1,30,2,,,,1,2013,1602.0,535,5,1,,34,6,3.0,3.0,6.0
535,5,2,2,23,16,2,99,1,26,1,,,,1,2013,1602.0,536,4,1,,44,2,1.0,8.0,2.0
536,5,2,2,18,17,2,99,1,39,1,,,,1,2013,1708.0,537,6,1,,99,6,4.0,99.0,6.0
537,5,2,2,18,17,2,99,1,999,9,,,,1,2013,1708.0,538,11,1,,99,6,1.0,99.0,6.0
538,5,2,2,8,4,1,1,1,28,1,,,,1,2013,401.0,539,4,1,,21,4,4.0,1.0,4.0
539,5,2,2,8,4,1,1,1,26,1,,,,1,2013,401.0,540,4,1,,1,4,1.0,14.0,4.0
540,6,2,3,1,1,2,6,1,27,2,,,,1,2013,101.0,541,4,1,,37,4,3.0,1.0,4.0
541,6,2,3,1,1,2,6,1,32,1,,,,1,2013,101.0,542,5,1,,42,4,4.0,5.0,4.0
542,6,2,3,17,20,2,99,1,23,1,,,,1,2013,2003.0,543,3,1,,42,6,4.0,5.0,6.0
543,6,2,3,17,20,2,99,1,27,1,,,,1,2013,2003.0,544,4,1,,44,3,3.0,9.0,3.0
544,6,2,3,0,11,2,99,1,39,1,,,,1,2013,1101.0,545,6,1,,15,6,5.0,2.0,6.0
545,6,2,3,0,11,2,99,1,32,2,,,,1,2013,1101.0,546,5,1,,44,6,1.0,14.0,6.0
546,6,2,3,19,9,1,11,1,33,1,,,,1,2013,901.0,547,5,1,,21,4,2.0,3.0,4.0
547,6,2,3,19,9,1,11,1,33,2,,,,1,2013,901.0,548,5,1,,44,4,1.0,4.0,4.0
548,6,2,3,2,9,1,3,1,19,2,,,,2,2013,920.0,549,2,1,,46,3,1.0,6.0,3.0
549,6,2,3,20,18,2,99,1,21,1,,,,1,2013,1801.0,550,3,1,,42,5,4.0,5.0,5.0
550,6,2,3,20,18,2,99,1,24,1,,,,1,2013,1801.0,551,3,1,,21,6,4.0,1.0,6.0
551,7,2,4,2,1,1,13,1,31,2,,,,2,2013,101.0,552,5,1,,4,6,2.0,4.0,6.0
552,7,2,4,12,10,2,99,1,22,1,,,,1,2013,1010.0,553,3,1,,2,5,4.0,1.0,5.0
553,7,2,4,12,10,2,99,1,21,1,,,,1,2013,1010.0,554,3,1,,20,4,1.0,2.0,4.0
554,7,2,4,14,10,2,99,1,62,1,,,,1,2013,1014.0,555,10,1,,5,5,1.0,11.0,5.0
555,7,2,4,14,10,2,99,1,22,1,,,,1,2013,1014.0,556,3,1,,21,4,4.0,1.0,4.0
556,7,2,4,17,18,2,99,1,60,9,,,,1,2013,1804.0,557,10,1,,99,6,4.0,4.0,6.0
557,7,2,4,17,18,2,99,1,999,9,,,,1,2013,1804.0,558,11,1,,99,6,4.0,3.0,6.0
558,7,2,4,22,14,2,99,1,27,2,,,,3,2013,1406.0,559,4,1,,99,6,7.0,99.0,6.0
559,7,2,4,7,4,2,99,9,999,9,,,,1,2013,401.0,560,11,9,,99,6,5.0,99.0,6.0
560,7,2,4,7,4,2,99,2,18,1,,,,1,2013,401.0,561,2,1,,24,6,4.0,1.0,6.0
561,8,2,5,8,1,1,1,1,28,2,,,,1,2013,101.0,562,4,1,,44,4,10.0,2.0,4.0
562,8,2,5,8,1,1,1,1,42,1,,,,1,2013,101.0,563,7,1,,44,6,2.0,5.0,6.0
563,8,2,5,11,1,1,1,1,42,1,,,,1,2013,101.0,564,7,1,,22,6,12.0,99.0,6.0
564,8,2,5,11,1,1,1,1,31,1,,,,1,2013,101.0,565,5,1,,16,6,4.0,99.0,6.0
565,8,2,5,2,1,2,99,1,26,1,,,,2,2013,102.0,566,4,1,,44,6,3.0,6.0,6.0
566,8,2,5,18,1,1,7,1,57,2,,,,2,2013,101.0,567,10,1,,99,6,3.0,2.0,6.0
567,8,2,5,23,1,2,99,1,23,2,,,,1,2013,116.0,568,3,1,,46,4,9.0,3.0,4.0
568,8,2,5,23,1,2,99,1,50,1,,,,1,2013,116.0,569,9,1,,37,3,9.0,4.0,3.0
569,8,2,5,23,20,1,2,1,27,2,,,,2,2013,2001.0,570,4,1,,21,6,1.0,4.0,6.0
570,8,2,5,21,20,2,99,1,32,2,,,,2,2013,2011.0,571,5,1,,13,6,2.0,3.0,6.0
571,8,2,5,23,5,2,99,1,33,2,,,,1,2013,509.0,572,5,1,,99,6,3.0,99.0,6.0
572,8,2,5,23,5,2,99,1,23,2,,,,1,2013,509.0,573,3,1,,99,6,1.0,99.0,6.0
573,8,2,5,10,5,2,99,1,43,1,,,,1,2013,501.0,574,7,1,,37,3,3.0,4.0,3.0
574,8,2,5,10,5,2,99,1,999,1,,,,1,2013,501.0,575,11,1,,99,6,4.0,4.0,6.0
575,8,2,5,7,10,2,99,1,36,1,,,,1,2013,1020.0,576,6,1,,24,6,4.0,1.0,6.0
576,8,2,5,7,10,2,99,1,36,1,,,,1,2013,1020.0,577,6,1,,22,4,5.0,1.0,4.0
577,8,2,5,1,11,1,1,2,29,1,,,,2,2013,1101.0,578,4,1,,99,6,1.0,99.0,6.0
578,8,2,5,22,12,2,99,9,999,9,,,,2,2013,1203.0,579,11,9,,99,6,12.0,99.0,6.0
579,8,2,5,22,18,2,99,1,35,1,,,,1,2013,1801.0,580,6,1,,99,3,12.0,7.0,3.0
580,8,2,5,22,18,2,99,1,999,1,,,,1,2013,1801.0,581,11,1,,42,3,4.0,5.0,3.0
581,8,2,5,8,7,2,99,1,21,1,,,,1,2013,718.0,582,3,1,,2,6,14.0,7.0,6.0
582,8,2,5,8,7,2,99,1,31,1,,,,1,2013,718.0,583,5,1,,41,6,4.0,1.0,6.0
583,9,2,6,9,1,1,8,1,17,1,,,,1,2013,101.0,584,2,2,,44,3,3.0,6.0,3.0
584,9,2,6,9,1,1,8,1,41,1,,,,1,2013,101.0,585,7,1,,20,4,10.0,2.0,4.0
585,9,2,6,20,1,1,8,1,18,9,,,,2,2013,101.0,586,2,1,,44,6,3.0,4.0,6.0
586,9,2,6,2,1,1,17,1,52,2,,,,1,2013,101.0,587,9,1,,32,3,1.0,9.0,3.0
587,9,2,6,2,1,1,17,1,26,1,,,,1,2013,101.0,588,4,1,,32,3,1.0,99.0,3.0
588,9,2,6,3,1,1,17,1,56,2,,,,1,2013,101.0,589,10,1,,46,4,1.0,1.0,4.0
589,9,2,6,3,1,1,17,2,43,1,,,,1,2013,101.0,590,7,1,,46,4,1.0,1.0,4.0
590,9,2,6,18,1,1,5,1,30,1,,,,1,2013,101.0,591,5,1,,44,4,10.0,2.0,4.0
591,9,2,6,18,1,1,5,1,43,1,,,,1,2013,101.0,592,7,1,,42,4,4.0,3.0,4.0
592,9,2,6,11,1,1,7,1,44,9,,,,1,2013,101.0,593,7,1,,37,4,3.0,2.0,4.0
593,9,2,6,11,1,1,7,1,21,9,,,,1,2013,101.0,594,3,1,,24,6,4.0,5.0,6.0
594,9,2,6,6,19,2,99,1,36,1,,,,1,2013,1906.0,595,6,1,,34,6,3.0,99.0,6.0
595,9,2,6,6,19,2,99,1,24,1,,,,1,2013,1906.0,596,3,1,,42,6,4.0,3.0,6.0
596,9,2,6,15,19,2,99,1,52,1,,,,1,2013,1907.0,597,9,1,,44,6,3.0,1.0,6.0
597,9,2,6,15,19,2,99,1,54,1,,,,1,2013,1907.0,598,9,1,,42,6,4.0,1.0,6.0
598,9,2,6,7,11,2,99,1,31,1,,,,1,2013,1102.0,599,5,1,,44,6,2.0,6.0,6.0
599,9,2,6,7,11,2,99,9,999,9,,,,1,2013,1102.0,600,11,9,,99,6,7.0,99.0,6.0
600,9,2,6,19,11,2,99,9,999,9,,,,1,2013,1107.0,601,11,9,,99,6,4.0,99.0,6.0
601,9,2,6,19,11,2,99,1,21,9,,,,1,2013,1107.0,602,3,1,,99,6,4.0,1.0,6.0
602,9,2,6,11,12,2,99,1,41,1,,,,1,2013,1216.0,603,7,1,,44,2,3.0,2.0,2.0
603,9,2,6,11,12,2,99,1,39,1,,,,1,2013,1216.0,604,6,1,,31,6,4.0,4.0,6.0
604,9,2,6,23,16,2,99,1,27,2,,,,2,2013,1607.0,605,4,1,,99,6,4.0,99.0,6.0
605,10,2,7,0,1,1,9,1,29,1,,,,1,2013,101.0,606,4,1,,33,3,12.0,1.0,3.0
606,10,2,7,0,1,1,9,1,37,1,,,,1,2013,101.0,607,6,1,,44,5,2.0,4.0,5.0
607,10,2,7,2,1,1,8,1,24,1,,,,2,2013,101.0,608,3,1,,99,6,1.0,99.0,6.0
608,10,2,7,1,1,1,1,1,24,1,,,,3,2013,101.0,609,3,1,,2,6,4.0,1.0,6.0
609,10,2,7,16,1,1,18,1,49,1,,,,2,2013,101.0,610,8,1,,99,6,10.0,99.0,6.0
610,10,2,7,3,1,1,17,1,15,1,,,,3,2013,101.0,611,2,2,,99,6,1.0,99.0,6.0
611,10,2,7,22,1,1,7,1,29,1,,,,2,2013,101.0,612,4,1,,44,6,1.0,5.0,6.0
612,10,2,7,16,1,1,5,1,17,1,,,,1,2013,115.0,613,2,2,,99,6,1.0,99.0,6.0
613,10,2,7,16,1,1,5,9,999,9,,,,1,2013,115.0,614,11,9,,99,6,99.0,99.0,6.0
614,10,2,7,23,6,2,99,1,24,2,,,,2,2013,614.0,615,3,1,,99,6,3.0,6.0,6.0
615,10,2,7,20,10,2,99,1,38,1,,,,1,2013,1001.0,616,6,1,,23,2,3.0,5.0,2.0
616,10,2,7,20,10,2,99,1,38,1,,,,1,2013,1001.0,617,6,1,,21,6,1.0,99.0,6.0
617,10,2,7,4,10,2,99,1,23,1,,,,3,2013,1001.0,618,3,1,,21,6,4.0,3.0,6.0
618,10,2,7,22,16,2,99,1,26,2,,,,1,2013,1604.0,619,4,1,,44,6,1.0,11.0,6.0
619,10,2,7,22,16,2,99,1,28,1,,,,1,2013,1604.0,620,4,1,,37,2,1.0,99.0,2.0
620,10,2,7,5,14,2,99,1,25,1,,,,3,2013,1420.0,621,4,1,,99,6,4.0,99.0,6.0
621,10,2,7,18,17,2,99,1,50,1,,,,1,2013,1707.0,622,9,1,,33,6,7.0,4.0,6.0
622,10,2,7,18,17,2,99,9,999,9,,,,1,2013,1707.0,623,11,9,,30,4,2.0,5.0,4.0
623,10,2,7,16,4,2,99,1,29,2,,,,3,2013,403.0,624,4,1,,99,5,4.0,5.0,5.0
624,10,2,7,0,3,2,99,1,63,1,,,,1,2013,307.0,625,10,1,,37,2,3.0,3.0,2.0
625,10,2,7,0,3,2,99,1,35,1,,,,1,2013,307.0,626,6,1,,40,5,4.0,5.0,5.0
626,11,2,1,13,1,1,2,1,28,1,,,,1,2013,101.0,627,4,1,,15,2,6.0,5.0,2.0
627,11,2,1,13,1,1,2,1,35,9,,,,1,2013,101.0,628,6,1,,2,6,4.0,5.0,6.0
628,11,2,1,18,1,1,1,1,51,1,,,,1,2013,101.0,629,9,1,,44,6,9.0,4.0,6.0
629,11,2,1,18,1,1,1,2,32,1,,,,1,2013,101.0,630,5,1,,21,3,1.0,3.0,3.0
630,11,2,1,18,1,2,18,1,29,1,,,,3,2013,101.0,631,4,1,,2,5,4.0,5.0,5.0
631,11,2,1,22,1,1,7,1,29,1,,,,2,2013,101.0,632,4,1,,44,6,1.0,5.0,6.0
632,11,2,1,11,1,1,7,1,999,1,,,,1,2013,101.0,633,11,1,,44,6,3.0,5.0,6.0
633,11,2,1,11,1,1,7,1,23,1,,,,1,2013,101.0,634,3,1,,21,6,1.0,1.0,6.0
634,11,2,1,11,1,1,5,1,26,1,,,,1,2013,115.0,635,4,1,,30,5,5.0,2.0,5.0
635,11,2,1,11,1,1,5,1,29,1,,,,1,2013,115.0,636,4,1,,2,5,4.0,4.0,5.0
636,11,2,1,10,1,1,2,2,26,1,,,,1,2013,108.0,637,4,1,,20,4,1.0,4.0,4.0
637,11,2,1,10,1,1,2,1,57,1,,,,1,2013,108.0,638,10,1,,44,3,1.0,2.0,3.0
638,11,2,1,22,1,2,99,1,999,9,,,,3,2013,110.0,639,11,1,,2,5,4.0,1.0,5.0
639,11,2,1,12,22,2,99,1,40,9,,,,1,2013,2214.0,640,7,1,,44,3,1.0,6.0,3.0
640,11,2,1,12,22,2,99,2,45,9,,,,1,2013,2214.0,641,8,1,,46,4,1.0,11.0,4.0
641,11,2,1,1,19,2,99,1,28,2,,,,1,2013,1904.0,642,4,1,,2,4,14.0,11.0,4.0
642,11,2,1,1,19,2,99,1,999,9,,,,1,2013,1904.0,643,11,1,,46,6,3.0,7.0,6.0
643,11,2,1,2,19,2,99,1,19,9,,,,1,2013,1902.0,644,2,1,,32,4,1.0,1.0,4.0
644,11,2,1,2,19,2,99,1,999,9,,,,1,2013,1902.0,645,11,1,,44,6,3.0,2.0,6.0
645,11,2,1,11,12,2,99,1,42,9,,,,1,2013,1201.0,646,7,1,,21,6,4.0,2.0,6.0
646,11,2,1,11,12,2,99,1,999,9,,,,1,2013,1201.0,647,11,1,,99,6,3.0,4.0,6.0
647,11,2,1,18,13,2,99,1,29,2,,,,1,2013,1301.0,648,4,1,,44,3,3.0,1.0,3.0
648,11,2,1,18,13,2,99,1,35,1,,,,1,2013,1301.0,649,6,1,,44,3,3.0,1.0,3.0
649,11,2,1,17,13,2,99,1,999,1,,,,1,2013,1326.0,650,11,1,,99,6,3.0,9.0,6.0
650,11,2,1,14,16,2,99,1,999,1,,,,4,2013,1615.0,651,11,1,,44,6,3.0,1.0,6.0
651,11,2,1,23,18,2,99,1,26,1,,,,1,2013,1801.0,652,4,1,,99,5,4.0,5.0,5.0
652,11,2,1,23,18,2,99,1,47,2,,,,1,2013,1801.0,653,8,1,,14,5,4.0,1.0,5.0
653,12,2,2,20,1,1,6,1,22,9,,,,1,2013,101.0,654,3,1,,99,6,1.0,99.0,6.0
654,12,2,2,20,1,1,6,1,21,9,,,,1,2013,101.0,655,3,1,,99,6,4.0,99.0,6.0
655,12,2,2,19,1,1,6,1,33,1,,,,1,2013,101.0,656,5,1,,44,6,3.0,5.0,6.0
656,12,2,2,19,1,1,6,1,46,1,,,,1,2013,101.0,657,8,1,,33,6,12.0,1.0,6.0
657,12,2,2,13,1,1,12,1,37,1,,,,1,2013,101.0,658,6,1,,13,6,3.0,4.0,6.0
658,12,2,2,13,1,1,12,1,25,9,,,,1,2013,101.0,659,4,1,,99,6,4.0,99.0,6.0
659,12,2,2,18,20,1,4,1,41,1,,,,1,2013,2011.0,660,7,1,,44,1,3.0,1.0,1.0
660,12,2,2,18,20,1,4,2,19,1,,,,1,2013,2011.0,661,2,1,,21,6,4.0,99.0,6.0
661,12,2,2,22,19,2,99,1,34,1,,,,1,2013,1901.0,662,5,1,,37,6,3.0,2.0,6.0
662,12,2,2,22,19,2,99,1,54,1,,,,1,2013,1901.0,663,9,1,,20,5,1.0,10.0,5.0
663,12,2,2,13,15,2,99,2,28,1,,,,1,2013,1501.0,664,4,1,,42,6,4.0,4.0,6.0
664,12,2,2,13,15,2,99,9,999,9,,,,1,2013,1501.0,665,11,9,,5,6,3.0,1.0,6.0
665,12,2,2,9,4,2,99,1,36,1,,,,1,2013,401.0,666,6,1,,32,4,1.0,4.0,4.0
666,12,2,2,9,4,2,99,1,37,1,,,,1,2013,401.0,667,6,1,,99,6,4.0,5.0,6.0
667,13,2,3,6,1,1,1,1,66,1,,,,1,2013,101.0,668,10,1,,37,3,1.0,1.0,3.0
668,13,2,3,6,1,1,1,1,18,1,,,,1,2013,101.0,669,2,1,,24,6,4.0,99.0,6.0
669,13,2,3,20,22,2,99,1,37,9,,,,1,2013,2202.0,670,6,1,,44,6,9.0,2.0,6.0
670,13,2,3,20,22,2,99,9,999,9,,,,1,2013,2202.0,671,11,9,,13,6,5.0,99.0,6.0
671,13,2,3,15,20,1,1,1,35,9,,,,1,2013,2001.0,672,6,1,,34,6,1.0,4.0,6.0
672,13,2,3,15,20,1,1,2,25,1,,,,1,2013,2001.0,673,4,1,,42,6,4.0,5.0,6.0
673,13,2,3,9,19,2,99,1,38,1,,,,1,2013,1903.0,674,6,1,,15,4,6.0,2.0,4.0
674,13,2,3,9,19,2,99,1,26,1,,,,1,2013,1903.0,675,4,1,,20,4,2.0,9.0,4.0
675,13,2,3,9,19,2,99,1,25,1,,,,1,2013,1903.0,676,4,1,,15,3,6.0,1.0,3.0
676,13,2,3,18,5,2,99,1,47,1,,,,2,2013,504.0,677,8,1,,44,6,3.0,9.0,6.0
677,13,2,3,15,12,1,2,1,41,1,,,,1,2013,1201.0,678,7,1,,44,6,3.0,1.0,6.0
678,13,2,3,15,12,1,2,2,15,1,,,,1,2013,1201.0,679,2,2,,14,6,4.0,5.0,6.0
679,13,2,3,19,8,2,99,1,24,1,,,,1,2013,801.0,680,3,1,,30,6,2.0,2.0,6.0
680,13,2,3,19,8,2,99,2,33,1,,,,1,2013,801.0,681,5,1,,44,6,1.0,3.0,6.0
681,13,2,3,18,4,2,99,1,23,9,,,,3,2013,406.0,682,3,1,,99,6,5.0,2.0,6.0
682,14,2,4,21,1,1,18,1,32,9,,,,1,2013,101.0,683,5,1,,13,6,3.0,5.0,6.0
683,14,2,4,21,1,1,18,1,73,9,,,,1,2013,101.0,684,10,1,,30,6,1.0,1.0,6.0
684,14,2,4,17,1,1,12,1,44,1,,,,1,2013,101.0,685,7,1,,5,4,11.0,2.0,4.0
685,14,2,4,17,1,1,12,1,37,1,,,,1,2013,101.0,686,6,1,,99,6,4.0,4.0,6.0
686,14,2,4,21,1,2,99,1,28,9,,,,2,2013,114.0,687,4,1,,2,6,4.0,3.0,6.0
687,14,2,4,5,22,2,99,1,26,2,,,,2,2013,2205.0,688,4,1,,34,4,1.0,2.0,4.0
688,14,2,4,6,5,2,99,9,999,9,,,,1,2013,501.0,689,11,9,,99,6,99.0,99.0,6.0
689,14,2,4,6,5,2,99,1,23,9,,,,1,2013,501.0,690,3,1,,42,6,4.0,4.0,6.0
690,14,2,4,21,6,2,99,1,50,1,,,,1,2013,614.0,691,9,1,,2,6,14.0,1.0,6.0
691,14,2,4,21,6,2,99,9,999,9,,,,1,2013,614.0,692,11,9,,99,6,3.0,5.0,6.0
692,14,2,4,5,9,2,99,1,26,1,,,,1,2013,917.0,693,4,1,,37,6,1.0,9.0,6.0
693,14,2,4,5,9,2,99,9,999,9,,,,1,2013,917.0,694,11,9,,33,6,5.0,8.0,6.0
694,14,2,4,15,13,2,99,1,61,1,,,,1,2013,1301.0,695,10,1,,44,2,3.0,3.0,2.0
695,14,2,4,15,13,2,99,1,46,1,,,,1,2013,1301.0,696,8,1,,44,6,3.0,3.0,6.0
696,14,2,4,15,13,2,99,1,28,1,,,,1,2013,1301.0,697,4,1,,44,6,3.0,7.0,6.0
697,14,2,4,15,13,2,99,2,34,1,,,,1,2013,1301.0,698,5,1,,44,3,1.0,3.0,3.0
698,14,2,4,7,16,2,99,9,999,9,,,,1,2013,1601.0,699,11,9,,44,6,9.0,2.0,6.0
699,14,2,4,7,16,2,99,9,999,9,,,,1,2013,1601.0,700,11,9,,44,6,3.0,4.0,6.0
700,14,2,4,6,2,2,99,1,22,1,,,,1,2013,207.0,701,3,1,,34,4,5.0,2.0,4.0
701,14,2,4,6,2,2,99,1,31,1,,,,1,2013,207.0,702,5,1,,44,6,3.0,2.0,6.0
702,14,2,4,8,17,2,99,1,19,9,,,,1,2013,1701.0,703,2,1,,44,6,3.0,1.0,6.0
703,14,2,4,8,17,2,99,9,999,9,,,,1,2013,1701.0,704,11,9,,99,6,5.0,11.0,6.0
704,14,2,4,19,7,2,99,1,24,2,,,,1,2013,719.0,705,3,1,,44,6,3.0,11.0,6.0
705,14,2,4,19,7,2,99,9,999,9,,,,1,2013,719.0,706,11,9,,99,6,9.0,99.0,6.0
706,14,2,4,10,3,1,99,1,59,1,,,,1,2013,301.0,707,10,1,,99,3,7.0,99.0,3.0
707,14,2,4,10,3,1,99,1,36,1,,,,1,2013,301.0,708,6,1,,99,6,4.0,1.0,6.0
708,15,2,5,2,1,1,9,9,999,9,,,,1,2013,101.0,709,11,9,,99,6,99.0,99.0,6.0
709,15,2,5,2,1,1,9,1,24,9,,,,1,2013,101.0,710,3,1,,21,6,4.0,99.0,6.0
710,15,2,5,14,21,2,99,1,60,1,,,,3,2013,2105.0,711,10,1,,44,4,9.0,1.0,4.0
711,15,2,5,21,11,1,4,1,32,1,,,,3,2013,1101.0,712,5,1,,99,6,4.0,99.0,6.0
712,15,2,5,18,9,1,3,1,41,9,,,,1,2013,901.0,713,7,1,,44,3,1.0,4.0,3.0
713,15,2,5,18,9,1,3,9,999,9,,,,1,2013,901.0,714,11,1,,22,3,12.0,1.0,3.0
714,15,2,5,18,9,1,3,1,999,9,,,,1,2013,901.0,715,11,1,,37,3,2.0,5.0,3.0
715,15,2,5,19,13,2,99,1,25,2,,,,1,2013,1323.0,716,4,1,,44,4,9.0,2.0,4.0
716,15,2,5,19,13,2,99,1,18,1,,,,1,2013,1323.0,717,2,1,,22,3,5.0,2.0,3.0
717,15,2,5,20,15,2,99,1,37,1,,,,3,2013,1508.0,718,6,1,,44,6,3.0,6.0,6.0
718,15,2,5,1,4,2,99,1,29,1,,,,1,2013,401.0,719,4,1,,99,6,6.0,99.0,6.0
719,15,2,5,1,4,2,99,2,29,1,,,,1,2013,401.0,720,4,1,,34,6,2.0,99.0,6.0
720,15,2,5,17,13,2,99,1,25,1,,,,1,2013,1323.0,721,4,1,,34,4,1.0,2.0,4.0
721,15,2,5,17,13,2,99,1,22,1,,,,1,2013,1323.0,722,3,1,,99,6,14.0,1.0,6.0
722,16,2,6,20,1,2,1,1,21,1,,,,1,2013,101.0,723,3,1,,37,6,1.0,99.0,6.0
723,16,2,6,20,1,2,1,1,24,1,,,,1,2013,101.0,724,3,1,,99,6,4.0,3.0,6.0
724,16,2,6,1,1,2,10,9,999,9,,,,1,2013,101.0,725,11,9,,99,6,10.0,99.0,6.0
725,16,2,6,1,1,2,10,9,999,9,,,,1,2013,101.0,726,11,9,,99,6,99.0,99.0,6.0
726,16,2,6,22,1,2,12,9,999,9,,,,1,2013,101.0,727,11,9,,99,6,99.0,99.0,6.0
727,16,2,6,22,1,2,12,1,32,9,,,,1,2013,101.0,728,5,1,,99,6,4.0,99.0,6.0
728,16,2,6,6,1,1,3,1,37,2,,,,1,2013,108.0,729,6,1,,21,6,1.0,5.0,6.0
729,16,2,6,6,1,1,3,1,36,1,,,,1,2013,108.0,730,6,1,,13,2,3.0,4.0,2.0
730,16,2,6,14,1,1,8,1,16,1,,,,2,2013,115.0,731,2,2,,44,2,3.0,8.0,2.0
731,16,2,6,19,5,2,99,1,45,2,,,,1,2013,504.0,732,8,1,,32,6,1.0,4.0,6.0
732,16,2,6,19,5,2,99,9,999,9,,,,1,2013,504.0,733,11,9,,22,6,12.0,1.0,6.0
733,16,2,6,13,6,2,99,1,26,9,,,,3,2013,602.0,734,4,1,,21,6,4.0,3.0,6.0
734,16,2,6,2,10,2,99,1,31,9,,,,1,2013,1020.0,735,5,1,,22,3,6.0,1.0,3.0
735,16,2,6,2,10,2,99,1,30,9,,,,1,2013,1020.0,736,5,1,,32,3,1.0,3.0,3.0
736,16,2,6,17,17,2,99,9,999,9,,,,1,2013,1711.0,737,11,9,,21,3,1.0,99.0,3.0
737,16,2,6,17,17,2,99,1,42,9,,,,1,2013,1711.0,738,7,1,,99,6,4.0,4.0,6.0
738,16,2,6,17,14,2,99,1,39,9,,,,2,2013,1416.0,739,6,1,,44,3,3.0,3.0,3.0
739,17,2,7,14,1,1,8,1,25,1,,,,2,2013,101.0,740,4,1,,42,6,4.0,99.0,6.0
740,17,2,7,7,1,1,18,9,999,9,,,,1,2013,101.0,741,11,9,,99,6,10.0,2.0,6.0
741,17,2,7,7,1,1,18,1,24,9,,,,1,2013,101.0,742,3,1,,99,6,4.0,99.0,6.0
742,17,2,7,22,1,1,13,1,31,2,,,,1,2013,101.0,743,5,1,,20,4,10.0,2.0,4.0
743,17,2,7,22,1,1,13,1,31,1,,,,1,2013,101.0,744,5,1,,21,4,1.0,9.0,4.0
744,17,2,7,22,1,2,99,1,21,2,,,,3,2013,103.0,745,3,1,,37,6,3.0,3.0,6.0
745,17,2,7,2,1,1,7,1,30,2,,,,2,2013,101.0,746,5,1,,34,4,1.0,9.0,4.0
746,17,2,7,20,1,1,4,1,35,2,,,,1,2013,108.0,747,6,1,,44,2,3.0,6.0,2.0
747,17,2,7,20,1,1,4,2,24,1,,,,1,2013,108.0,748,3,1,,21,4,1.0,4.0,4.0
748,17,2,7,18,20,2,99,9,999,9,,,,3,2013,2004.0,749,11,9,,44,6,3.0,4.0,6.0
749,17,2,7,2,5,2,99,1,44,9,,,,3,2013,506.0,750,7,1,,44,2,3.0,1.0,2.0
750,17,2,7,22,9,1,10,9,999,9,,,,1,2013,901.0,751,11,9,,37,6,3.0,14.0,6.0
751,17,2,7,22,9,1,10,1,32,1,,,,1,2013,901.0,752,5,1,,34,4,1.0,3.0,4.0
752,17,2,7,22,9,1,10,1,49,1,,,,1,2013,901.0,753,8,1,,21,4,1.0,11.0,4.0
753,17,2,7,16,12,2,99,1,48,2,,,,1,2013,1219.0,754,8,1,,37,4,1.0,11.0,4.0
754,17,2,7,16,12,2,99,1,19,1,,,,1,2013,1219.0,755,2,1,,44,6,3.0,1.0,6.0
755,17,2,7,23,17,2,99,1,32,9,,,,3,2013,1712.0,756,5,1,,2,5,4.0,1.0,5.0
756,17,2,7,12,3,2,99,1,35,9,,,,1,2013,301.0,757,6,1,,99,2,3.0,14.0,2.0
757,17,2,7,12,3,2,99,2,31,1,,,,1,2013,301.0,758,5,1,,41,6,4.0,8.0,6.0
758,18,2,1,23,1,1,18,1,29,2,,,,2,2013,101.0,759,4,1,,5,5,11.0,2.0,5.0
759,18,2,1,21,1,1,12,1,999,2,,,,1,2013,101.0,760,11,1,,42,3,2.0,3.0,3.0
760,18,2,1,21,1,1,12,1,999,2,,,,1,2013,101.0,761,11,1,,13,3,1.0,1.0,3.0
761,18,2,1,21,1,1,12,1,73,1,,,,1,2013,101.0,762,10,1,,37,6,3.0,6.0,6.0
762,18,2,1,21,1,1,12,1,24,1,,,,1,2013,101.0,763,3,1,,10,6,4.0,5.0,6.0
763,18,2,1,19,22,1,12,1,25,1,,,,1,2013,2212.0,764,4,1,,99,5,4.0,99.0,5.0
764,18,2,1,19,22,1,12,1,40,1,,,,1,2013,2212.0,765,7,1,,40,6,4.0,9.0,6.0
765,18,2,1,10,5,2,99,1,34,1,,,,1,2013,501.0,766,5,1,,44,6,3.0,5.0,6.0
766,18,2,1,10,5,2,99,2,39,9,,,,1,2013,501.0,767,6,1,,24,6,4.0,5.0,6.0
767,18,2,1,20,13,1,5,1,29,2,,,,1,2013,1301.0,768,4,1,,32,3,1.0,5.0,3.0
768,18,2,1,20,13,1,5,1,64,1,,,,1,2013,1301.0,769,10,1,,34,3,1.0,2.0,3.0
769,18,2,1,15,16,1,11,1,25,1,,,,2,2013,1601.0,770,4,1,,13,4,3.0,5.0,4.0
770,18,2,1,0,18,2,99,1,29,1,,,,1,2013,1805.0,771,4,1,,13,6,5.0,2.0,6.0
771,18,2,1,0,18,2,99,1,36,1,,,,1,2013,1805.0,772,6,1,,14,6,4.0,1.0,6.0
772,18,2,1,21,17,2,99,1,27,1,,,,1,2013,1703.0,773,4,1,,37,4,1.0,5.0,4.0
773,18,2,1,21,17,2,99,1,26,1,,,,1,2013,1703.0,774,4,1,,2,6,14.0,1.0,6.0
774,18,2,1,14,17,2,99,1,33,1,,,,1,2013,1712.0,775,5,1,,32,4,1.0,4.0,4.0
775,18,2,1,14,17,2,99,1,26,1,,,,1,2013,1712.0,776,4,1,,42,6,4.0,4.0,6.0
776,19,2,2,12,1,2,99,1,37,9,,,,3,2013,103.0,777,6,1,,99,6,4.0,99.0,6.0
777,19,2,2,16,21,2,99,1,46,1,,,,3,2013,2103.0,778,8,1,,44,6,3.0,9.0,6.0
778,19,2,2,19,12,2,99,1,20,1,,,,1,2013,1216.0,779,3,1,,33,6,5.0,2.0,6.0
779,19,2,2,19,12,2,99,1,53,1,,,,1,2013,1216.0,780,9,1,,44,6,3.0,3.0,6.0
780,19,2,2,21,17,2,99,1,43,1,,,,2,2013,1708.0,781,7,1,,44,6,3.0,5.0,6.0
781,19,2,2,18,7,2,99,1,42,9,,,,2,2013,709.0,782,7,1,,99,6,12.0,99.0,6.0
782,20,2,3,8,1,2,99,1,999,9,,,,2,2013,113.0,783,11,1,,99,6,3.0,99.0,6.0
783,20,2,3,14,1,2,99,1,23,2,,,,1,2013,107.0,784,3,1,,21,6,1.0,6.0,6.0
784,20,2,3,14,1,2,99,1,16,1,,,,1,2013,107.0,785,2,2,,2,6,4.0,1.0,6.0
785,20,2,3,14,1,2,99,1,999,1,,,,1,2013,107.0,786,11,1,,2,6,4.0,1.0,6.0
786,20,2,3,17,22,2,99,1,39,2,,,,1,2013,2203.0,787,6,1,,44,3,3.0,2.0,3.0
787,20,2,3,17,22,2,99,1,39,2,,,,1,2013,2203.0,788,6,1,,44,3,3.0,6.0,3.0
788,20,2,3,11,5,2,99,1,25,1,,,,1,2013,505.0,789,4,1,,15,3,6.0,2.0,3.0
789,20,2,3,11,5,2,99,1,20,9,,,,1,2013,505.0,790,3,1,,99,3,4.0,1.0,3.0
790,20,2,3,0,10,2,2,2,37,1,,,,2,2013,1001.0,791,6,1,,99,6,4.0,99.0,6.0
791,20,2,3,17,2,2,99,1,31,1,,,,1,2013,201.0,792,5,1,,30,5,1.0,4.0,5.0
792,20,2,3,17,2,2,99,1,27,1,,,,1,2013,201.0,793,4,1,,32,6,3.0,3.0,6.0
793,20,2,3,3,18,2,99,1,50,2,,,,1,2013,1801.0,794,9,1,,5,6,3.0,3.0,6.0
794,20,2,3,3,18,2,99,1,37,1,,,,1,2013,1801.0,795,6,1,,15,6,6.0,2.0,6.0
795,20,2,3,21,18,2,99,1,29,9,,,,2,2013,1801.0,796,4,1,,44,6,1.0,1.0,6.0
796,20,2,3,20,18,2,99,1,31,9,,,,1,2013,1802.0,797,5,1,,37,6,4.0,1.0,6.0
797,20,2,3,20,18,2,99,1,25,9,,,,1,2013,1802.0,798,4,1,,19,6,5.0,2.0,6.0
798,20,2,3,0,1,2,10,1,25,9,,,,1,2013,101.0,799,4,1,,99,6,1.0,5.0,6.0
799,20,2,3,0,1,2,10,1,28,9,,,,1,2013,101.0,800,4,1,,99,6,4.0,3.0,6.0
800,20,2,3,8,1,2,9,1,30,9,,,,1,2013,101.0,801,5,1,,99,6,4.0,99.0,6.0
801,20,2,3,8,1,2,9,1,36,9,,,,1,2013,101.0,802,6,1,,13,6,3.0,11.0,6.0
802,21,2,4,9,1,1,1,1,29,1,,,,1,2013,101.0,803,4,1,,30,5,1.0,2.0,5.0
803,21,2,4,9,1,1,1,1,45,1,,,,1,2013,101.0,804,8,1,,21,4,4.0,99.0,4.0
804,21,2,4,19,1,2,99,1,25,1,,,,2,2013,102.0,805,4,1,,37,6,4.0,1.0,6.0
805,21,2,4,16,1,1,7,1,32,1,,,,2,2013,101.0,806,5,1,,33,3,12.0,99.0,3.0
806,21,2,4,7,20,2,99,1,59,1,,,,2,2013,2001.0,807,10,1,,13,6,5.0,6.0,6.0
807,21,2,4,20,20,2,99,1,999,9,,,,1,2013,2001.0,808,11,1,,99,6,3.0,99.0,6.0
808,21,2,4,20,20,2,1,9,999,9,,,,1,2013,2001.0,809,11,9,,99,6,99.0,99.0,6.0
809,21,2,4,20,5,2,99,1,35,2,,,,1,2013,511.0,810,6,1,,44,3,3.0,1.0,3.0
810,21,2,4,20,5,2,99,1,20,1,,,,1,2013,511.0,811,3,1,,9,3,3.0,2.0,3.0
811,21,2,4,20,5,1,99,1,45,2,,,,1,2013,501.0,812,8,1,,44,4,3.0,9.0,4.0
812,21,2,4,20,5,1,99,1,35,1,,,,1,2013,501.0,813,6,1,,21,4,4.0,5.0,4.0
813,21,2,4,16,10,2,99,1,32,1,,,,2,2013,1002.0,814,5,1,,46,6,4.0,99.0,6.0
814,21,2,4,10,16,2,99,1,20,1,,,,2,2013,1603.0,815,3,1,,2,6,14.0,1.0,6.0
815,21,2,4,10,18,2,99,1,57,1,,,,1,2013,1804.0,816,10,1,,47,3,6.0,3.0,3.0
816,21,2,4,10,18,2,99,1,56,1,,,,1,2013,1804.0,817,10,1,,99,5,4.0,5.0,5.0
817,21,2,4,4,1,2,99,1,29,9,,,,3,2013,113.0,818,4,1,,22,3,6.0,1.0,3.0
818,22,2,5,7,1,2,99,1,45,2,,,,1,2013,113.0,819,8,1,,10,5,2.0,5.0,5.0
819,22,2,5,7,1,2,99,1,34,2,,,,1,2013,113.0,820,5,1,,37,4,1.0,7.0,4.0
820,22,2,5,5,1,1,1,1,999,1,,,,1,2013,101.0,821,11,1,,44,6,3.0,5.0,6.0
821,22,2,5,5,1,1,1,1,30,2,,,,1,2013,101.0,822,5,1,,2,4,4.0,1.0,4.0
822,22,2,5,11,1,1,7,1,37,1,,,,1,2013,101.0,823,6,1,,44,3,3.0,6.0,3.0
823,22,2,5,11,1,1,7,1,17,1,,,,1,2013,101.0,824,2,2,,24,5,4.0,5.0,5.0
824,22,2,5,3,1,1,7,1,32,9,,,,1,2013,101.0,825,5,1,,42,5,4.0,3.0,5.0
825,22,2,5,3,1,1,7,9,999,9,,,,1,2013,101.0,826,11,9,,33,4,5.0,2.0,4.0
826,22,2,5,11,1,1,7,1,18,9,,,,1,2013,117.0,827,2,1,,99,6,4.0,5.0,6.0
827,22,2,5,11,1,1,7,2,20,9,,,,1,2013,117.0,828,3,1,,24,6,4.0,1.0,6.0
828,22,2,5,17,1,1,16,1,23,2,,,,2,2013,101.0,829,3,1,,1,5,2.0,4.0,5.0
829,22,2,5,20,1,1,3,1,34,1,,,,1,2013,108.0,830,5,1,,30,4,2.0,6.0,4.0
830,22,2,5,20,1,1,3,1,19,9,,,,1,2013,108.0,831,2,1,,42,6,4.0,1.0,6.0
831,22,2,5,14,1,1,1,1,27,1,,,,1,2013,101.0,832,4,1,,39,1,1.0,10.0,1.0
832,22,2,5,14,1,1,1,1,26,1,,,,1,2013,101.0,833,4,1,,40,4,4.0,1.0,4.0
833,22,2,5,22,1,1,1,1,37,1,,,,1,2013,101.0,834,6,1,,37,2,1.0,1.0,2.0
834,22,2,5,22,1,1,1,2,999,1,,,,1,2013,101.0,835,11,1,,37,4,1.0,6.0,4.0
835,22,2,5,22,1,1,1,1,53,1,,,,1,2013,101.0,836,9,1,,21,6,1.0,4.0,6.0
836,22,2,5,22,5,1,1,1,29,2,,,,1,2013,501.0,837,4,1,,24,4,4.0,1.0,4.0
837,22,2,5,22,5,1,1,1,23,1,,,,1,2013,501.0,838,3,1,,44,3,1.0,2.0,3.0
838,22,2,5,8,5,2,99,1,42,1,,,,1,2013,512.0,839,7,1,,37,6,3.0,1.0,6.0
839,22,2,5,8,5,2,99,1,51,1,,,,1,2013,512.0,840,9,1,,99,6,4.0,99.0,6.0
840,22,2,5,18,10,2,99,1,38,2,,,,1,2013,1002.0,841,6,1,,44,6,3.0,9.0,6.0
841,22,2,5,18,10,2,99,1,33,9,,,,1,2013,1002.0,842,5,1,,99,6,3.0,99.0,6.0
842,22,2,5,9,12,2,99,9,999,9,,,,2,2013,1201.0,843,11,9,,99,6,10.0,99.0,6.0
843,22,2,5,22,2,2,99,1,999,9,,,,1,2013,208.0,844,11,1,,37,6,4.0,99.0,6.0
844,22,2,5,22,2,2,99,1,42,9,,,,1,2013,208.0,845,7,1,,44,4,3.0,2.0,4.0
845,22,2,5,12,6,2,99,1,21,9,,,,2,2013,601.0,846,3,1,,99,6,4.0,99.0,6.0
846,23,2,6,20,5,2,99,1,37,2,,,,2,2013,501.0,847,6,1,,23,3,3.0,4.0,3.0
847,23,2,6,21,10,2,99,1,25,2,,,,2,2013,1001.0,848,4,1,,30,6,1.0,1.0,6.0
848,23,2,6,23,9,2,99,1,32,2,,,,1,2013,920.0,849,5,1,,33,6,5.0,2.0,6.0
849,23,2,6,23,9,2,99,1,23,1,,,,1,2013,920.0,850,3,1,,37,6,1.0,11.0,6.0
850,23,2,6,19,12,2,99,1,31,2,,,,1,2013,1218.0,851,5,1,,44,3,1.0,2.0,3.0
851,23,2,6,19,12,2,99,1,23,1,,,,1,2013,1218.0,852,3,1,,32,4,1.0,1.0,4.0
852,23,2,6,17,12,2,99,1,30,2,,,,2,2013,1227.0,853,5,1,,9,1,3.0,14.0,1.0
853,23,2,6,7,15,2,99,1,45,1,,,,1,2013,1501.0,854,8,1,,44,4,3.0,2.0,4.0
854,23,2,6,7,15,2,99,1,42,1,,,,1,2013,1501.0,855,7,1,,37,3,5.0,2.0,3.0
855,23,2,6,21,1,1,18,1,38,1,,,,1,2013,101.0,856,6,1,,37,6,10.0,2.0,6.0
856,23,2,6,21,1,1,18,1,21,2,,,,1,2013,101.0,857,3,1,,44,3,1.0,9.0,3.0
857,23,2,6,18,19,1,99,1,29,1,,,,2,2013,1901.0,858,4,1,,44,6,3.0,2.0,6.0
858,23,2,6,11,13,1,3,1,44,1,,,,1,2013,1301.0,859,7,1,,22,2,2.0,7.0,2.0
859,23,2,6,11,13,1,3,1,999,9,,,,1,2013,1301.0,860,11,1,,32,4,1.0,1.0,4.0
860,23,2,6,19,19,2,99,1,999,9,,,,1,2013,1902.0,861,11,1,,99,6,99.0,99.0,6.0
861,23,2,6,19,19,2,99,1,35,1,,,,1,2013,1902.0,862,6,1,,99,6,4.0,5.0,6.0
862,23,2,6,3,1,1,99,1,39,1,,,,2,2013,113.0,863,6,1,,12,4,1.0,1.0,4.0
863,23,2,6,11,1,1,99,1,32,1,,,,1,2013,117.0,864,5,1,,21,6,4.0,1.0,6.0
864,23,2,6,11,1,1,99,2,38,1,,,,1,2013,117.0,865,6,1,,5,6,3.0,3.0,6.0
865,23,2,6,11,20,2,99,2,17,9,,,,1,2013,2004.0,866,2,2,,43,6,4.0,4.0,6.0
866,23,2,6,11,20,2,99,9,999,9,,,,1,2013,2004.0,867,11,9,,99,6,3.0,99.0,6.0
867,23,2,6,13,16,2,99,9,999,9,,,,1,2013,1601.0,868,11,9,,99,6,99.0,99.0,6.0
868,23,2,6,13,16,2,99,1,20,1,,,,1,2013,1601.0,869,3,1,,2,6,4.0,5.0,6.0
869,23,2,6,20,16,2,99,9,999,1,,,,2,2013,1601.0,870,11,9,,99,6,99.0,99.0,6.0
870,23,2,6,1,1,1,17,1,999,1,,,,2,2013,101.0,871,11,1,,44,6,3.0,1.0,6.0
871,24,2,7,23,1,1,1,2,27,2,,,,1,2013,101.0,872,4,1,,20,4,1.0,4.0,4.0
872,24,2,7,23,1,1,1,1,999,1,,,,1,2013,101.0,873,11,1,,17,6,1.0,99.0,6.0
873,24,2,7,0,1,1,1,1,28,2,,,,2,2013,101.0,874,4,1,,32,3,1.0,4.0,3.0
874,24,2,7,3,1,1,1,2,27,2,,,,1,2013,101.0,875,4,1,,23,3,1.0,14.0,3.0
875,24,2,7,3,1,1,1,1,32,2,,,,1,2013,101.0,876,5,1,,44,4,2.0,3.0,4.0
876,24,2,7,23,1,1,11,1,27,2,,,,1,2013,101.0,877,4,1,,32,6,1.0,11.0,6.0
877,24,2,7,23,1,1,11,1,38,1,,,,1,2013,101.0,878,6,1,,44,6,1.0,4.0,6.0
878,24,2,7,4,1,1,99,1,29,1,,,,1,2013,117.0,879,4,1,,44,3,1.0,6.0,3.0
879,24,2,7,4,1,1,99,1,19,1,,,,1,2013,117.0,880,2,1,,2,6,4.0,5.0,6.0
880,24,2,7,0,1,1,6,1,19,2,,,,1,2013,108.0,881,2,1,,42,6,4.0,4.0,6.0
881,24,2,7,0,1,1,6,1,19,2,,,,1,2013,108.0,882,2,1,,42,6,4.0,99.0,6.0
882,24,2,7,17,1,1,7,1,26,1,,,,1,2013,101.0,883,4,1,,21,3,1.0,5.0,3.0
883,24,2,7,17,1,1,7,1,21,1,,,,1,2013,101.0,884,3,1,,42,6,4.0,1.0,6.0
884,24,2,7,9,1,1,12,1,999,9,,,,2,2013,101.0,885,11,1,,42,6,4.0,3.0,6.0
885,24,2,7,21,5,2,99,1,48,1,,,,1,2013,509.0,886,8,1,,32,6,2.0,4.0,6.0
886,24,2,7,21,5,2,99,2,40,1,,,,1,2013,509.0,887,7,1,,40,6,3.0,4.0,6.0
887,24,2,7,21,1,1,19,1,30,2,,,,1,2013,101.0,888,5,1,,99,4,1.0,2.0,4.0
888,24,2,7,21,1,1,19,1,37,1,,,,1,2013,101.0,889,6,1,,99,4,1.0,2.0,4.0
889,24,2,7,20,20,2,99,1,21,2,,,,1,2013,2001.0,890,3,1,,23,3,3.0,5.0,3.0
890,24,2,7,20,20,2,99,1,71,1,,,,1,2013,2001.0,891,10,1,,44,3,1.0,6.0,3.0
891,24,2,7,15,20,2,99,1,41,1,,,,2,2013,2001.0,892,7,1,,44,2,3.0,1.0,2.0
892,24,2,7,9,6,2,99,1,27,2,,,,2,2013,606.0,893,4,1,,21,3,1.0,6.0,3.0
893,24,2,7,12,6,1,99,1,38,2,,,,1,2013,603.0,894,6,1,,99,4,4.0,3.0,4.0
894,24,2,7,12,6,1,99,9,999,9,,,,1,2013,603.0,895,11,9,,42,4,2.0,2.0,4.0
895,24,2,7,10,8,2,99,1,54,1,,,,2,2013,806.0,896,9,1,,44,6,3.0,2.0,6.0
896,24,2,7,15,18,2,99,1,26,1,,,,2,2013,1801.0,897,4,1,,34,5,11.0,2.0,5.0
897,24,2,7,15,18,2,99,1,999,9,,,,1,2013,1801.0,898,11,1,,99,6,3.0,2.0,6.0
898,24,2,7,15,18,2,99,9,999,9,,,,1,2013,1801.0,899,11,9,,99,6,99.0,99.0,6.0
899,24,2,7,15,18,2,99,1,22,1,,,,1,2013,1801.0,900,3,1,,99,6,4.0,99.0,6.0
900,24,2,7,15,18,2,99,9,999,9,,,,1,2013,1801.0,901,11,9,,99,6,99.0,99.0,6.0
901,24,2,7,11,17,2,99,1,20,1,,,,2,2013,1705.0,902,3,1,,19,6,5.0,2.0,6.0
902,24,2,7,9,4,2,99,1,52,1,,,,2,2013,409.0,903,9,1,,99,4,4.0,99.0,4.0
903,24,2,7,23,11,2,99,1,33,1,,,,1,2013,1107.0,904,5,1,,99,6,3.0,6.0,6.0
904,24,2,7,23,11,2,99,9,999,9,,,,1,2013,1107.0,905,11,9,,99,6,4.0,99.0,6.0
905,24,2,7,22,1,2,18,1,35,1,,,,1,2013,101.0,906,6,1,,32,3,1.0,9.0,3.0
906,24,2,7,22,1,2,18,1,33,1,,,,1,2013,101.0,907,5,1,,42,6,4.0,4.0,6.0
907,24,2,7,1,3,2,99,1,23,2,,,,2,2013,301.0,908,3,1,,99,6,2.0,99.0,6.0
908,24,2,7,5,5,2,99,1,19,1,,,,1,2013,501.0,909,2,1,,99,6,4.0,99.0,6.0
909,24,2,7,5,5,2,99,9,999,9,,,,1,2013,501.0,910,11,9,,99,6,2.0,99.0,6.0
910,24,2,7,1,17,2,99,1,22,9,,,,1,2013,1701.0,911,3,1,,99,6,4.0,99.0,6.0
911,24,2,7,1,17,2,99,9,999,9,,,,1,2013,1701.0,912,11,9,,99,6,3.0,99.0,6.0
912,25,2,1,11,1,2,99,1,25,9,,,,1,2013,114.0,913,4,1,,22,6,5.0,2.0,6.0
913,25,2,1,11,1,2,99,1,29,9,,,,1,2013,114.0,914,4,1,,24,4,4.0,1.0,4.0
914,25,2,1,10,22,2,99,1,24,9,,,,3,2013,2201.0,915,3,1,,44,4,9.0,99.0,4.0
915,25,2,1,13,20,2,99,1,23,1,,,,3,2013,2006.0,916,3,1,,23,3,5.0,99.0,3.0
916,25,2,1,2,5,2,99,1,27,9,,,,2,2013,511.0,917,4,1,,30,6,10.0,2.0,6.0
917,25,2,1,15,10,2,99,1,29,9,,,,1,2013,1001.0,918,4,1,,44,2,3.0,99.0,2.0
918,25,2,1,15,10,2,99,9,999,9,,,,1,2013,1001.0,919,11,9,,37,6,9.0,4.0,6.0
919,25,2,1,13,9,2,99,1,35,1,,,,3,2013,905.0,920,6,1,,18,6,5.0,2.0,6.0
920,25,2,1,9,9,2,99,9,999,9,,,,1,2013,909.0,921,11,9,,23,6,5.0,2.0,6.0
921,25,2,1,9,9,2,99,1,59,9,,,,1,2013,909.0,922,10,1,,44,6,9.0,1.0,6.0
922,25,2,1,13,4,2,99,1,35,1,,,,1,2013,413.0,923,6,1,,44,6,3.0,5.0,6.0
923,25,2,1,13,4,2,99,1,14,1,,,,1,2013,413.0,924,1,2,,99,6,4.0,99.0,6.0
924,26,2,2,5,18,2,99,1,35,1,,,,1,2013,1805.0,925,6,1,,15,6,6.0,14.0,6.0
925,26,2,2,5,18,2,99,1,48,1,,,,1,2013,1805.0,926,8,1,,34,6,3.0,2.0,6.0
926,26,2,2,18,1,1,11,2,38,1,,,,1,2013,101.0,927,6,1,,44,6,2.0,99.0,6.0
927,26,2,2,18,1,1,11,2,999,1,,,,1,2013,101.0,928,11,1,,21,6,4.0,1.0,6.0
928,26,2,2,21,6,2,99,1,26,1,,,,1,2013,601.0,929,4,1,,99,6,14.0,1.0,6.0
929,26,2,2,21,6,2,99,9,999,9,,,,1,2013,601.0,930,11,9,,99,6,10.0,99.0,6.0
930,26,2,2,15,2,2,99,1,44,1,,,,1,2013,203.0,931,7,1,,99,6,9.0,2.0,6.0
931,26,2,2,15,2,2,99,1,42,1,,,,1,2013,203.0,932,7,1,,44,6,3.0,4.0,6.0
932,26,2,2,10,21,2,99,1,29,1,,,,2,2013,2105.0,933,4,1,,99,6,9.0,99.0,6.0
933,26,2,2,10,1,1,18,9,999,9,,,,1,2013,101.0,934,11,9,,13,6,5.0,1.0,6.0
934,26,2,2,10,1,1,18,1,41,1,,,,1,2013,101.0,935,7,1,,42,6,4.0,1.0,6.0
935,26,2,2,19,1,1,18,1,19,1,,,,2,2013,101.0,936,2,1,,24,6,4.0,1.0,6.0
936,26,2,2,7,10,2,99,9,999,9,,,,3,2013,1001.0,937,11,9,,44,6,3.0,11.0,6.0
937,26,2,2,12,12,2,99,1,30,9,,,,2,2013,1201.0,938,5,1,,32,6,3.0,3.0,6.0
938,26,2,2,3,12,2,99,9,999,9,,,,3,2013,1201.0,939,11,9,,99,6,3.0,99.0,6.0
939,27,2,3,20,1,1,6,1,26,1,,,,3,2013,108.0,940,4,1,,42,6,4.0,99.0,6.0
940,27,2,3,16,15,2,99,1,41,2,,,,3,2013,1503.0,941,7,1,,44,6,3.0,4.0,6.0
941,27,2,3,1,20,1,1,1,28,2,,,,3,2013,2001.0,942,4,1,,24,4,4.0,5.0,4.0
942,28,2,4,2,1,1,1,1,37,2,,,,1,2013,101.0,943,6,1,,20,3,10.0,2.0,3.0
943,28,2,4,2,1,1,1,1,23,1,,,,1,2013,101.0,944,3,1,,99,5,4.0,1.0,5.0
944,28,2,4,0,1,1,1,1,30,1,,,,1,2013,101.0,945,5,1,,21,2,1.0,9.0,2.0
945,28,2,4,0,1,1,1,1,49,2,,,,1,2013,101.0,946,8,1,,44,3,1.0,9.0,3.0
946,28,2,4,9,1,1,16,1,31,1,,,,2,2013,101.0,947,5,1,,37,3,1.0,1.0,3.0
947,28,2,4,10,1,1,4,1,38,1,,,,1,2013,115.0,948,6,1,,34,6,9.0,2.0,6.0
948,28,2,4,10,1,1,4,1,22,1,,,,1,2013,115.0,949,3,1,,24,6,4.0,4.0,6.0
949,28,2,4,17,12,2,99,1,49,1,,,,3,2013,1201.0,950,8,1,,44,6,3.0,3.0,6.0
950,28,2,4,9,16,2,99,1,29,1,,,,1,2013,1601.0,951,4,1,,44,6,3.0,9.0,6.0
951,28,2,4,23,16,2,99,1,18,1,,,,3,2013,1617.0,952,2,1,,2,6,4.0,5.0,6.0
952,28,2,4,19,2,2,99,1,21,2,,,,1,2013,203.0,953,3,1,,42,6,4.0,99.0,6.0
953,28,2,4,22,4,2,99,1,31,1,,,,1,2013,406.0,954,5,1,,29,4,6.0,2.0,4.0
954,28,2,4,22,4,2,99,1,29,1,,,,1,2013,406.0,955,4,1,,42,6,4.0,1.0,6.0
955,1,3,5,21,1,1,9,1,40,2,,,,1,2013,101.0,956,7,1,,42,4,4.0,1.0,4.0
956,1,3,5,21,1,1,9,1,20,1,,,,1,2013,101.0,957,3,1,,2,5,4.0,3.0,5.0
957,1,3,5,22,1,2,99,9,999,9,,,,1,2013,114.0,958,11,9,,99,6,99.0,99.0,6.0
958,1,3,5,22,1,2,99,1,21,2,,,,1,2013,114.0,959,3,1,,24,6,4.0,5.0,6.0
959,1,3,5,19,22,2,99,1,35,2,,,,1,2013,2201.0,960,6,1,,2,4,14.0,1.0,4.0
960,1,3,5,19,22,2,99,1,30,1,,,,1,2013,2201.0,961,5,1,,21,6,4.0,1.0,6.0
961,1,3,5,23,22,2,99,1,25,1,,,,1,2013,2201.0,962,4,1,,44,6,1.0,2.0,6.0
962,1,3,5,23,22,2,99,1,22,1,,,,1,2013,2201.0,963,3,1,,2,6,4.0,1.0,6.0
963,1,3,5,22,19,2,99,1,28,1,,,,1,2013,1905.0,964,4,1,,24,6,4.0,5.0,6.0
964,1,3,5,17,6,2,99,1,39,2,,,,2,2013,601.0,965,6,1,,37,6,3.0,2.0,6.0
965,1,3,5,22,12,1,1,1,39,2,,,,1,2013,1222.0,966,6,1,,5,3,3.0,9.0,3.0
966,1,3,5,22,12,1,1,9,999,9,,,,1,2013,1222.0,967,11,9,,99,6,3.0,99.0,6.0
967,1,3,5,19,2,1,2,1,55,2,,,,1,2013,207.0,968,10,1,,44,2,2.0,5.0,2.0
968,1,3,5,19,2,1,2,2,23,1,,,,1,2013,207.0,969,3,1,,99,5,4.0,2.0,5.0
969,1,3,5,3,17,2,99,1,27,2,,,,2,2013,1701.0,970,4,1,,5,3,1.0,10.0,3.0
970,1,3,5,7,4,2,99,1,24,1,,,,1,2013,401.0,971,3,1,,34,4,5.0,2.0,4.0
971,1,3,5,7,4,2,99,2,22,1,,,,1,2013,401.0,972,3,1,,44,4,1.0,4.0,4.0
972,2,3,6,10,1,1,1,1,34,1,,,,1,2013,101.0,973,5,1,,33,3,12.0,1.0,3.0
973,2,3,6,10,1,1,1,1,23,1,,,,1,2013,101.0,974,3,1,,33,6,12.0,1.0,6.0
974,2,3,6,13,1,1,1,1,31,1,,,,1,2013,101.0,975,5,1,,99,6,3.0,99.0,6.0
975,2,3,6,13,1,1,1,1,22,2,,,,1,2013,101.0,976,3,1,,44,6,1.0,3.0,6.0
976,2,3,6,23,1,1,13,1,30,1,,,,2,2013,113.0,977,5,1,,4,3,3.0,5.0,3.0
977,2,3,6,23,1,1,7,1,40,1,,,,2,2013,101.0,978,7,1,,99,5,4.0,5.0,5.0
978,2,3,6,0,1,1,2,1,26,1,,,,1,2013,115.0,979,4,1,,99,6,4.0,99.0,6.0
979,2,3,6,0,1,1,2,1,25,1,,,,1,2013,115.0,980,4,1,,99,6,4.0,99.0,6.0
980,2,3,6,0,1,1,2,1,28,1,,,,1,2013,115.0,981,4,1,,99,4,4.0,5.0,4.0
981,2,3,6,0,1,1,2,1,22,1,,,,1,2013,115.0,982,3,1,,21,5,4.0,5.0,5.0
982,2,3,6,19,1,1,1,2,35,1,,,,1,2013,115.0,983,6,1,,32,6,1.0,1.0,6.0
983,2,3,6,19,1,1,1,1,33,1,,,,1,2013,115.0,984,5,1,,99,6,4.0,1.0,6.0
984,2,3,6,2,1,1,2,1,29,1,,,,1,2013,115.0,985,4,1,,2,6,4.0,5.0,6.0
985,2,3,6,2,1,1,2,9,999,9,,,,1,2013,115.0,986,11,9,,99,6,1.0,2.0,6.0
986,2,3,6,22,19,2,99,1,40,1,,,,1,2013,1901.0,987,7,1,,33,6,1.0,4.0,6.0
987,2,3,6,22,19,2,99,1,20,1,,,,1,2013,1901.0,988,3,1,,44,6,3.0,1.0,6.0
988,2,3,6,12,19,2,99,1,47,1,,,,1,2013,1901.0,989,8,1,,44,4,5.0,2.0,4.0
989,2,3,6,21,19,2,99,1,25,1,,,,1,2013,1905.0,990,4,1,,32,3,3.0,2.0,3.0
990,2,3,6,21,19,2,99,1,33,1,,,,1,2013,1905.0,991,5,1,,42,6,2.0,6.0,6.0
991,2,3,6,11,5,2,99,1,48,1,,,,2,2013,501.0,992,8,1,,99,6,99.0,99.0,6.0
992,2,3,6,11,5,2,99,9,999,1,,,,2,2013,501.0,993,11,9,,99,6,12.0,99.0,6.0
993,2,3,6,5,5,2,99,1,38,1,,,,1,2013,504.0,994,6,1,,42,6,4.0,1.0,6.0
994,2,3,6,16,5,2,99,1,33,2,,,,1,2013,510.0,995,5,1,,20,5,1.0,4.0,5.0
995,2,3,6,16,5,2,99,1,22,1,,,,1,2013,510.0,996,3,1,,36,5,4.0,3.0,5.0
996,2,3,6,23,6,2,99,1,21,2,,,,1,2013,602.0,997,3,1,,44,4,3.0,4.0,4.0
997,2,3,6,23,6,2,99,1,22,1,,,,1,2013,602.0,998,3,1,,32,6,1.0,4.0,6.0
998,2,3,6,23,6,2,99,1,23,1,,,,1,2013,602.0,999,3,1,,20,6,2.0,4.0,6.0
999,2,3,6,19,10,2,99,1,36,1,,,,1,2013,1001.0,1000,6,1,,44,3,1.0,2.0,3.0
1000,2,3,6,19,10,2,99,1,32,1,,,,1,2013,1001.0,1001,5,1,,44,6,1.0,9.0,6.0
1001,2,3,6,5,10,2,99,1,56,1,,,,1,2013,1001.0,1002,10,1,,99,3,12.0,1.0,3.0
1002,2,3,6,7,18,2,99,1,25,1,,,,2,2013,1801.0,1003,4,1,,99,6,3.0,99.0,6.0
1003,2,3,6,12,17,2,99,1,29,1,,,,1,2013,1709.0,1004,4,1,,15,4,6.0,2.0,4.0
1004,2,3,6,12,17,2,99,1,41,1,,,,1,2013,1709.0,1005,7,1,,44,5,3.0,4.0,5.0
1005,2,3,6,19,17,2,99,1,36,1,,,,1,2013,1712.0,1006,6,1,,42,6,4.0,3.0,6.0
1006,2,3,6,19,17,2,99,1,54,1,,,,1,2013,1712.0,1007,9,1,,44,4,3.0,4.0,4.0
1007,2,3,6,6,7,2,99,1,63,1,,,,2,2013,701.0,1008,10,1,,44,4,5.0,2.0,4.0
1008,2,3,6,6,3,2,99,1,31,2,,,,2,2013,309.0,1009,5,1,,44,4,10.0,2.0,4.0
1009,3,3,7,8,1,1,1,1,23,2,,,,1,2013,101.0,1010,3,1,,46,4,1.0,4.0,4.0
1010,3,3,7,8,1,1,1,1,40,1,,,,1,2013,101.0,1011,7,1,,47,6,12.0,6.0,6.0
1011,3,3,7,18,1,1,1,1,27,1,,,,1,2013,117.0,1012,4,1,,47,4,1.0,6.0,4.0
1012,3,3,7,18,1,1,1,1,25,1,,,,1,2013,117.0,1013,4,1,,99,4,4.0,5.0,4.0
1013,3,3,7,16,22,2,99,1,63,1,,,,1,2013,2212.0,1014,10,1,,44,2,2.0,99.0,2.0
1014,3,3,7,16,5,2,99,1,29,1,,,,1,2013,501.0,1015,4,1,,2,4,4.0,99.0,4.0
1015,3,3,7,16,5,2,99,1,32,2,,,,1,2013,501.0,1016,5,1,,44,3,1.0,4.0,3.0
1016,3,3,7,16,11,2,99,1,65,1,,,,1,2013,1102.0,1017,10,1,,23,5,1.0,6.0,5.0
1017,3,3,7,15,11,2,99,1,48,2,,,,2,2013,1102.0,1018,8,1,,2,4,4.0,1.0,4.0
1018,3,3,7,1,11,2,99,1,42,1,,,,1,2013,1109.0,1019,7,1,,19,3,5.0,7.0,3.0
1019,3,3,7,1,11,2,99,1,25,9,,,,1,2013,1109.0,1020,4,1,,99,6,4.0,99.0,6.0
1020,3,3,7,10,12,1,4,1,56,1,,,,1,2013,1215.0,1021,10,1,,44,2,3.0,4.0,2.0
1021,3,3,7,10,16,1,4,1,23,9,,,,1,2013,1617.0,1022,3,1,,2,4,4.0,1.0,4.0
1022,3,3,7,20,16,2,99,1,53,1,,,,1,2013,1617.0,1023,9,1,,23,6,3.0,9.0,6.0
1023,3,3,7,20,15,2,99,1,28,2,,,,1,2013,1504.0,1024,4,1,,19,6,5.0,2.0,6.0
1024,3,3,7,22,15,2,99,1,33,2,,,,2,2013,1504.0,1025,5,1,,44,6,2.0,6.0,6.0
1025,3,3,7,16,15,2,99,1,36,1,,,,2,2013,1507.0,1026,6,1,,44,3,3.0,9.0,3.0
1026,3,3,7,21,2,2,99,1,24,2,,,,2,2013,204.0,1027,3,1,,21,6,4.0,1.0,6.0
1027,3,3,7,3,17,2,99,9,999,9,,,,1,2013,1710.0,1028,11,9,,34,6,1.0,1.0,6.0
1028,3,3,7,3,17,2,99,9,999,9,,,,1,2013,1710.0,1029,11,9,,99,6,99.0,99.0,6.0
1029,3,3,7,16,14,2,99,9,999,9,,,,1,2013,1401.0,1030,11,9,,44,6,3.0,9.0,6.0
1030,3,3,7,17,14,2,99,1,30,2,,,,2,2013,1421.0,1031,5,1,,99,6,4.0,99.0,6.0
1031,3,3,7,17,3,2,99,1,28,1,,,,2,2013,311.0,1032,4,1,,99,6,3.0,99.0,6.0
1032,3,3,7,17,3,2,99,9,999,9,,,,2,2013,311.0,1033,11,9,,13,6,2.0,99.0,6.0
1033,4,3,1,20,1,1,17,1,35,2,,,,1,2013,101.0,1034,6,1,,44,3,3.0,2.0,3.0
1034,4,3,1,20,1,1,17,1,31,1,,,,1,2013,101.0,1035,5,1,,99,6,12.0,99.0,6.0
1035,4,3,1,16,1,1,2,9,999,9,,,,1,2013,108.0,1036,11,9,,99,6,12.0,99.0,6.0
1036,4,3,1,16,1,1,2,1,20,1,,,,1,2013,108.0,1037,3,1,,2,6,4.0,5.0,6.0
1037,4,3,1,22,21,2,99,1,21,9,,,,2,2013,2107.0,1038,3,1,,21,6,4.0,5.0,6.0
1038,4,3,1,22,19,2,99,1,32,1,,,,2,2013,1901.0,1039,5,1,,99,6,4.0,1.0,6.0
1039,4,3,1,9,10,2,99,1,70,1,,,,2,2013,1001.0,1040,10,1,,99,6,4.0,99.0,6.0
1040,4,3,1,10,12,2,99,1,23,2,,,,1,2013,1202.0,1041,3,1,,32,6,3.0,11.0,6.0
1041,4,3,1,10,12,2,99,1,25,1,,,,1,2013,1202.0,1042,4,1,,30,4,12.0,11.0,4.0
1042,4,3,1,11,18,2,99,1,62,1,,,,1,2013,1801.0,1043,10,1,,30,4,3.0,2.0,4.0
1043,4,3,1,11,18,2,99,1,18,1,,,,1,2013,1801.0,1044,2,1,,21,4,4.0,4.0,4.0
1044,4,3,1,17,7,1,2,1,27,2,,,,1,2013,701.0,1045,4,1,,44,2,3.0,2.0,2.0
1045,4,3,1,17,7,1,2,1,29,1,,,,1,2013,701.0,1046,4,1,,44,3,3.0,2.0,3.0
1046,5,3,2,18,1,1,3,1,53,2,,,,1,2013,101.0,1047,9,1,,30,3,1.0,2.0,3.0
1047,5,3,2,18,1,1,3,1,55,1,,,,1,2013,101.0,1048,10,1,,99,5,4.0,1.0,5.0
1048,5,3,2,22,1,1,3,1,27,1,,,,1,2013,101.0,1049,4,1,,32,4,1.0,11.0,4.0
1049,5,3,2,22,1,1,3,1,34,1,,,,1,2013,101.0,1050,5,1,,40,6,4.0,3.0,6.0
1050,5,3,2,10,1,1,6,1,40,1,,,,1,2013,101.0,1051,7,1,,19,6,5.0,2.0,6.0
1051,5,3,2,10,1,1,6,1,24,1,,,,1,2013,101.0,1052,3,1,,24,6,4.0,5.0,6.0
1052,5,3,2,20,10,2,99,1,33,1,,,,1,2013,1004.0,1053,5,1,,44,4,9.0,3.0,4.0
1053,5,3,2,20,10,2,99,9,999,9,,,,1,2013,1004.0,1054,11,9,,32,6,1.0,2.0,6.0
1054,5,3,2,18,11,2,99,1,47,9,,,,1,2013,1108.0,1055,8,1,,37,3,3.0,4.0,3.0
1055,5,3,2,18,11,2,99,1,21,9,,,,1,2013,1108.0,1056,3,1,,99,5,4.0,5.0,5.0
1056,5,3,2,19,9,1,3,9,999,9,,,,1,2013,901.0,1057,11,9,,99,6,99.0,99.0,6.0
1057,5,3,2,19,9,1,3,1,33,9,,,,1,2013,901.0,1058,5,1,,21,6,4.0,3.0,6.0
1058,5,3,2,17,18,2,99,1,21,9,,,,2,2013,1804.0,1059,3,1,,99,6,4.0,99.0,6.0
1059,5,3,2,16,3,2,99,1,27,1,,,,1,2013,301.0,1060,4,1,,99,6,4.0,1.0,6.0
1060,5,3,2,16,3,2,99,2,40,9,,,,1,2013,301.0,1061,7,1,,35,6,4.0,5.0,6.0
1061,6,3,3,15,1,1,1,1,31,1,,,,1,2013,101.0,1062,5,1,,99,5,12.0,3.0,5.0
1062,6,3,3,15,1,1,1,1,32,1,,,,1,2013,101.0,1063,5,1,,2,5,4.0,5.0,5.0
1063,6,3,3,17,1,1,9,9,999,9,,,,1,2013,101.0,1064,11,9,,99,6,99.0,99.0,6.0
1064,6,3,3,17,1,1,9,1,25,1,,,,1,2013,101.0,1065,4,1,,99,6,4.0,1.0,6.0
1065,6,3,3,1,1,1,6,1,24,1,,,,1,2013,101.0,1066,3,1,,32,4,1.0,3.0,4.0
1066,6,3,3,1,1,1,6,1,41,1,,,,1,2013,101.0,1067,7,1,,42,6,4.0,99.0,6.0
1067,6,3,3,17,1,1,6,1,53,1,,,,1,2013,101.0,1068,9,1,,9,1,11.0,2.0,1.0
1068,6,3,3,17,1,1,6,1,37,1,,,,1,2013,101.0,1069,6,1,,40,6,4.0,5.0,6.0
1069,6,3,3,8,19,2,99,1,28,1,,,,1,2013,1901.0,1070,4,1,,19,4,5.0,2.0,4.0
1070,6,3,3,8,19,2,99,1,48,1,,,,1,2013,1901.0,1071,8,1,,34,4,2.0,4.0,4.0
1071,6,3,3,6,5,2,99,1,33,1,,,,2,2013,513.0,1072,5,1,,21,5,4.0,1.0,5.0
1072,6,3,3,19,10,2,99,1,39,1,,,,1,2013,1001.0,1073,6,1,,44,2,3.0,1.0,2.0
1073,6,3,3,19,10,2,99,1,40,1,,,,1,2013,1001.0,1074,7,1,,44,2,3.0,3.0,2.0
1074,6,3,3,16,9,2,99,1,22,1,,,,2,2013,901.0,1075,3,1,,44,6,3.0,9.0,6.0
1075,6,3,3,15,16,2,99,9,999,1,,,,3,2013,1601.0,1076,11,9,,13,6,5.0,2.0,6.0
1076,6,3,3,0,17,2,99,1,31,1,,,,3,2013,1711.0,1077,5,1,,44,6,1.0,6.0,6.0
1077,6,3,3,13,7,2,99,1,38,1,,,,1,2013,701.0,1078,6,1,,44,3,2.0,4.0,3.0
1078,6,3,3,13,7,2,99,1,27,1,,,,1,2013,701.0,1079,4,1,,42,6,4.0,3.0,6.0
1079,6,3,3,7,3,2,99,2,28,1,,,,2,2013,301.0,1080,4,1,,99,6,1.0,1.0,6.0
1080,7,3,4,18,9,1,9,1,27,2,,,,1,2013,901.0,1081,4,1,,44,6,10.0,9.0,6.0
1081,7,3,4,18,9,1,9,1,43,1,,,,1,2013,901.0,1082,7,1,,44,4,11.0,4.0,4.0
1082,7,3,4,17,5,2,99,1,31,1,,,,1,2013,510.0,1083,5,1,,33,6,5.0,7.0,6.0
1083,7,3,4,17,5,2,99,1,33,1,,,,1,2013,510.0,1084,5,1,,21,6,4.0,3.0,6.0
1084,7,3,4,10,1,2,99,1,23,1,,,,1,2013,102.0,1085,3,1,,34,2,3.0,4.0,2.0
1085,7,3,4,10,1,2,99,1,24,1,,,,1,2013,102.0,1086,3,1,,42,5,4.0,5.0,5.0
1086,7,3,4,5,1,1,8,1,26,2,,,,2,2013,108.0,1087,4,1,,42,4,4.0,1.0,4.0
1087,7,3,4,15,1,2,99,1,33,1,,,,2,2013,105.0,1088,5,1,,44,6,3.0,2.0,6.0
1088,7,3,4,23,3,2,99,1,30,1,,,,3,2013,313.0,1089,5,1,,24,6,4.0,5.0,6.0
1089,8,3,5,3,1,1,9,1,36,2,,,,1,2013,101.0,1090,6,1,,46,4,2.0,99.0,4.0
1090,8,3,5,3,1,1,9,2,26,2,,,,1,2013,101.0,1091,4,1,,5,3,3.0,99.0,3.0
1091,8,3,5,22,1,1,15,1,25,2,,,,1,2013,102.0,1092,4,1,,45,5,4.0,7.0,5.0
1092,8,3,5,22,1,1,15,1,67,1,,,,1,2013,102.0,1093,10,1,,37,4,1.0,4.0,4.0
1093,8,3,5,2,1,1,11,1,20,9,,,,1,2013,101.0,1094,3,1,,44,3,1.0,5.0,3.0
1094,8,3,5,2,1,1,11,1,35,9,,,,1,2013,101.0,1095,6,1,,32,6,1.0,3.0,6.0
1095,8,3,5,21,1,1,7,1,34,9,,,,1,2013,101.0,1096,5,1,,34,4,1.0,9.0,4.0
1096,8,3,5,21,1,1,7,1,17,9,,,,1,2013,101.0,1097,2,2,,2,6,4.0,5.0,6.0
1097,8,3,5,6,1,1,12,1,60,1,,,,1,2013,101.0,1098,10,1,,15,4,6.0,1.0,4.0
1098,8,3,5,6,1,1,12,1,26,1,,,,1,2013,101.0,1099,4,1,,20,4,3.0,5.0,4.0
1099,8,3,5,20,22,2,99,1,35,2,,,,2,2013,2201.0,1100,6,1,,21,6,1.0,5.0,6.0
1100,8,3,5,23,5,1,1,1,61,2,,,,2,2013,501.0,1101,10,1,,37,6,3.0,5.0,6.0
1101,8,3,5,20,10,2,99,1,56,1,,,,2,2013,1001.0,1102,10,1,,15,6,6.0,6.0,6.0
1102,8,3,5,17,9,2,99,9,999,9,,,,3,2013,901.0,1103,11,9,,22,6,12.0,6.0,6.0
1103,8,3,5,12,14,2,99,1,26,2,,,,2,2013,1401.0,1104,4,1,,99,6,99.0,99.0,6.0
1104,9,3,6,1,1,1,1,1,33,2,,,,1,2013,101.0,1105,5,1,,34,4,3.0,4.0,4.0
1105,9,3,6,1,1,1,1,2,33,1,,,,1,2013,101.0,1106,5,1,,44,3,1.0,2.0,3.0
1106,9,3,6,21,1,1,12,1,23,1,,,,1,2013,101.0,1107,3,1,,21,6,1.0,14.0,6.0
1107,9,3,6,21,1,1,12,1,35,1,,,,1,2013,101.0,1108,6,1,,20,4,1.0,8.0,4.0
1108,9,3,6,18,1,1,18,9,999,9,,,,3,2013,101.0,1109,11,9,,22,6,12.0,3.0,6.0
1109,9,3,6,21,1,1,10,1,22,1,,,,1,2013,102.0,1110,3,1,,21,3,1.0,2.0,3.0
1110,9,3,6,21,1,1,10,1,35,1,,,,1,2013,102.0,1111,6,1,,44,4,1.0,5.0,4.0
1111,9,3,6,23,1,1,10,1,40,1,,,,2,2013,102.0,1112,7,1,,32,2,1.0,8.0,2.0
1112,9,3,6,22,1,1,7,9,999,9,,,,2,2013,101.0,1113,11,9,,99,6,99.0,99.0,6.0
1113,9,3,6,22,1,1,10,1,30,1,,,,2,2013,114.0,1114,5,1,,41,6,1.0,14.0,6.0
1114,9,3,6,13,1,2,99,1,28,9,,,,1,2013,115.0,1115,4,1,,37,4,1.0,10.0,4.0
1115,9,3,6,13,1,2,99,1,26,9,,,,1,2013,115.0,1116,4,1,,42,6,4.0,1.0,6.0
1116,9,3,6,22,1,1,4,1,27,2,,,,2,2013,110.0,1117,4,1,,32,4,1.0,4.0,4.0
1117,9,3,6,20,5,2,99,1,25,1,,,,3,2013,501.0,1118,4,1,,13,6,1.0,8.0,6.0
1118,9,3,6,6,6,2,99,1,18,9,,,,3,2013,601.0,1119,2,1,,44,3,3.0,4.0,3.0
1119,9,3,6,17,10,2,99,1,37,9,,,,1,2013,1001.0,1120,6,1,,19,3,5.0,2.0,3.0
1120,9,3,6,17,10,2,99,1,22,9,,,,1,2013,1001.0,1121,3,1,,2,6,4.0,1.0,6.0
1121,9,3,6,15,15,2,99,1,37,9,,,,1,2013,1502.0,1122,6,1,,19,4,5.0,2.0,4.0
1122,9,3,6,15,15,2,99,1,25,9,,,,1,2013,1502.0,1123,4,1,,18,3,5.0,2.0,3.0
1123,9,3,6,22,14,2,99,1,18,9,,,,2,2013,1401.0,1124,2,1,,44,2,3.0,4.0,2.0
1124,9,3,6,17,14,2,99,1,57,9,,,,3,2013,1401.0,1125,10,1,,23,3,2.0,11.0,3.0
1125,10,3,7,21,1,1,1,1,25,2,,,,1,2013,101.0,1126,4,1,,44,6,10.0,2.0,6.0
1126,10,3,7,21,1,1,1,1,22,1,,,,1,2013,101.0,1127,3,1,,99,6,3.0,5.0,6.0
1127,10,3,7,22,1,1,18,1,22,1,,,,1,2013,101.0,1128,3,1,,21,5,4.0,5.0,5.0
1128,10,3,7,22,1,1,18,1,19,1,,,,3,2013,101.0,1129,2,1,,44,6,1.0,2.0,6.0
1129,10,3,7,15,1,2,99,1,27,1,,,,1,2013,105.0,1130,4,1,,32,4,2.0,2.0,4.0
1130,10,3,7,15,1,2,99,1,20,1,,,,1,2013,105.0,1131,3,1,,42,4,4.0,1.0,4.0
1131,10,3,7,2,1,1,16,1,21,9,,,,2,2013,102.0,1132,3,1,,44,6,1.0,6.0,6.0
1132,10,3,7,1,1,1,13,9,999,9,,,,2,2013,102.0,1133,11,9,,47,4,1.0,2.0,4.0
1133,10,3,7,1,1,1,7,1,21,9,,,,3,2013,101.0,1134,3,1,,2,6,4.0,5.0,6.0
1134,10,3,7,0,1,1,12,1,23,9,,,,1,2013,101.0,1135,3,1,,99,5,4.0,99.0,5.0
1135,10,3,7,0,1,1,12,1,71,1,,,,1,2013,101.0,1136,10,1,,5,4,2.0,4.0,4.0
1136,10,3,7,2,1,1,12,1,37,9,,,,1,2013,101.0,1137,6,1,,99,6,3.0,99.0,6.0
1137,10,3,7,2,1,1,12,9,999,9,,,,1,2013,101.0,1138,11,9,,99,6,99.0,99.0,6.0
1138,10,3,7,9,1,2,7,1,21,9,,,,2,2013,101.0,1139,3,1,,99,6,4.0,99.0,6.0
1139,10,3,7,12,22,2,99,1,52,1,,,,1,2013,2201.0,1140,9,1,,34,3,11.0,2.0,3.0
1140,10,3,7,12,22,2,99,1,18,1,,,,1,2013,2201.0,1141,2,1,,2,4,4.0,5.0,4.0
1141,10,3,7,18,21,1,6,2,38,2,,,,1,2013,2101.0,1142,6,1,,21,5,4.0,4.0,5.0
1142,10,3,7,18,21,1,6,1,26,9,,,,1,2013,2101.0,1143,4,1,,21,5,4.0,1.0,5.0
1143,10,3,7,22,19,2,99,1,21,2,,,,1,2013,1901.0,1144,3,1,,32,6,1.0,99.0,6.0
1144,10,3,7,22,19,2,99,1,54,1,,,,1,2013,1901.0,1145,9,1,,32,5,3.0,2.0,5.0
1145,10,3,7,17,19,2,99,9,999,9,,,,1,2013,1905.0,1146,11,9,,99,6,3.0,1.0,6.0
1146,10,3,7,17,19,2,99,1,38,1,,,,1,2013,1905.0,1147,6,1,,99,6,4.0,99.0,6.0
1147,10,3,7,0,5,2,99,1,37,9,,,,1,2013,501.0,1148,6,1,,15,4,6.0,8.0,4.0
1148,10,3,7,0,5,2,99,1,22,9,,,,1,2013,501.0,1149,3,1,,24,6,4.0,1.0,6.0
1149,10,3,7,0,5,2,99,1,32,9,,,,3,2013,501.0,1150,5,1,,4,4,1.0,9.0,4.0
1150,10,3,7,22,10,2,99,1,29,1,,,,1,2013,1001.0,1151,4,1,,99,6,4.0,4.0,6.0
1151,10,3,7,22,10,2,99,9,999,9,,,,1,2013,1001.0,1152,11,9,,99,6,3.0,99.0,6.0
1152,10,3,7,0,15,2,99,1,34,2,,,,2,2013,1501.0,1153,5,1,,99,5,11.0,2.0,5.0
1153,10,3,7,14,14,2,99,1,42,2,,,,1,2013,1401.0,1154,7,1,,32,6,1.0,2.0,6.0
1154,10,3,7,14,14,2,99,1,38,1,,,,1,2013,1401.0,1155,6,1,,21,6,4.0,4.0,6.0
1155,10,3,7,2,14,2,99,9,999,9,,,,3,2013,1401.0,1156,11,9,,37,6,9.0,3.0,6.0
1156,10,3,7,18,14,2,99,1,16,9,,,,2,2013,1401.0,1157,2,2,,99,6,4.0,99.0,6.0
1157,10,3,7,19,4,2,99,1,26,1,,,,1,2013,401.0,1158,4,1,,37,2,1.0,4.0,2.0
1158,10,3,7,19,4,2,99,1,34,2,,,,1,2013,401.0,1159,5,1,,2,6,4.0,5.0,6.0
1159,10,3,7,10,18,2,99,9,999,9,,,,1,2013,1801.0,1160,11,9,,99,6,99.0,99.0,6.0
1160,10,3,7,10,18,2,99,1,22,1,,,,1,2013,1801.0,1161,3,1,,21,6,4.0,5.0,6.0
1161,10,3,7,2,18,2,99,1,25,1,,,,2,2013,1805.0,1162,4,1,,99,6,4.0,99.0,6.0
1162,11,3,1,16,21,2,99,1,29,9,,,,3,2013,2104.0,1163,4,1,,21,6,1.0,6.0,6.0
1163,11,3,1,17,8,2,99,1,34,2,,,,1,2013,802.0,1164,5,1,,44,3,3.0,9.0,3.0
1164,11,3,1,17,8,2,99,1,34,9,,,,1,2013,802.0,1165,5,1,,44,6,3.0,6.0,6.0
1165,11,3,1,17,2,2,99,1,31,9,,,,1,2013,208.0,1166,5,1,,99,6,5.0,2.0,6.0
1166,11,3,1,17,2,2,99,1,34,9,,,,1,2013,208.0,1167,5,1,,18,5,6.0,3.0,5.0
1167,11,3,1,13,17,2,99,2,20,9,,,,1,2013,1701.0,1168,3,1,,99,6,4.0,99.0,6.0
1168,11,3,1,13,17,2,99,1,57,9,,,,1,2013,1701.0,1169,10,1,,99,6,4.0,99.0,6.0
1169,11,3,1,17,13,2,99,1,19,9,,,,3,2013,1316.0,1170,2,1,,44,6,3.0,1.0,6.0
1170,11,3,1,16,1,1,8,1,33,1,,,,1,2013,101.0,1171,5,1,,44,3,1.0,2.0,3.0
1171,11,3,1,16,1,1,8,1,18,1,,,,1,2013,101.0,1172,2,1,,2,5,4.0,5.0,5.0
1172,11,3,1,18,1,1,12,1,29,1,,,,1,2013,101.0,1173,4,1,,29,3,5.0,2.0,3.0
1173,11,3,1,18,1,1,12,1,42,1,,,,1,2013,101.0,1174,7,1,,32,3,1.0,6.0,3.0
1174,11,3,1,22,1,2,7,1,28,2,,,,3,2013,108.0,1175,4,1,,37,6,2.0,4.0,6.0
1175,11,3,1,10,1,1,7,1,28,1,,,,3,2013,101.0,1176,4,1,,23,6,5.0,2.0,6.0
1176,12,3,2,19,1,1,9,1,27,1,,,,1,2013,117.0,1177,4,1,,99,6,4.0,5.0,6.0
1177,12,3,2,19,1,1,9,1,40,1,,,,1,2013,117.0,1178,7,1,,99,6,3.0,99.0,6.0
1178,12,3,2,13,13,2,99,1,32,2,,,,1,2013,1312.0,1179,5,1,,24,6,4.0,99.0,6.0
1179,12,3,2,8,16,2,99,1,16,1,,,,2,2013,1606.0,1180,2,2,,44,2,3.0,99.0,2.0
1180,12,3,2,17,14,1,1,1,18,2,,,,1,2013,1415.0,1181,2,1,,44,6,3.0,1.0,6.0
1181,12,3,2,17,14,1,1,1,43,1,,,,1,2013,1415.0,1182,7,1,,19,6,5.0,2.0,6.0
1182,13,3,3,11,1,1,2,1,43,1,,,,1,2013,101.0,1183,7,1,,99,3,2.0,8.0,3.0
1183,13,3,3,11,1,1,2,2,21,1,,,,1,2013,101.0,1184,3,1,,21,4,1.0,1.0,4.0
1184,13,3,3,12,1,2,99,2,36,1,,,,1,2013,103.0,1185,6,1,,13,4,2.0,4.0,4.0
1185,13,3,3,12,1,2,99,1,30,1,,,,1,2013,103.0,1186,5,1,,30,4,11.0,2.0,4.0
1186,13,3,3,23,1,1,5,1,19,1,,,,2,2013,101.0,1187,2,1,,2,6,4.0,5.0,6.0
1187,13,3,3,11,1,1,11,1,31,2,,,,1,2013,101.0,1188,5,1,,42,4,4.0,1.0,4.0
1188,13,3,3,11,1,1,11,9,999,1,,,,1,2013,101.0,1189,11,9,,99,6,1.0,99.0,6.0
1189,13,3,3,21,1,1,7,1,32,2,,,,1,2013,101.0,1190,5,1,,32,4,1.0,1.0,4.0
1190,13,3,3,21,1,1,7,2,71,1,,,,1,2013,101.0,1191,10,1,,37,5,1.0,5.0,5.0
1191,13,3,3,2,1,2,99,9,999,1,,,,1,2013,114.0,1192,11,9,,40,6,4.0,9.0,6.0
1192,13,3,3,2,1,2,99,1,30,1,,,,1,2013,114.0,1193,5,1,,99,6,1.0,99.0,6.0
1193,13,3,3,23,1,1,10,1,22,2,,,,1,2013,108.0,1194,3,1,,99,4,4.0,3.0,4.0
1194,13,3,3,23,1,1,10,1,32,1,,,,1,2013,108.0,1195,5,1,,34,4,1.0,3.0,4.0
1195,13,3,3,18,1,1,9,1,25,1,,,,1,2013,109.0,1196,4,1,,44,3,9.0,6.0,3.0
1196,13,3,3,18,1,1,9,1,71,1,,,,1,2013,109.0,1197,10,1,,32,6,1.0,1.0,6.0
1197,13,3,3,21,22,2,99,1,53,1,,,,1,2013,2201.0,1198,9,1,,99,6,13.0,1.0,6.0
1198,13,3,3,21,22,2,99,1,24,1,,,,1,2013,2201.0,1199,3,1,,2,6,4.0,5.0,6.0
1199,13,3,3,18,10,2,99,1,46,1,,,,1,2013,1001.0,1200,8,1,,44,2,3.0,5.0,2.0
1200,13,3,3,18,10,2,99,1,57,1,,,,1,2013,1001.0,1201,10,1,,44,2,2.0,4.0,2.0
1201,13,3,3,21,10,2,99,1,29,2,,,,1,2013,1010.0,1202,4,1,,34,6,2.0,9.0,6.0
1202,13,3,3,21,10,2,99,9,999,1,,,,1,2013,1010.0,1203,11,9,,22,6,7.0,7.0,6.0
1203,13,3,3,18,10,2,99,1,46,2,,,,2,2013,1010.0,1204,8,1,,32,3,1.0,6.0,3.0
1204,13,3,3,21,13,2,99,1,29,2,,,,2,2013,1319.0,1205,4,1,,44,6,1.0,11.0,6.0
1205,13,3,3,12,15,2,99,1,37,2,,,,1,2013,1507.0,1206,6,1,,2,6,4.0,5.0,6.0
1206,13,3,3,12,15,2,99,1,53,1,,,,1,2013,1507.0,1207,9,1,,37,3,1.0,6.0,3.0
1207,13,3,3,11,3,2,99,1,47,1,,,,3,2013,301.0,1208,8,1,,19,6,5.0,2.0,6.0
1208,14,3,4,23,1,1,18,1,27,2,,,,2,2013,101.0,1209,4,1,,14,5,4.0,5.0,5.0
1209,14,3,4,12,1,2,99,2,28,1,,,,1,2013,103.0,1210,4,1,,37,3,1.0,6.0,3.0
1210,14,3,4,12,1,2,99,1,21,1,,,,1,2013,103.0,1211,3,1,,2,5,4.0,5.0,5.0
1211,14,3,4,12,1,2,99,1,27,1,,,,1,2013,103.0,1212,4,1,,36,3,4.0,1.0,3.0
1212,14,3,4,23,1,2,99,1,35,2,,,,1,2013,115.0,1213,6,1,,44,3,2.0,9.0,3.0
1213,14,3,4,23,1,2,99,1,35,1,,,,1,2013,115.0,1214,6,1,,99,3,6.0,3.0,3.0
1214,14,3,4,7,1,1,5,1,21,1,,,,1,2013,115.0,1215,3,1,,99,6,2.0,99.0,6.0
1215,14,3,4,7,1,1,5,1,20,1,,,,1,2013,115.0,1216,3,1,,99,6,2.0,99.0,6.0
1216,14,3,4,19,22,2,99,1,34,1,,,,1,2013,2216.0,1217,5,1,,99,6,12.0,99.0,6.0
1217,14,3,4,19,22,2,99,1,37,1,,,,1,2013,2216.0,1218,6,1,,99,6,6.0,99.0,6.0
1218,14,3,4,19,22,2,99,9,999,1,,,,1,2013,2216.0,1219,11,9,,37,6,2.0,3.0,6.0
1219,14,3,4,10,21,2,99,1,23,1,,,,1,2013,2101.0,1220,3,1,,23,2,3.0,8.0,2.0
1220,14,3,4,10,21,2,99,1,24,1,,,,1,2013,2101.0,1221,3,1,,40,6,4.0,1.0,6.0
1221,14,3,4,6,19,2,99,1,40,1,,,,1,2013,1901.0,1222,7,1,,15,3,6.0,5.0,3.0
1222,14,3,4,6,19,2,99,1,40,1,,,,1,2013,1901.0,1223,7,1,,37,3,3.0,5.0,3.0
1223,14,3,4,16,19,2,99,1,38,1,,,,1,2013,1901.0,1224,6,1,,15,4,6.0,8.0,4.0
1224,14,3,4,16,19,2,99,1,53,1,,,,1,2013,1901.0,1225,9,1,,44,3,3.0,4.0,3.0
1225,14,3,4,10,10,2,99,1,48,1,,,,3,2013,1001.0,1226,8,1,,99,6,13.0,99.0,6.0
1226,14,3,4,4,13,1,11,9,999,9,,,,2,2013,1301.0,1227,11,9,,44,2,1.0,2.0,2.0
1227,14,3,4,12,16,1,12,1,44,1,,,,1,2013,1601.0,1228,7,1,,99,6,2.0,3.0,6.0
1228,14,3,4,12,16,1,12,1,22,1,,,,1,2013,1601.0,1229,3,1,,21,6,4.0,99.0,6.0
1229,14,3,4,21,16,2,99,1,33,2,,,,2,2013,1601.0,1230,5,1,,44,3,1.0,2.0,3.0
1230,14,3,4,20,17,2,99,1,28,1,,,,1,2013,1701.0,1231,4,1,,34,6,1.0,99.0,6.0
1231,14,3,4,20,17,2,99,1,38,1,,,,1,2013,1701.0,1232,6,1,,42,6,4.0,99.0,6.0
1232,15,3,5,23,1,1,18,1,24,2,,,,2,2013,101.0,1233,3,1,,44,6,3.0,2.0,6.0
1233,15,3,5,22,1,2,99,2,30,1,,,,1,2013,102.0,1234,5,1,,14,6,4.0,4.0,6.0
1234,15,3,5,22,1,2,99,1,26,2,,,,1,2013,102.0,1235,4,1,,2,4,4.0,5.0,4.0
1235,15,3,5,21,1,2,7,1,21,9,,,,3,2013,101.0,1236,3,1,,24,6,4.0,5.0,6.0
1236,15,3,5,15,19,2,99,9,999,9,,,,1,2013,1901.0,1237,11,9,,33,6,5.0,2.0,6.0
1237,15,3,5,15,19,2,99,1,27,9,,,,1,2013,1901.0,1238,4,1,,99,6,4.0,99.0,6.0
1238,15,3,5,22,10,2,99,1,22,2,,,,1,2013,1001.0,1239,3,1,,21,5,4.0,5.0,5.0
1239,15,3,5,22,10,2,99,1,24,1,,,,1,2013,1001.0,1240,3,1,,42,5,4.0,5.0,5.0
1240,15,3,5,2,9,2,99,1,48,2,,,,2,2013,916.0,1241,8,1,,99,4,1.0,5.0,4.0
1241,15,3,5,20,17,2,99,1,18,9,,,,1,2013,1712.0,1242,2,1,,99,6,4.0,99.0,6.0
1242,15,3,5,20,17,2,99,9,999,9,,,,1,2013,1712.0,1243,11,9,,99,6,1.0,99.0,6.0
1243,15,3,5,12,4,2,99,9,999,9,,,,3,2013,411.0,1244,11,9,,44,6,3.0,3.0,6.0
1244,15,3,5,19,4,2,99,1,25,2,,,,2,2013,401.0,1245,4,1,,99,6,1.0,5.0,6.0
1245,15,3,5,23,3,2,99,2,34,1,,,,1,2013,301.0,1246,5,1,,44,4,3.0,4.0,4.0
1246,15,3,5,23,3,2,99,1,50,1,,,,1,2013,301.0,1247,9,1,,30,4,5.0,2.0,4.0
1247,16,3,6,2,1,1,1,1,36,1,,,,1,2013,101.0,1248,6,1,,34,6,1.0,99.0,6.0
1248,16,3,6,2,1,1,1,1,34,1,,,,1,2013,101.0,1249,5,1,,6,4,1.0,1.0,4.0
1249,16,3,6,17,1,1,1,1,22,1,,,,1,2013,101.0,1250,3,1,,32,3,1.0,9.0,3.0
1250,16,3,6,17,1,1,1,2,28,1,,,,1,2013,101.0,1251,4,1,,44,4,1.0,4.0,4.0
1251,16,3,6,19,1,1,1,1,30,2,,,,1,2013,101.0,1252,5,1,,13,3,3.0,5.0,3.0
1252,16,3,6,19,1,1,1,9,999,9,,,,1,2013,101.0,1253,11,9,,99,6,99.0,99.0,6.0
1253,16,3,6,22,1,2,99,1,27,2,,,,1,2013,105.0,1254,4,1,,42,4,1.0,4.0,4.0
1254,16,3,6,22,1,2,99,1,32,1,,,,1,2013,105.0,1255,5,1,,21,4,2.0,4.0,4.0
1255,16,3,6,5,1,1,10,1,28,1,,,,1,2013,102.0,1256,4,1,,99,6,3.0,99.0,6.0
1256,16,3,6,5,1,1,10,2,29,1,,,,1,2013,102.0,1257,4,1,,20,5,2.0,4.0,5.0
1257,16,3,6,3,1,1,12,1,20,2,,,,2,2013,101.0,1258,3,1,,42,6,4.0,5.0,6.0
1258,16,3,6,3,1,1,4,1,25,2,,,,2,2013,110.0,1259,4,1,,34,6,1.0,2.0,6.0
1259,16,3,6,17,22,2,99,1,18,9,,,,3,2013,2201.0,1260,2,1,,5,4,1.0,99.0,4.0
1260,16,3,6,20,20,2,99,1,23,9,,,,3,2013,2001.0,1261,3,1,,99,6,3.0,99.0,6.0
1261,16,3,6,3,5,2,99,2,21,1,,,,1,2013,501.0,1262,3,1,,99,6,9.0,99.0,6.0
1262,16,3,6,3,5,2,99,1,56,1,,,,1,2013,501.0,1263,10,1,,20,6,9.0,3.0,6.0
1263,16,3,6,22,5,2,99,1,21,1,,,,1,2013,501.0,1264,3,1,,30,3,99.0,2.0,3.0
1264,16,3,6,22,5,2,99,1,27,2,,,,1,2013,501.0,1265,4,1,,44,3,99.0,1.0,3.0
1265,16,3,6,19,10,2,99,9,999,9,,,,1,2013,1010.0,1266,11,9,,99,6,3.0,3.0,6.0
1266,16,3,6,19,10,2,99,1,29,9,,,,1,2013,1010.0,1267,4,1,,42,6,4.0,5.0,6.0
1267,16,3,6,3,11,2,99,2,21,2,,,,2,2013,1101.0,1268,3,1,,2,6,4.0,1.0,6.0
1268,16,3,6,18,12,2,99,1,42,9,,,,1,2013,1215.0,1269,7,1,,37,4,9.0,4.0,4.0
1269,16,3,6,18,12,2,99,1,43,9,,,,1,2013,1215.0,1270,7,1,,44,3,2.0,5.0,3.0
1270,16,3,6,21,13,2,99,2,18,2,,,,2,2013,1301.0,1271,2,1,,24,5,4.0,1.0,5.0
1271,16,3,6,12,18,2,99,2,27,9,,,,1,2013,1801.0,1272,4,1,,99,6,4.0,99.0,6.0
1272,16,3,6,12,18,2,99,2,22,9,,,,1,2013,1801.0,1273,3,1,,99,6,4.0,99.0,6.0
1273,16,3,6,12,18,2,99,2,32,9,,,,3,2013,1801.0,1274,5,1,,14,6,4.0,5.0,6.0
1274,16,3,6,22,17,2,99,1,23,2,,,,3,2013,1701.0,1275,3,1,,42,6,4.0,3.0,6.0
1275,16,3,6,14,17,2,99,9,999,9,,,,1,2013,1701.0,1276,11,9,,44,6,1.0,11.0,6.0
1276,16,3,6,14,17,2,99,1,15,9,,,,1,2013,1701.0,1277,2,2,,14,5,4.0,2.0,5.0
1277,16,3,6,14,17,2,99,1,35,9,,,,2,2013,1701.0,1278,6,1,,34,4,2.0,3.0,4.0
1278,16,3,6,21,17,2,99,2,35,9,,,,2,2013,1701.0,1279,6,1,,34,4,2.0,3.0,4.0
1279,16,3,6,19,14,2,99,9,999,9,,,,3,2013,1401.0,1280,11,9,,44,6,3.0,9.0,6.0
1280,17,3,7,20,1,2,99,1,19,1,,,,1,2013,105.0,1281,2,1,,40,6,4.0,3.0,6.0
1281,17,3,7,20,1,2,99,1,51,1,,,,1,2013,105.0,1282,9,1,,44,2,3.0,9.0,2.0
1282,17,3,7,3,1,2,99,1,40,9,,,,1,2013,102.0,1283,7,1,,37,3,1.0,5.0,3.0
1283,17,3,7,3,1,2,99,1,52,9,,,,1,2013,102.0,1284,9,1,,34,2,9.0,2.0,2.0
1284,17,3,7,3,1,1,10,1,45,2,,,,1,2013,102.0,1285,8,1,,33,6,1.0,4.0,6.0
1285,17,3,7,3,1,1,10,1,23,9,,,,1,2013,102.0,1286,3,1,,42,6,4.0,99.0,6.0
1286,17,3,7,21,1,1,12,1,40,1,,,,1,2013,101.0,1287,7,1,,24,6,4.0,5.0,6.0
1287,17,3,7,21,1,1,12,9,999,9,,,,1,2013,101.0,1288,11,9,,11,6,1.0,3.0,6.0
1288,17,3,7,0,1,1,12,1,40,9,,,,2,2013,101.0,1289,7,1,,23,2,2.0,4.0,2.0
1289,17,3,7,10,1,2,99,1,23,9,,,,1,2013,115.0,1290,3,1,,2,5,4.0,5.0,5.0
1290,17,3,7,10,1,2,99,1,24,9,,,,1,2013,115.0,1291,3,1,,42,4,4.0,3.0,4.0
1291,17,3,7,18,1,2,99,2,25,1,,,,1,2013,115.0,1292,4,1,,44,3,1.0,99.0,3.0
1292,17,3,7,18,1,2,99,1,36,1,,,,1,2013,115.0,1293,6,1,,44,3,1.0,4.0,3.0
1293,17,3,7,18,1,2,99,1,55,1,,,,1,2013,115.0,1294,10,1,,37,2,9.0,2.0,2.0
1294,17,3,7,14,1,1,4,1,36,1,,,,1,2013,110.0,1295,6,1,,30,6,1.0,4.0,6.0
1295,17,3,7,14,1,1,4,2,30,1,,,,1,2013,110.0,1296,5,1,,21,6,1.0,2.0,6.0
1296,17,3,7,4,1,2,99,1,32,2,,,,3,2013,110.0,1297,5,1,,42,5,4.0,1.0,5.0
1297,17,3,7,23,21,2,99,1,20,2,,,,3,2013,2101.0,1298,3,1,,44,6,4.0,99.0,6.0
1298,17,3,7,23,20,2,99,1,56,9,,,,1,2013,2001.0,1299,10,1,,44,4,3.0,5.0,4.0
1299,17,3,7,23,20,2,99,1,22,9,,,,1,2013,2001.0,1300,3,1,,99,5,4.0,5.0,5.0
1300,17,3,7,23,19,2,99,9,999,9,,,,1,2013,1901.0,1301,11,9,,99,6,5.0,99.0,6.0
1301,17,3,7,23,19,2,99,1,46,9,,,,1,2013,1901.0,1302,8,1,,99,6,3.0,99.0,6.0
1302,17,3,7,21,19,2,99,9,999,9,,,,1,2013,1901.0,1303,11,9,,99,6,6.0,99.0,6.0
1303,17,3,7,21,19,2,99,1,26,1,,,,1,2013,1901.0,1304,4,1,,99,6,4.0,99.0,6.0
1304,17,3,7,21,5,2,99,1,25,2,,,,2,2013,501.0,1305,4,1,,99,6,4.0,3.0,6.0
1305,17,3,7,0,5,2,99,1,31,1,,,,1,2013,501.0,1306,5,1,,34,4,1.0,4.0,4.0
1306,17,3,7,0,5,2,99,1,36,1,,,,1,2013,501.0,1307,6,1,,34,6,1.0,11.0,6.0
1307,17,3,7,4,5,2,99,1,38,1,,,,1,2013,501.0,1308,6,1,,99,6,4.0,99.0,6.0
1308,17,3,7,4,5,2,99,1,43,1,,,,1,2013,501.0,1309,7,1,,2,6,4.0,1.0,6.0
1309,17,3,7,9,5,2,99,1,45,1,,,,2,2013,501.0,1310,8,1,,2,6,4.0,5.0,6.0
1310,17,3,7,17,10,2,99,9,999,9,,,,1,2013,1010.0,1311,11,9,,15,4,6.0,5.0,4.0
1311,17,3,7,17,10,2,99,1,40,9,,,,1,2013,1010.0,1312,7,1,,44,6,3.0,4.0,6.0
1312,17,3,7,5,9,2,99,1,46,2,,,,2,2013,901.0,1313,8,1,,44,2,3.0,1.0,2.0
1313,17,3,7,13,9,2,99,1,29,1,,,,1,2013,901.0,1314,4,1,,44,2,1.0,10.0,2.0
1314,17,3,7,13,9,2,99,1,21,2,,,,1,2013,901.0,1315,3,1,,99,5,11.0,2.0,5.0
1315,17,3,7,13,9,2,99,1,26,1,,,,3,2013,901.0,1316,4,1,,99,6,4.0,5.0,6.0
1316,17,3,7,0,2,2,99,1,31,1,,,,1,2013,201.0,1317,5,1,,44,2,3.0,5.0,2.0
1317,17,3,7,0,2,2,99,9,999,9,,,,1,2013,201.0,1318,11,9,,99,6,5.0,99.0,6.0
1318,17,3,7,20,2,2,99,1,38,9,,,,3,2013,201.0,1319,6,1,,21,2,1.0,8.0,2.0
1319,17,3,7,23,18,2,99,1,28,9,,,,1,2013,1801.0,1320,4,1,,30,3,1.0,5.0,3.0
1320,17,3,7,23,18,2,99,1,41,9,,,,1,2013,1801.0,1321,7,1,,42,4,4.0,5.0,4.0
1321,17,3,7,11,18,2,99,1,49,9,,,,1,2013,1801.0,1322,8,1,,15,6,6.0,6.0,6.0
1322,17,3,7,11,18,2,99,1,29,9,,,,1,2013,1801.0,1323,4,1,,15,4,6.0,3.0,4.0
1323,17,3,7,1,3,2,99,1,30,9,,,,1,2013,301.0,1324,5,1,,46,4,1.0,1.0,4.0
1324,17,3,7,1,3,2,99,1,28,2,,,,1,2013,301.0,1325,4,1,,44,4,1.0,4.0,4.0
1325,17,3,7,16,3,2,99,1,22,1,,,,1,2013,301.0,1326,3,1,,99,6,1.0,99.0,6.0
1326,17,3,7,16,3,2,99,1,41,1,,,,1,2013,301.0,1327,7,1,,99,6,18.0,99.0,6.0
1327,18,3,1,16,1,1,1,1,19,9,,,,1,2013,101.0,1328,2,1,,46,3,1.0,9.0,3.0
1328,18,3,1,16,1,1,1,1,19,9,,,,1,2013,101.0,1329,2,1,,20,4,1.0,3.0,4.0
1329,18,3,1,6,1,1,7,1,25,2,,,,2,2013,101.0,1330,4,1,,32,3,1.0,4.0,3.0
1330,18,3,1,9,1,1,12,1,35,2,,,,2,2013,101.0,1331,6,1,,32,6,1.0,4.0,6.0
1331,18,3,1,9,1,1,2,1,48,1,,,,2,2013,115.0,1332,8,1,,42,6,11.0,2.0,6.0
1332,18,3,1,15,1,1,2,1,28,1,,,,3,2013,110.0,1333,4,1,,99,6,4.0,99.0,6.0
1333,18,3,1,20,9,2,99,1,44,2,,,,1,2013,901.0,1334,7,1,,44,3,1.0,5.0,3.0
1334,18,3,1,20,9,2,99,9,999,9,,,,1,2013,901.0,1335,11,9,,42,6,4.0,1.0,6.0
1335,18,3,1,20,9,2,99,9,999,9,,,,1,2013,901.0,1336,11,9,,24,6,4.0,7.0,6.0
1336,18,3,1,14,9,2,99,1,28,1,,,,2,2013,901.0,1337,4,1,,99,6,4.0,7.0,6.0
1337,18,3,1,10,16,2,99,1,23,1,,,,2,2013,1601.0,1338,3,1,,24,6,4.0,1.0,6.0
1338,18,3,1,21,16,2,99,1,16,1,,,,2,2013,1601.0,1339,2,2,,42,6,4.0,5.0,6.0
1339,18,3,1,0,17,2,99,9,999,9,,,,1,2013,1701.0,1340,11,9,,99,6,99.0,99.0,6.0
1340,18,3,1,0,17,2,99,1,21,9,,,,1,2013,1701.0,1341,3,1,,99,6,4.0,99.0,6.0
1341,18,3,1,10,14,2,99,1,25,2,,,,1,2013,1401.0,1342,4,1,,44,2,3.0,1.0,2.0
1342,18,3,1,10,14,2,99,1,24,1,,,,1,2013,1401.0,1343,3,1,,37,4,9.0,4.0,4.0
1343,18,3,1,13,14,2,99,1,27,1,,,,2,2013,1401.0,1344,4,1,,2,5,4.0,9.0,5.0
1344,19,3,2,23,1,1,1,1,21,2,,,,1,2013,101.0,1345,3,1,,2,5,4.0,5.0,5.0
1345,19,3,2,23,1,1,1,1,31,1,,,,1,2013,101.0,1346,5,1,,44,5,11.0,9.0,5.0
1346,19,3,2,2,1,1,18,9,999,9,,,,3,2013,101.0,1347,11,9,,15,6,6.0,5.0,6.0
1347,19,3,2,0,1,1,18,1,47,1,,,,2,2013,101.0,1348,8,1,,44,6,1.0,8.0,6.0
1348,19,3,2,10,9,2,99,1,19,1,,,,1,2013,901.0,1349,2,1,,44,6,9.0,6.0,6.0
1349,19,3,2,10,9,2,99,1,33,1,,,,1,2013,901.0,1350,5,1,,44,6,3.0,1.0,6.0
1350,19,3,2,22,18,2,99,1,24,9,,,,1,2013,1801.0,1351,3,1,,99,6,3.0,99.0,6.0
1351,19,3,2,22,18,2,99,1,24,9,,,,1,2013,1801.0,1352,3,1,,99,3,3.0,99.0,3.0
1352,19,3,2,3,17,2,99,9,999,9,,,,3,2013,1701.0,1353,11,9,,21,6,4.0,1.0,6.0
1353,19,3,2,8,17,2,99,1,30,1,,,,1,2013,1706.0,1354,5,1,,44,6,2.0,99.0,6.0
1354,19,3,2,8,17,2,99,1,18,1,,,,1,2013,1706.0,1355,2,1,,42,6,4.0,5.0,6.0
1355,19,3,2,0,4,2,99,1,47,2,,,,2,2013,401.0,1356,8,1,,5,3,1.0,2.0,3.0
1356,19,3,2,16,3,2,99,1,34,1,,,,1,2013,301.0,1357,5,1,,32,6,1.0,1.0,6.0
1357,19,3,2,16,3,2,99,2,32,1,,,,1,2013,301.0,1358,5,1,,42,4,1.0,4.0,4.0
1358,20,3,3,13,22,2,99,9,999,9,,,,3,2013,2214.0,1359,11,9,,44,6,3.0,5.0,6.0
1359,20,3,3,7,6,2,99,1,30,9,,,,2,2013,601.0,1360,5,1,,44,6,3.0,2.0,6.0
1360,21,3,4,14,1,1,1,9,999,1,,,,1,2013,101.0,1361,11,9,,37,6,1.0,99.0,6.0
1361,21,3,4,14,1,1,1,1,26,1,,,,1,2013,101.0,1362,4,1,,26,2,1.0,3.0,2.0
1362,21,3,4,14,1,1,1,1,29,1,,,,1,2013,101.0,1363,4,1,,13,6,1.0,6.0,6.0
1363,21,3,4,4,1,1,1,1,21,1,,,,1,2013,101.0,1364,3,1,,42,6,4.0,1.0,6.0
1364,21,3,4,4,1,1,1,1,26,1,,,,1,2013,101.0,1365,4,1,,42,4,2.0,4.0,4.0
1365,21,3,4,18,1,1,1,1,25,1,,,,1,2013,101.0,1366,4,1,,44,6,3.0,99.0,6.0
1366,21,3,4,18,1,1,1,1,42,1,,,,1,2013,101.0,1367,7,1,,33,4,2.0,99.0,4.0
1367,21,3,4,23,1,1,11,1,35,2,,,,1,2013,101.0,1368,6,1,,32,6,2.0,3.0,6.0
1368,21,3,4,23,1,1,11,2,23,1,,,,1,2013,101.0,1369,3,1,,44,6,1.0,4.0,6.0
1369,21,3,4,23,1,1,11,2,24,1,,,,1,2013,101.0,1370,3,1,,32,6,1.0,4.0,6.0
1370,21,3,4,23,1,1,11,2,48,1,,,,1,2013,101.0,1371,8,1,,44,6,1.0,4.0,6.0
1371,21,3,4,21,1,1,11,1,38,2,,,,3,2013,115.0,1372,6,1,,99,6,1.0,4.0,6.0
1372,21,3,4,21,22,2,99,9,999,9,,,,99,2013,2201.0,1373,11,9,,99,6,99.0,99.0,6.0
1373,21,3,4,8,20,1,2,1,44,1,,,,1,2013,2001.0,1374,7,1,,44,3,3.0,2.0,3.0
1374,21,3,4,8,20,1,2,1,24,1,,,,1,2013,2001.0,1375,3,1,,21,4,4.0,2.0,4.0
1375,21,3,4,18,5,2,99,1,59,1,,,,1,2013,501.0,1376,10,1,,15,3,6.0,2.0,3.0
1376,21,3,4,18,5,2,99,1,37,1,,,,1,2013,501.0,1377,6,1,,99,5,4.0,3.0,5.0
1377,21,3,4,8,6,2,99,1,28,1,,,,3,2013,603.0,1378,4,1,,44,6,9.0,2.0,6.0
1378,21,3,4,21,10,2,99,1,22,1,,,,3,2013,1003.0,1379,3,1,,36,6,4.0,3.0,6.0
1379,21,3,4,0,12,2,99,1,19,1,,,,3,2013,1211.0,1380,2,1,,99,6,4.0,99.0,6.0
1380,21,3,4,22,13,1,10,1,43,2,,,,1,2013,1301.0,1381,7,1,,15,6,6.0,2.0,6.0
1381,21,3,4,22,13,2,99,1,23,1,,,,1,2013,1301.0,1382,3,1,,21,6,1.0,4.0,6.0
1382,21,3,4,22,2,2,99,1,24,1,,,,1,2013,208.0,1383,3,1,,22,6,6.0,2.0,6.0
1383,21,3,4,22,2,2,99,1,31,1,,,,1,2013,208.0,1384,5,1,,21,6,4.0,5.0,6.0
1384,21,3,4,5,17,2,99,1,18,1,,,,2,2013,1701.0,1385,2,1,,42,6,4.0,5.0,6.0
1385,22,3,5,23,1,1,1,1,23,1,,,,1,2013,101.0,1386,3,1,,34,6,11.0,2.0,6.0
1386,22,3,5,23,1,1,1,1,24,1,,,,1,2013,101.0,1387,3,1,,21,5,4.0,5.0,5.0
1387,22,3,5,10,1,1,1,1,45,1,,,,1,2013,101.0,1388,8,1,,34,6,9.0,2.0,6.0
1388,22,3,5,10,1,1,1,1,33,1,,,,1,2013,101.0,1389,5,1,,99,6,3.0,99.0,6.0
1389,22,3,5,19,1,1,18,1,42,1,,,,1,2013,101.0,1390,7,1,,32,4,1.0,11.0,4.0
1390,22,3,5,19,1,1,18,1,26,1,,,,1,2013,101.0,1391,4,1,,44,2,1.0,1.0,2.0
1391,22,3,5,6,1,1,12,1,35,1,,,,1,2013,101.0,1392,6,1,,15,6,6.0,2.0,6.0
1392,22,3,5,6,1,1,12,1,22,1,,,,1,2013,101.0,1393,3,1,,15,6,6.0,5.0,6.0
1393,22,3,5,6,1,1,12,1,32,1,,,,1,2013,101.0,1394,5,1,,15,6,6.0,1.0,6.0
1394,22,3,5,2,1,1,12,1,35,2,,,,3,2013,115.0,1395,6,1,,4,6,1.0,1.0,6.0
1395,22,3,5,2,1,1,3,1,40,1,,,,2,2013,108.0,1396,7,1,,99,6,4.0,1.0,6.0
1396,22,3,5,21,22,2,99,9,999,9,,,,2,2013,2217.0,1397,11,9,,99,6,3.0,9.0,6.0
1397,22,3,5,21,22,2,99,1,26,9,,,,2,2013,2217.0,1398,4,1,,37,6,3.0,4.0,6.0
1398,22,3,5,20,22,2,99,2,24,9,,,,2,2013,2202.0,1399,3,1,,2,6,4.0,5.0,6.0
1399,22,3,5,17,21,2,99,1,23,9,,,,2,2013,2101.0,1400,3,1,,99,6,3.0,4.0,6.0
1400,22,3,5,15,5,2,99,1,33,1,,,,1,2013,501.0,1401,5,1,,29,6,6.0,5.0,6.0
1401,22,3,5,15,5,2,99,1,22,1,,,,1,2013,501.0,1402,3,1,,42,6,4.0,3.0,6.0
1402,22,3,5,22,12,2,99,9,999,9,,,,2,2013,1201.0,1403,11,9,,99,6,3.0,1.0,6.0
1403,22,3,5,16,17,2,99,9,999,9,,,,1,2013,1703.0,1404,11,9,,99,6,14.0,1.0,6.0
1404,22,3,5,16,17,2,99,1,23,9,,,,1,2013,1703.0,1405,3,1,,99,6,4.0,99.0,6.0
1405,22,3,5,1,3,2,99,1,21,2,,,,3,2013,301.0,1406,3,1,,99,6,4.0,4.0,6.0
1406,23,3,6,23,1,1,3,1,24,2,,,,2,2013,101.0,1407,3,1,,9,1,1.0,6.0,1.0
1407,23,3,6,19,1,1,11,1,24,2,,,,1,2013,101.0,1408,3,1,,17,6,10.0,6.0,6.0
1408,23,3,6,19,1,1,11,1,24,1,,,,1,2013,101.0,1409,3,1,,37,6,1.0,4.0,6.0
1409,23,3,6,20,1,1,11,1,52,2,,,,1,2013,101.0,1410,9,1,,44,3,1.0,8.0,3.0
1410,23,3,6,20,1,1,11,1,43,1,,,,1,2013,101.0,1411,7,1,,20,4,10.0,2.0,4.0
1411,23,3,6,22,1,1,12,9,999,9,,,,1,2013,101.0,1412,11,9,,20,6,10.0,2.0,6.0
1412,23,3,6,22,1,1,12,1,24,1,,,,1,2013,101.0,1413,3,1,,99,6,4.0,5.0,6.0
1413,23,3,6,19,1,1,3,1,52,1,,,,1,2013,108.0,1414,9,1,,17,6,10.0,2.0,6.0
1414,23,3,6,19,1,1,3,1,45,1,,,,1,2013,108.0,1415,8,1,,23,6,3.0,5.0,6.0
1415,23,3,6,18,21,2,99,1,30,1,,,,1,2013,2102.0,1416,5,1,,2,5,14.0,1.0,5.0
1416,23,3,6,18,21,2,99,1,37,1,,,,1,2013,2102.0,1417,6,1,,99,6,4.0,99.0,6.0
1417,23,3,6,12,19,2,99,1,27,2,,,,3,2013,1901.0,1418,4,1,,42,4,4.0,3.0,4.0
1418,23,3,6,18,19,1,1,1,30,2,,,,1,2013,1901.0,1419,5,1,,42,6,4.0,1.0,6.0
1419,23,3,6,18,19,1,1,2,25,1,,,,1,2013,1901.0,1420,4,1,,44,4,1.0,99.0,4.0
1420,23,3,6,18,19,2,99,1,38,1,,,,1,2013,1901.0,1421,6,1,,44,4,1.0,9.0,4.0
1421,23,3,6,18,19,2,99,1,62,1,,,,1,2013,1901.0,1422,10,1,,99,6,4.0,2.0,6.0
1422,23,3,6,21,5,1,2,1,44,2,,,,2,2013,506.0,1423,7,1,,2,4,4.0,5.0,4.0
1423,23,3,6,21,5,2,99,1,34,2,,,,1,2013,511.0,1424,5,1,,99,4,3.0,4.0,4.0
1424,23,3,6,21,5,2,99,9,999,1,,,,1,2013,511.0,1425,11,9,,23,3,5.0,2.0,3.0
1425,23,3,6,19,5,2,99,9,999,1,,,,1,2013,501.0,1426,11,9,,42,6,4.0,1.0,6.0
1426,23,3,6,19,5,2,99,2,32,1,,,,1,2013,501.0,1427,5,1,,99,6,4.0,99.0,6.0
1427,23,3,6,19,6,2,99,1,38,1,,,,1,2013,601.0,1428,6,1,,21,6,4.0,1.0,6.0
1428,23,3,6,19,6,2,99,1,35,1,,,,1,2013,601.0,1429,6,1,,30,4,1.0,6.0,4.0
1429,23,3,6,21,10,2,99,1,50,9,,,,1,2013,1001.0,1430,9,1,,99,6,6.0,99.0,6.0
1430,23,3,6,21,10,2,99,9,999,9,,,,1,2013,1001.0,1431,11,9,,99,6,6.0,99.0,6.0
1431,23,3,6,18,11,1,1,2,22,1,,,,1,2013,1101.0,1432,3,1,,42,6,4.0,2.0,6.0
1432,23,3,6,18,11,1,1,1,19,1,,,,1,2013,1101.0,1433,2,1,,13,3,12.0,7.0,3.0
1433,23,3,6,3,11,1,1,1,35,1,,,,3,2013,1101.0,1434,6,1,,2,6,14.0,1.0,6.0
1434,23,3,6,14,12,2,99,9,999,9,,,,3,2013,1203.0,1435,11,9,,99,6,7.0,3.0,6.0
1435,23,3,6,22,12,2,99,9,999,9,,,,1,2013,1219.0,1436,11,9,,99,6,99.0,99.0,6.0
1436,23,3,6,22,12,2,99,9,999,9,,,,1,2013,1219.0,1437,11,9,,99,6,99.0,99.0,6.0
1437,23,3,6,20,18,2,99,1,33,2,,,,1,2013,1801.0,1438,5,1,,34,6,1.0,4.0,6.0
1438,23,3,6,20,18,2,99,1,45,1,,,,1,2013,1801.0,1439,8,1,,15,3,6.0,2.0,3.0
1439,23,3,6,3,18,2,99,1,41,2,,,,2,2013,1804.0,1440,7,1,,99,6,3.0,5.0,6.0
1440,23,3,6,16,17,2,99,2,26,1,,,,1,2013,1710.0,1441,4,1,,99,6,4.0,99.0,6.0
1441,23,3,6,16,17,2,99,9,999,9,,,,1,2013,1710.0,1442,11,9,,99,6,99.0,99.0,6.0
1442,23,3,6,10,3,2,99,1,33,1,,,,1,2013,308.0,1443,5,1,,42,4,1.0,5.0,4.0
1443,23,3,6,10,3,2,99,1,19,1,,,,1,2013,308.0,1444,2,1,,2,5,4.0,1.0,5.0
1444,24,3,7,1,1,1,3,1,27,2,,,,1,2013,101.0,1445,4,1,,4,3,1.0,4.0,3.0
1445,24,3,7,1,1,1,3,1,48,2,,,,1,2013,101.0,1446,8,1,,32,6,1.0,5.0,6.0
1446,24,3,7,19,1,1,7,1,25,2,,,,1,2013,101.0,1447,4,1,,42,4,1.0,2.0,4.0
1447,24,3,7,19,1,1,7,1,26,1,,,,1,2013,101.0,1448,4,1,,99,2,1.0,8.0,2.0
1448,24,3,7,1,1,1,7,1,51,2,,,,2,2013,101.0,1449,9,1,,44,3,3.0,5.0,3.0
1449,24,3,7,1,1,1,12,1,39,2,,,,1,2013,101.0,1450,6,1,,5,3,3.0,1.0,3.0
1450,24,3,7,1,1,1,12,1,36,1,,,,1,2013,101.0,1451,6,1,,33,6,12.0,99.0,6.0
1451,24,3,7,14,1,1,7,1,22,1,,,,2,2013,101.0,1452,3,1,,99,6,1.0,4.0,6.0
1452,24,3,7,3,1,1,5,1,26,2,,,,1,2013,115.0,1453,4,1,,34,3,1.0,2.0,3.0
1453,24,3,7,3,1,1,5,1,28,1,,,,1,2013,115.0,1454,4,1,,44,4,10.0,2.0,4.0
1454,24,3,7,8,1,2,99,9,999,9,,,,3,2013,114.0,1455,11,9,,99,6,7.0,6.0,6.0
1455,24,3,7,18,1,1,19,1,25,2,,,,1,2013,110.0,1456,4,1,,37,4,1.0,2.0,4.0
1456,24,3,7,18,1,1,19,9,999,9,,,,1,2013,110.0,1457,11,9,,44,2,1.0,1.0,2.0
1457,24,3,7,22,5,2,99,1,36,1,,,,1,2013,501.0,1458,6,1,,15,3,6.0,2.0,3.0
1458,24,3,7,22,5,2,99,1,35,1,,,,1,2013,501.0,1459,6,1,,44,6,1.0,5.0,6.0
1459,24,3,7,17,5,2,99,1,40,1,,,,1,2013,501.0,1460,7,1,,15,6,6.0,8.0,6.0
1460,24,3,7,17,5,2,99,1,28,1,,,,1,2013,501.0,1461,4,1,,37,6,3.0,2.0,6.0
1461,24,3,7,20,6,2,99,1,64,1,,,,3,2013,601.0,1462,10,1,,44,6,3.0,6.0,6.0
1462,24,3,7,6,15,2,99,1,44,1,,,,1,2013,1508.0,1463,7,1,,44,5,9.0,2.0,5.0
1463,24,3,7,6,15,2,99,9,999,9,,,,1,2013,1508.0,1464,11,9,,13,6,3.0,10.0,6.0
1464,24,3,7,6,15,2,99,1,40,2,,,,1,2013,1508.0,1465,7,1,,44,6,3.0,3.0,6.0
1465,24,3,7,6,15,2,99,9,999,9,,,,1,2013,1508.0,1466,11,9,,99,6,4.0,99.0,6.0
1466,24,3,7,14,2,2,99,1,37,1,,,,1,2013,201.0,1467,6,1,,21,4,4.0,1.0,4.0
1467,24,3,7,14,2,2,99,1,30,1,,,,1,2013,201.0,1468,5,1,,13,4,3.0,7.0,4.0
1468,24,3,7,21,18,2,99,9,999,9,,,,1,2013,1801.0,1469,11,9,,44,6,3.0,2.0,6.0
1469,24,3,7,21,18,2,99,1,33,1,,,,1,2013,1801.0,1470,5,1,,15,3,6.0,2.0,3.0
1470,24,3,7,3,18,2,99,1,52,1,,,,1,2013,1801.0,1471,9,1,,99,6,12.0,2.0,6.0
1471,24,3,7,3,18,2,99,1,33,1,,,,1,2013,1801.0,1472,5,1,,99,6,3.0,99.0,6.0
1472,24,3,7,6,17,2,99,1,36,1,,,,3,2013,1701.0,1473,6,1,,99,6,4.0,99.0,6.0
1473,24,3,7,7,17,2,99,1,20,1,,,,3,2013,1701.0,1474,3,1,,99,6,4.0,5.0,6.0
1474,25,3,1,21,1,1,7,1,20,1,,,,1,2013,101.0,1475,3,1,,99,5,4.0,5.0,5.0
1475,25,3,1,21,1,1,7,1,27,1,,,,1,2013,101.0,1476,4,1,,37,3,1.0,1.0,3.0
1476,25,3,1,13,1,2,99,1,73,1,,,,1,2013,110.0,1477,10,1,,46,3,1.0,6.0,3.0
1477,25,3,1,13,1,2,99,1,31,1,,,,1,2013,110.0,1478,5,1,,2,6,4.0,5.0,6.0
1478,25,3,1,15,22,2,99,1,52,1,,,,3,2013,2201.0,1479,9,1,,13,3,3.0,9.0,3.0
1479,25,3,1,0,11,1,2,1,22,2,,,,1,2013,1101.0,1480,3,1,,21,4,4.0,5.0,4.0
1480,25,3,1,0,11,1,2,9,999,9,,,,1,2013,1101.0,1481,11,9,,99,6,12.0,6.0,6.0
1481,25,3,1,9,9,2,99,9,999,9,,,,1,2013,901.0,1482,11,9,,13,6,12.0,12.0,6.0
1482,25,3,1,9,9,2,99,9,999,9,,,,1,2013,901.0,1483,11,9,,44,6,3.0,2.0,6.0
1483,25,3,1,9,14,2,99,1,19,9,,,,1,2013,1401.0,1484,2,1,,2,6,4.0,1.0,6.0
1484,25,3,1,9,14,2,99,9,999,9,,,,1,2013,1401.0,1485,11,9,,99,6,3.0,99.0,6.0
1485,25,3,1,17,3,2,99,1,22,9,,,,1,2013,301.0,1486,3,1,,21,3,1.0,6.0,3.0
1486,25,3,1,17,3,2,99,1,41,9,,,,1,2013,301.0,1487,7,1,,18,4,5.0,2.0,4.0
1487,26,3,2,21,1,1,10,1,35,9,,,,1,2013,102.0,1488,6,1,,23,6,5.0,2.0,6.0
1488,26,3,2,21,1,1,10,1,42,9,,,,1,2013,102.0,1489,7,1,,20,6,10.0,2.0,6.0
1489,26,3,2,14,6,2,99,1,36,1,,,,2,2013,601.0,1490,6,1,,44,3,3.0,4.0,3.0
1490,26,3,2,14,6,2,99,2,31,1,,,,2,2013,601.0,1491,5,1,,24,6,4.0,1.0,6.0
1491,26,3,2,12,13,2,99,1,29,1,,,,1,2013,1301.0,1492,4,1,,99,6,3.0,99.0,6.0
1492,26,3,2,8,13,2,99,1,60,9,,,,1,2013,1301.0,1493,10,1,,32,3,1.0,4.0,3.0
1493,26,3,2,13,18,2,99,1,34,9,,,,1,2013,1801.0,1494,5,1,,19,4,5.0,2.0,4.0
1494,26,3,2,13,18,2,99,1,44,9,,,,1,2013,1801.0,1495,7,1,,33,4,11.0,2.0,4.0
1495,26,3,2,17,17,2,99,1,28,1,,,,1,2013,1701.0,1496,4,1,,44,6,3.0,11.0,6.0
1496,26,3,2,17,17,2,99,1,36,1,,,,1,2013,1701.0,1497,6,1,,44,5,3.0,4.0,5.0
1497,26,3,2,18,17,2,99,2,31,9,,,,2,2013,1701.0,1498,5,1,,37,6,2.0,6.0,6.0
1498,27,3,3,1,1,1,1,1,23,2,,,,1,2013,101.0,1499,3,1,,2,6,4.0,5.0,6.0
1499,27,3,3,1,1,1,1,1,20,1,,,,1,2013,101.0,1500,3,1,,34,4,2.0,9.0,4.0
1500,27,3,3,2,1,1,1,1,23,2,,,,3,2013,101.0,1501,3,1,,2,4,4.0,1.0,4.0
1501,27,3,3,2,1,1,3,1,32,1,,,,1,2013,101.0,1502,5,1,,37,2,1.0,5.0,2.0
1502,27,3,3,2,1,1,3,1,23,1,,,,1,2013,101.0,1503,3,1,,21,5,4.0,5.0,5.0
1503,27,3,3,1,1,2,12,9,999,9,,,,1,2013,101.0,1504,11,9,,99,6,99.0,99.0,6.0
1504,27,3,3,2,1,1,12,1,20,1,,,,2,2013,101.0,1505,3,1,,99,6,4.0,99.0,6.0
1505,27,3,3,2,1,1,12,1,30,1,,,,2,2013,101.0,1506,5,1,,99,6,4.0,99.0,6.0
1506,27,3,3,20,22,2,99,9,999,9,,,,1,2013,2202.0,1507,11,9,,99,6,99.0,99.0,6.0
1507,27,3,3,23,19,2,99,9,999,9,,,,1,2013,1901.0,1508,11,9,,44,6,3.0,1.0,6.0
1508,27,3,3,23,19,2,99,1,19,9,,,,1,2013,1901.0,1509,2,1,,24,6,4.0,1.0,6.0
1509,27,3,3,20,19,2,99,2,18,1,,,,2,2013,1901.0,1510,2,1,,99,6,4.0,99.0,6.0
1510,27,3,3,22,5,2,99,1,59,9,,,,1,2013,501.0,1511,10,1,,23,6,3.0,3.0,6.0
1511,27,3,3,22,5,2,99,9,999,9,,,,1,2013,501.0,1512,11,9,,14,6,4.0,5.0,6.0
1512,27,3,3,14,6,2,99,1,43,1,,,,1,2013,603.0,1513,7,1,,15,6,6.0,2.0,6.0
1513,27,3,3,14,6,2,99,1,14,1,,,,1,2013,603.0,1514,1,2,,24,6,4.0,5.0,6.0
1514,27,3,3,14,10,2,99,1,72,9,,,,1,2013,1001.0,1515,10,1,,13,2,9.0,9.0,2.0
1515,27,3,3,14,10,2,99,1,22,9,,,,1,2013,1001.0,1516,3,1,,42,6,4.0,1.0,6.0
1516,27,3,3,16,10,2,99,1,22,9,,,,2,2013,1001.0,1517,3,1,,24,6,4.0,5.0,6.0
1517,27,3,3,17,11,2,99,1,23,9,,,,1,2013,1101.0,1518,3,1,,2,4,4.0,99.0,4.0
1518,27,3,3,17,11,2,99,9,999,9,,,,1,2013,1101.0,1519,11,9,,99,6,9.0,99.0,6.0
1519,27,3,3,19,13,2,99,1,38,1,,,,2,2013,1312.0,1520,6,1,,99,6,3.0,99.0,6.0
1520,27,3,3,11,18,2,99,1,49,1,,,,1,2013,1801.0,1521,8,1,,44,3,1.0,6.0,3.0
1521,27,3,3,11,18,2,99,1,24,1,,,,1,2013,1801.0,1522,3,1,,44,4,3.0,4.0,4.0
1522,27,3,3,4,17,2,99,1,19,1,,,,2,2013,1701.0,1523,2,1,,34,3,1.0,5.0,3.0
1523,27,3,3,19,3,2,99,1,24,1,,,,1,2013,301.0,1524,3,1,,21,6,1.0,4.0,6.0
1524,27,3,3,19,3,2,99,2,26,1,,,,1,2013,301.0,1525,4,1,,34,6,1.0,3.0,6.0
1525,28,3,4,22,1,1,1,1,30,2,,,,1,2013,101.0,1526,5,1,,44,3,3.0,14.0,3.0
1526,28,3,4,22,1,1,1,1,60,1,,,,1,2013,101.0,1527,10,1,,20,4,10.0,2.0,4.0
1527,28,3,4,23,1,1,7,1,34,9,,,,2,2013,101.0,1528,5,1,,99,6,1.0,99.0,6.0
1528,28,3,4,19,1,1,7,1,35,9,,,,1,2013,101.0,1529,6,1,,4,3,1.0,1.0,3.0
1529,28,3,4,19,1,1,7,1,29,9,,,,1,2013,101.0,1530,4,1,,44,2,3.0,2.0,2.0
1530,28,3,4,19,22,2,99,1,57,2,,,,1,2013,2201.0,1531,10,1,,23,1,5.0,8.0,1.0
1531,28,3,4,19,22,2,99,2,40,1,,,,1,2013,2201.0,1532,7,1,,44,3,1.0,16.0,3.0
1532,28,3,4,19,21,2,99,1,68,9,,,,1,2013,2101.0,1533,10,1,,44,2,3.0,2.0,2.0
1533,28,3,4,19,21,2,99,1,25,9,,,,1,2013,2101.0,1534,4,1,,28,6,4.0,3.0,6.0
1534,28,3,4,16,21,2,99,1,25,9,,,,3,2013,2107.0,1535,4,1,,99,6,9.0,99.0,6.0
1535,28,3,4,2,5,2,99,1,25,9,,,,1,2013,501.0,1536,4,1,,26,4,3.0,7.0,4.0
1536,28,3,4,2,5,2,99,1,22,9,,,,1,2013,501.0,1537,3,1,,99,6,4.0,99.0,6.0
1537,28,3,4,3,5,2,99,1,40,9,,,,1,2013,501.0,1538,7,1,,44,3,3.0,3.0,3.0
1538,28,3,4,3,5,2,99,9,999,9,,,,1,2013,501.0,1539,11,9,,44,4,3.0,2.0,4.0
1539,28,3,4,7,5,2,99,1,30,9,,,,1,2013,501.0,1540,5,1,,24,6,4.0,5.0,6.0
1540,28,3,4,7,5,2,99,9,999,9,,,,1,2013,501.0,1541,11,9,,37,6,1.0,99.0,6.0
1541,28,3,4,11,5,2,99,2,31,9,,,,1,2013,507.0,1542,5,1,,20,4,1.0,6.0,4.0
1542,28,3,4,11,5,2,99,2,56,9,,,,1,2013,507.0,1543,10,1,,24,5,4.0,1.0,5.0
1543,28,3,4,19,13,1,11,1,34,2,,,,1,2013,1301.0,1544,5,1,,20,6,1.0,8.0,6.0
1544,28,3,4,19,13,1,11,1,21,1,,,,1,2013,1301.0,1545,3,1,,34,3,1.0,99.0,3.0
1545,28,3,4,5,16,2,99,1,19,1,,,,3,2013,1601.0,1546,2,1,,44,6,9.0,6.0,6.0
1546,28,3,4,12,15,2,99,1,25,1,,,,1,2013,1501.0,1547,4,1,,44,3,3.0,1.0,3.0
1547,28,3,4,12,15,2,99,9,999,1,,,,1,2013,1501.0,1548,11,9,,44,6,3.0,2.0,6.0
1548,28,3,4,20,15,2,99,1,58,2,,,,3,2013,1503.0,1549,10,1,,34,6,3.0,6.0,6.0
1549,28,3,4,12,18,2,99,1,63,1,,,,3,2013,1801.0,1550,10,1,,34,4,1.0,3.0,4.0
1550,28,3,4,15,7,2,99,1,43,9,,,,1,2013,701.0,1551,7,1,,5,6,2.0,5.0,6.0
1551,28,3,4,15,7,2,99,2,17,9,,,,1,2013,701.0,1552,2,2,,40,6,4.0,1.0,6.0
1552,28,3,4,7,7,2,99,9,999,9,,,,1,2013,701.0,1553,11,9,,99,6,99.0,99.0,6.0
1553,28,3,4,7,7,2,99,1,19,9,,,,1,2013,701.0,1554,2,1,,99,6,99.0,99.0,6.0
1554,28,3,4,10,4,2,99,1,24,9,,,,3,2013,401.0,1555,3,1,,34,3,1.0,9.0,3.0
1555,29,3,5,8,1,1,1,1,23,9,,,,2,2013,101.0,1556,3,1,,44,2,3.0,1.0,2.0
1556,29,3,5,2,21,2,99,1,34,9,,,,2,2013,2101.0,1557,5,1,,99,6,3.0,1.0,6.0
1557,29,3,5,17,21,2,99,1,54,9,,,,3,2013,2101.0,1558,9,1,,9,2,3.0,3.0,2.0
1558,29,3,5,20,5,2,99,1,56,9,,,,1,2013,501.0,1559,10,1,,34,4,3.0,9.0,4.0
1559,29,3,5,20,5,2,99,1,26,9,,,,1,2013,501.0,1560,4,1,,44,3,1.0,3.0,3.0
1560,29,3,5,19,6,2,99,1,24,9,,,,2,2013,603.0,1561,3,1,,44,4,3.0,6.0,4.0
1561,29,3,5,9,11,2,99,1,49,1,,,,1,2013,1101.0,1562,8,1,,34,4,3.0,4.0,4.0
1562,29,3,5,9,11,2,99,1,31,1,,,,1,2013,1101.0,1563,5,1,,41,5,4.0,1.0,5.0
1563,29,3,5,16,11,2,99,1,40,1,,,,3,2013,1101.0,1564,7,1,,21,5,4.0,4.0,5.0
1564,29,3,5,16,13,2,99,1,32,2,,,,2,2013,1301.0,1565,5,1,,44,6,2.0,5.0,6.0
1565,29,3,5,11,17,2,99,1,52,1,,,,1,2013,1712.0,1566,9,1,,44,5,3.0,2.0,5.0
1566,29,3,5,11,17,2,99,1,24,9,,,,1,2013,1712.0,1567,3,1,,99,6,4.0,99.0,6.0
1567,29,3,5,18,14,2,99,1,35,9,,,,1,2013,1401.0,1568,6,1,,44,6,3.0,4.0,6.0
1568,29,3,5,18,14,2,99,9,999,9,,,,1,2013,1401.0,1569,11,9,,24,6,4.0,1.0,6.0
1569,29,3,5,18,7,2,99,1,35,1,,,,1,2013,701.0,1570,6,1,,34,2,3.0,3.0,2.0
1570,29,3,5,18,7,2,99,1,24,1,,,,1,2013,701.0,1571,3,1,,2,5,14.0,1.0,5.0
1571,29,3,5,16,4,2,99,1,19,9,,,,2,2013,401.0,1572,2,1,,99,6,14.0,99.0,6.0
1572,29,3,5,23,3,2,99,1,29,1,,,,1,2013,301.0,1573,4,1,,99,6,4.0,99.0,6.0
1573,29,3,5,23,3,2,99,1,22,1,,,,1,2013,301.0,1574,3,1,,99,6,1.0,1.0,6.0
1574,29,3,5,5,3,2,99,1,23,2,,,,2,2013,301.0,1575,3,1,,13,6,2.0,6.0,6.0
1575,29,3,5,19,3,1,3,1,33,1,,,,2,2013,301.0,1576,5,1,,37,6,3.0,10.0,6.0
1576,30,3,6,4,1,1,4,1,47,1,,,,1,2013,101.0,1577,8,1,,20,4,10.0,2.0,4.0
1577,30,3,6,4,1,1,4,1,30,2,,,,1,2013,101.0,1578,5,1,,21,4,4.0,1.0,4.0
1578,30,3,6,20,1,1,1,1,25,2,,,,1,2013,101.0,1579,4,1,,22,6,12.0,7.0,6.0
1579,30,3,6,20,1,1,1,1,25,1,,,,1,2013,101.0,1580,4,1,,44,6,3.0,6.0,6.0
1580,30,3,6,20,1,1,1,9,999,9,,,,1,2013,101.0,1581,11,9,,44,6,1.0,6.0,6.0
1581,30,3,6,20,1,1,1,9,999,9,,,,1,2013,101.0,1582,11,9,,34,6,1.0,1.0,6.0
1582,30,3,6,20,1,1,1,9,999,9,,,,1,2013,101.0,1583,11,9,,44,6,3.0,6.0,6.0
1583,30,3,6,20,1,1,1,9,999,9,,,,1,2013,101.0,1584,11,9,,44,4,9.0,2.0,4.0
1584,30,3,6,0,1,1,18,1,19,2,,,,1,2013,101.0,1585,2,1,,21,5,4.0,5.0,5.0
1585,30,3,6,0,1,1,18,1,30,2,,,,1,2013,101.0,1586,5,1,,24,5,4.0,1.0,5.0
1586,30,3,6,20,1,1,18,1,22,9,,,,2,2013,101.0,1587,3,1,,21,6,1.0,2.0,6.0
1587,30,3,6,13,1,1,11,1,38,9,,,,3,2013,101.0,1588,6,1,,44,6,3.0,4.0,6.0
1588,30,3,6,21,1,1,7,1,20,2,,,,2,2013,101.0,1589,3,1,,42,4,4.0,5.0,4.0
1589,30,3,6,2,1,1,4,1,30,2,,,,1,2013,110.0,1590,5,1,,44,2,1.0,11.0,2.0
1590,30,3,6,2,1,1,4,2,58,1,,,,1,2013,110.0,1591,10,1,,33,3,1.0,4.0,3.0
1591,30,3,6,4,1,1,4,2,23,2,,,,3,2013,110.0,1592,3,1,,32,6,1.0,2.0,6.0
1592,30,3,6,17,1,2,99,1,20,2,,,,3,2013,110.0,1593,3,1,,2,6,4.0,1.0,6.0
1593,30,3,6,10,5,2,99,1,20,9,,,,3,2013,501.0,1594,3,1,,23,6,3.0,7.0,6.0
1594,30,3,6,9,5,2,99,1,32,9,,,,2,2013,501.0,1595,5,1,,44,1,3.0,3.0,1.0
1595,30,3,6,10,10,2,99,9,999,9,,,,3,2013,1001.0,1596,11,9,,99,6,3.0,99.0,6.0
1596,30,3,6,8,9,2,99,1,28,9,,,,1,2013,901.0,1597,4,1,,37,5,12.0,4.0,5.0
1597,30,3,6,8,9,2,99,1,25,9,,,,1,2013,901.0,1598,4,1,,2,6,4.0,5.0,6.0
1598,30,3,6,23,9,2,99,9,999,2,,,,1,2013,901.0,1599,11,9,,44,6,1.0,8.0,6.0
1599,30,3,6,23,9,2,99,2,41,1,,,,1,2013,901.0,1600,7,1,,20,3,1.0,9.0,3.0
1600,30,3,6,9,12,2,99,9,999,9,,,,3,2013,1201.0,1601,11,9,,99,6,3.0,99.0,6.0
1601,30,3,6,0,15,2,99,1,26,2,,,,1,2013,1501.0,1602,4,1,,21,3,1.0,2.0,3.0
1602,30,3,6,0,15,2,99,1,22,1,,,,1,2013,1501.0,1603,3,1,,44,4,1.0,4.0,4.0
1603,30,3,6,23,14,2,99,1,30,9,,,,1,2013,1401.0,1604,5,1,,44,3,3.0,9.0,3.0
1604,30,3,6,23,14,2,99,1,20,9,,,,1,2013,1401.0,1605,3,1,,21,6,4.0,99.0,6.0
1605,31,3,7,19,1,1,6,2,25,9,,,,1,2013,101.0,1606,4,1,,21,6,4.0,1.0,6.0
1606,31,3,7,19,1,1,6,9,999,9,,,,1,2013,101.0,1607,11,9,,5,6,1.0,99.0,6.0
1607,31,3,7,21,1,1,18,1,44,9,,,,2,2013,101.0,1608,7,1,,42,6,4.0,5.0,6.0
1608,31,3,7,15,1,1,15,2,25,9,,,,1,2013,102.0,1609,4,1,,34,4,1.0,4.0,4.0
1609,31,3,7,15,1,1,15,1,25,9,,,,1,2013,102.0,1610,4,1,,2,6,4.0,5.0,6.0
1610,31,3,7,14,1,2,99,1,49,9,,,,1,2013,115.0,1611,8,1,,21,4,2.0,4.0,4.0
1611,31,3,7,14,1,2,99,1,32,9,,,,1,2013,115.0,1612,5,1,,99,6,12.0,99.0,6.0
1612,31,3,7,20,21,2,99,1,35,9,,,,1,2013,2101.0,1613,6,1,,44,6,3.0,2.0,6.0
1613,31,3,7,20,21,2,99,9,999,9,,,,1,2013,2101.0,1614,11,9,,44,6,3.0,9.0,6.0
1614,31,3,7,20,21,2,99,1,37,2,,,,1,2013,2101.0,1615,6,1,,32,6,1.0,4.0,6.0
1615,31,3,7,20,21,2,99,1,33,1,,,,1,2013,2101.0,1616,5,1,,99,6,4.0,4.0,6.0
1616,31,3,7,5,20,2,99,9,999,9,,,,3,2013,2001.0,1617,11,9,,21,6,4.0,3.0,6.0
1617,31,3,7,9,19,2,99,1,18,9,,,,3,2013,1901.0,1618,2,1,,42,6,4.0,5.0,6.0
1618,31,3,7,5,5,2,99,1,19,9,,,,3,2013,501.0,1619,2,1,,99,6,4.0,99.0,6.0
1619,31,3,7,20,6,2,99,1,30,9,,,,1,2013,601.0,1620,5,1,,99,4,1.0,4.0,4.0
1620,31,3,7,20,6,2,99,1,23,9,,,,1,2013,601.0,1621,3,1,,21,6,4.0,5.0,6.0
1621,31,3,7,14,6,2,99,1,37,9,,,,2,2013,601.0,1622,6,1,,44,3,3.0,4.0,3.0
1622,31,3,7,12,6,2,99,9,999,9,,,,1,2013,601.0,1623,11,9,,44,6,3.0,8.0,6.0
1623,31,3,7,12,6,2,99,9,999,9,,,,1,2013,601.0,1624,11,9,,44,6,3.0,3.0,6.0
1624,31,3,7,8,9,2,99,1,27,9,,,,2,2013,901.0,1625,4,1,,23,3,12.0,2.0,3.0
1625,31,3,7,20,12,2,99,1,23,9,,,,2,2013,1201.0,1626,3,1,,44,6,3.0,3.0,6.0
1626,31,3,7,16,12,2,99,1,28,9,,,,3,2013,1201.0,1627,4,1,,44,6,3.0,4.0,6.0
1627,31,3,7,19,13,2,99,1,40,2,,,,1,2013,1301.0,1628,7,1,,44,2,3.0,11.0,2.0
1628,31,3,7,19,13,2,99,1,48,1,,,,1,2013,1301.0,1629,8,1,,32,4,1.0,1.0,4.0
1629,31,3,7,9,15,2,99,1,40,9,,,,1,2013,1501.0,1630,7,1,,44,3,10.0,4.0,3.0
1630,31,3,7,9,15,2,99,1,22,9,,,,1,2013,1501.0,1631,3,1,,2,6,4.0,5.0,6.0
1631,31,3,7,17,4,2,99,1,47,9,,,,1,2013,401.0,1632,8,1,,44,5,3.0,99.0,5.0
1632,31,3,7,17,4,2,99,1,37,9,,,,1,2013,401.0,1633,6,1,,44,4,3.0,1.0,4.0
1633,1,4,1,2,1,1,1,1,20,1,,,,1,2013,101.0,1634,3,1,,99,6,10.0,2.0,6.0
1634,1,4,1,2,1,1,1,1,34,1,,,,1,2013,101.0,1635,5,1,,99,6,4.0,5.0,6.0
1635,1,4,1,5,1,2,99,1,24,9,,,,2,2013,113.0,1636,3,1,,42,6,4.0,4.0,6.0
1636,1,4,1,10,19,2,99,1,42,9,,,,2,2013,1904.0,1637,7,1,,44,6,3.0,1.0,6.0
1637,1,4,1,8,19,2,99,1,18,9,,,,2,2013,1905.0,1638,2,1,,2,6,14.0,1.0,6.0
1638,1,4,1,7,9,2,99,2,29,1,,,,1,2013,901.0,1639,4,1,,32,4,1.0,3.0,4.0
1639,1,4,1,7,9,2,99,1,42,1,,,,1,2013,901.0,1640,7,1,,33,4,1.0,11.0,4.0
1640,1,4,1,12,12,2,99,1,22,9,,,,3,2013,1215.0,1641,3,1,,44,6,3.0,3.0,6.0
1641,1,4,1,2,13,2,99,1,25,9,,,,3,2013,1331.0,1642,4,1,,21,6,4.0,5.0,6.0
1642,1,4,1,19,7,2,99,1,21,1,,,,1,2013,710.0,1643,3,1,,2,6,14.0,1.0,6.0
1643,1,4,1,19,7,2,99,1,21,1,,,,1,2013,710.0,1644,3,1,,2,4,4.0,1.0,4.0
1644,2,4,2,19,1,2,99,1,38,2,,,,2,2013,114.0,1645,6,1,,44,6,3.0,2.0,6.0
1645,2,4,2,18,19,2,99,1,30,1,,,,1,2013,1902.0,1646,5,1,,44,4,3.0,4.0,4.0
1646,2,4,2,18,19,2,99,1,42,1,,,,1,2013,1902.0,1647,7,1,,2,4,14.0,1.0,4.0
1647,2,4,2,22,19,2,99,1,24,2,,,,1,2013,1901.0,1648,3,1,,28,6,4.0,2.0,6.0
1648,2,4,2,22,19,2,99,1,56,1,,,,1,2013,1901.0,1649,10,1,,9,2,1.0,1.0,2.0
1649,2,4,2,22,19,2,99,1,21,9,,,,2,2013,1903.0,1650,3,1,,99,6,4.0,99.0,6.0
1650,2,4,2,19,5,2,99,1,58,1,,,,1,2013,501.0,1651,10,1,,15,6,6.0,2.0,6.0
1651,2,4,2,19,5,2,99,1,45,1,,,,1,2013,501.0,1652,8,1,,99,6,3.0,3.0,6.0
1652,2,4,2,20,16,1,1,1,40,2,,,,1,2013,1601.0,1653,7,1,,44,3,3.0,2.0,3.0
1653,2,4,2,20,16,1,1,2,28,1,,,,1,2013,1601.0,1654,4,1,,42,3,2.0,6.0,3.0
1654,2,4,2,20,16,1,1,1,26,1,,,,1,2013,1601.0,1655,4,1,,99,4,1.0,9.0,4.0
1655,2,4,2,0,2,2,99,1,40,9,,,,1,2013,203.0,1656,7,1,,99,6,6.0,99.0,6.0
1656,2,4,2,0,2,2,99,2,24,9,,,,1,2013,203.0,1657,3,1,,2,6,14.0,1.0,6.0
1657,2,4,2,20,4,2,99,1,40,1,,,,1,2013,401.0,1658,7,1,,33,4,1.0,11.0,4.0
1658,2,4,2,20,4,2,99,1,35,9,,,,1,2013,401.0,1659,6,1,,99,6,5.0,99.0,6.0
1659,2,4,2,12,4,2,99,1,22,9,,,,1,2013,401.0,1660,3,1,,99,6,3.0,3.0,6.0
1660,2,4,2,12,4,2,99,1,34,9,,,,1,2013,401.0,1661,5,1,,99,6,4.0,99.0,6.0
1661,3,4,3,17,1,1,3,1,13,9,,,,1,2013,101.0,1662,1,2,,99,6,99.0,99.0,6.0
1662,3,4,3,17,1,1,3,1,19,9,,,,1,2013,101.0,1663,2,1,,99,6,99.0,99.0,6.0
1663,3,4,3,4,1,2,99,1,35,1,,,,1,2013,102.0,1664,6,1,,99,6,3.0,99.0,6.0
1664,3,4,3,4,1,2,99,1,29,1,,,,1,2013,102.0,1665,4,1,,44,2,3.0,99.0,2.0
1665,3,4,3,14,1,1,11,2,47,9,,,,1,2013,101.0,1666,8,1,,44,4,1.0,99.0,4.0
1666,3,4,3,14,1,1,11,1,26,9,,,,1,2013,101.0,1667,4,1,,24,6,4.0,1.0,6.0
1667,3,4,3,17,1,2,99,1,63,9,,,,2,2013,115.0,1668,10,1,,44,6,1.0,3.0,6.0
1668,3,4,3,2,20,2,99,1,35,9,,,,1,2013,2001.0,1669,6,1,,15,4,6.0,2.0,4.0
1669,3,4,3,2,20,2,99,1,31,9,,,,1,2013,2001.0,1670,5,1,,42,6,4.0,5.0,6.0
1670,3,4,3,20,19,2,99,1,22,9,,,,1,2013,1901.0,1671,3,1,,19,6,5.0,2.0,6.0
1671,3,4,3,20,19,2,99,1,21,9,,,,1,2013,1901.0,1672,3,1,,99,6,3.0,99.0,6.0
1672,3,4,3,22,11,2,99,1,31,9,,,,1,2013,1101.0,1673,5,1,,99,6,12.0,7.0,6.0
1673,3,4,3,22,11,2,99,1,48,1,,,,1,2013,1101.0,1674,8,1,,99,6,4.0,14.0,6.0
1674,3,4,3,15,9,2,99,1,20,9,,,,2,2013,901.0,1675,3,1,,99,6,12.0,1.0,6.0
1675,3,4,3,17,13,2,99,1,19,9,,,,1,2013,1301.0,1676,2,1,,44,6,3.0,2.0,6.0
1676,3,4,3,17,13,2,99,1,18,9,,,,1,2013,1301.0,1677,2,1,,99,6,14.0,99.0,6.0
1677,3,4,3,8,15,2,99,1,27,9,,,,1,2013,1501.0,1678,4,1,,44,2,3.0,11.0,2.0
1678,3,4,3,8,15,2,99,1,27,9,,,,1,2013,1501.0,1679,4,1,,44,6,3.0,99.0,6.0
1679,3,4,3,16,17,2,99,1,20,9,,,,3,2013,1701.0,1680,3,1,,99,6,99.0,99.0,6.0
1680,4,4,4,22,1,1,12,1,33,9,,,,1,2013,101.0,1681,5,1,,15,4,6.0,3.0,4.0
1681,4,4,4,22,1,1,12,1,30,9,,,,1,2013,101.0,1682,5,1,,40,6,4.0,1.0,6.0
1682,4,4,4,11,20,2,99,1,19,9,,,,1,2013,2001.0,1683,2,1,,44,4,9.0,2.0,4.0
1683,4,4,4,11,20,2,99,1,23,9,,,,1,2013,2001.0,1684,3,1,,42,5,4.0,1.0,5.0
1684,4,4,4,15,20,2,99,1,28,9,,,,1,2013,2001.0,1685,4,1,,23,5,3.0,2.0,5.0
1685,4,4,4,15,20,2,99,1,23,9,,,,1,2013,2001.0,1686,3,1,,2,5,4.0,5.0,5.0
1686,4,4,4,19,6,2,99,1,18,9,,,,3,2013,601.0,1687,2,1,,24,6,4.0,1.0,6.0
1687,4,4,4,18,10,2,99,1,41,2,,,,1,2013,1001.0,1688,7,1,,99,2,12.0,5.0,2.0
1688,4,4,4,18,10,2,99,1,39,1,,,,1,2013,1001.0,1689,6,1,,99,6,5.0,99.0,6.0
1689,4,4,4,6,9,2,99,1,36,1,,,,1,2013,901.0,1690,6,1,,13,6,3.0,9.0,6.0
1690,4,4,4,6,9,2,99,1,17,9,,,,1,2013,901.0,1691,2,2,,36,6,4.0,5.0,6.0
1691,4,4,4,8,16,2,99,1,30,9,,,,1,2013,1601.0,1692,5,1,,99,5,4.0,5.0,5.0
1692,4,4,4,8,16,2,99,1,20,9,,,,1,2013,1601.0,1693,3,1,,44,3,1.0,9.0,3.0
1693,5,4,5,5,1,2,17,1,39,9,,,,1,2013,101.0,1694,6,1,,21,6,4.0,99.0,6.0
1694,5,4,5,5,1,2,17,1,28,9,,,,1,2013,101.0,1695,4,1,,99,6,99.0,99.0,6.0
1695,5,4,5,17,1,1,17,2,20,1,,,,1,2013,101.0,1696,3,1,,44,2,3.0,2.0,2.0
1696,5,4,5,17,1,1,17,2,38,1,,,,1,2013,101.0,1697,6,1,,44,4,1.0,4.0,4.0
1697,5,4,5,17,1,1,17,1,40,1,,,,1,2013,101.0,1698,7,1,,44,3,1.0,3.0,3.0
1698,5,4,5,11,1,2,99,1,35,9,,,,1,2013,102.0,1699,6,1,,99,6,5.0,2.0,6.0
1699,5,4,5,11,1,2,99,1,35,9,,,,1,2013,102.0,1700,6,1,,44,3,3.0,2.0,3.0
1700,5,4,5,10,1,1,12,1,44,1,,,,1,2013,101.0,1701,7,1,,99,6,12.0,6.0,6.0
1701,5,4,5,10,1,1,12,1,31,1,,,,1,2013,101.0,1702,5,1,,32,4,2.0,5.0,4.0
1702,5,4,5,20,5,2,99,1,21,9,,,,2,2013,501.0,1703,3,1,,99,6,4.0,5.0,6.0
1703,5,4,5,19,11,2,99,1,27,9,,,,1,2013,1101.0,1704,4,1,,32,3,5.0,2.0,3.0
1704,5,4,5,19,11,2,99,1,29,9,,,,1,2013,1101.0,1705,4,1,,21,6,4.0,3.0,6.0
1705,5,4,5,16,12,1,12,1,24,9,,,,3,2013,1201.0,1706,3,1,,99,6,1.0,99.0,6.0
1706,5,4,5,17,3,2,99,1,45,9,,,,3,2013,301.0,1707,8,1,,2,6,4.0,5.0,6.0
1707,6,4,6,11,1,1,3,1,55,9,,,,1,2013,101.0,1708,10,1,,34,3,1.0,2.0,3.0
1708,6,4,6,11,1,1,3,1,27,9,,,,1,2013,101.0,1709,4,1,,23,3,1.0,2.0,3.0
1709,6,4,6,11,1,1,3,1,26,9,,,,1,2013,101.0,1710,4,1,,5,1,3.0,2.0,1.0
1710,6,4,6,11,1,1,3,1,28,9,,,,1,2013,101.0,1711,4,1,,44,3,3.0,4.0,3.0
1711,6,4,6,19,1,1,18,1,39,2,,,,1,2013,101.0,1712,6,1,,21,6,1.0,6.0,6.0
1712,6,4,6,19,1,1,18,1,22,1,,,,1,2013,101.0,1713,3,1,,99,6,12.0,99.0,6.0
1713,6,4,6,0,1,1,7,1,24,9,,,,2,2013,101.0,1714,3,1,,46,4,1.0,5.0,4.0
1714,6,4,6,1,1,1,12,1,23,9,,,,1,2013,101.0,1715,3,1,,44,6,1.0,3.0,6.0
1715,6,4,6,1,1,1,12,2,51,9,,,,1,2013,101.0,1716,9,1,,44,2,1.0,99.0,2.0
1716,6,4,6,4,1,2,99,2,25,9,,,,1,2013,115.0,1717,4,1,,37,3,1.0,4.0,3.0
1717,6,4,6,4,1,2,99,2,44,9,,,,1,2013,115.0,1718,7,1,,32,6,1.0,4.0,6.0
1718,6,4,6,5,22,2,99,1,24,9,,,,2,2013,2202.0,1719,3,1,,21,4,1.0,4.0,4.0
1719,6,4,6,21,22,2,99,1,21,9,,,,2,2013,2201.0,1720,3,1,,99,6,4.0,99.0,6.0
1720,6,4,6,22,22,2,99,1,35,9,,,,3,2013,2201.0,1721,6,1,,21,6,4.0,1.0,6.0
1721,6,4,6,10,19,2,99,1,55,9,,,,2,2013,1901.0,1722,10,1,,44,6,3.0,6.0,6.0
1722,6,4,6,17,10,2,99,1,29,1,,,,1,2013,1001.0,1723,4,1,,2,5,4.0,3.0,5.0
1723,6,4,6,17,10,2,99,1,27,1,,,,1,2013,1001.0,1724,4,1,,23,2,3.0,11.0,2.0
1724,6,4,6,14,12,2,99,1,25,2,,,,1,2013,1201.0,1725,4,1,,17,3,10.0,9.0,3.0
1725,6,4,6,14,12,2,99,1,20,1,,,,1,2013,1201.0,1726,3,1,,99,6,99.0,99.0,6.0
1726,6,4,6,17,17,2,99,1,24,1,,,,1,2013,1701.0,1727,3,1,,2,4,4.0,1.0,4.0
1727,6,4,6,17,17,2,99,2,27,1,,,,1,2013,1701.0,1728,4,1,,24,5,4.0,5.0,5.0
1728,6,4,6,0,3,2,99,1,25,9,,,,1,2013,304.0,1729,4,1,,99,6,3.0,1.0,6.0
1729,6,4,6,0,3,2,99,1,29,9,,,,1,2013,304.0,1730,4,1,,15,6,6.0,2.0,6.0
1730,6,4,6,0,3,2,99,1,19,9,,,,1,2013,301.0,1731,2,1,,99,6,3.0,1.0,6.0
1731,6,4,6,0,3,2,99,1,18,9,,,,1,2013,301.0,1732,2,1,,15,6,6.0,9.0,6.0
1732,6,4,6,20,3,2,99,1,30,9,,,,1,2013,301.0,1733,5,1,,32,6,1.0,4.0,6.0
1733,6,4,6,20,3,2,99,1,41,9,,,,1,2013,301.0,1734,7,1,,26,6,1.0,5.0,6.0
1734,7,4,7,10,1,1,1,1,46,9,,,,1,2013,101.0,1735,8,1,,32,4,10.0,2.0,4.0
1735,7,4,7,10,1,1,1,1,42,9,,,,1,2013,101.0,1736,7,1,,44,4,1.0,1.0,4.0
1736,7,4,7,1,1,2,99,1,18,9,,,,1,2013,102.0,1737,2,1,,2,5,4.0,5.0,5.0
1737,7,4,7,1,1,2,99,1,20,9,,,,1,2013,102.0,1738,3,1,,99,4,4.0,5.0,4.0
1738,7,4,7,18,1,2,99,1,47,9,,,,2,2013,102.0,1739,8,1,,99,6,4.0,1.0,6.0
1739,7,4,7,23,1,1,7,1,32,9,,,,1,2013,101.0,1740,5,1,,2,5,4.0,1.0,5.0
1740,7,4,7,23,1,1,7,1,31,9,,,,1,2013,101.0,1741,5,1,,99,6,4.0,5.0,6.0
1741,7,4,7,23,1,1,7,1,31,9,,,,1,2013,101.0,1742,5,1,,13,6,2.0,4.0,6.0
1742,7,4,7,23,1,1,7,1,39,9,,,,1,2013,101.0,1743,6,1,,30,6,1.0,99.0,6.0
1743,7,4,7,20,1,1,7,1,30,9,,,,3,2013,101.0,1744,5,1,,99,6,4.0,99.0,6.0
1744,7,4,7,22,1,2,99,1,29,9,,,,1,2013,115.0,1745,4,1,,99,6,4.0,99.0,6.0
1745,7,4,7,22,1,2,99,2,45,9,,,,1,2013,115.0,1746,8,1,,42,4,1.0,3.0,4.0
1746,7,4,7,16,1,2,99,1,27,9,,,,1,2013,115.0,1747,4,1,,44,6,1.0,3.0,6.0
1747,7,4,7,16,1,2,99,1,37,2,,,,1,2013,115.0,1748,6,1,,37,2,1.0,4.0,2.0
1748,7,4,7,4,1,1,11,1,28,9,,,,2,2013,110.0,1749,4,1,,44,4,1.0,5.0,4.0
1749,7,4,7,14,22,2,99,1,31,2,,,,2,2013,2201.0,1750,5,1,,26,6,1.0,1.0,6.0
1750,7,4,7,14,20,2,99,1,37,9,,,,1,2013,2001.0,1751,6,1,,44,5,9.0,6.0,5.0
1751,7,4,7,14,20,2,99,1,38,9,,,,1,2013,2001.0,1752,6,1,,21,6,4.0,5.0,6.0
1752,7,4,7,3,19,2,99,1,47,2,,,,1,2013,1901.0,1753,8,1,,37,3,3.0,4.0,3.0
1753,7,4,7,3,19,2,99,1,39,1,,,,1,2013,1901.0,1754,6,1,,44,3,1.0,6.0,3.0
1754,7,4,7,12,19,2,99,1,23,9,,,,1,2013,1901.0,1755,3,1,,99,6,14.0,99.0,6.0
1755,7,4,7,12,19,2,99,1,31,9,,,,1,2013,1901.0,1756,5,1,,99,6,14.0,99.0,6.0
1756,7,4,7,18,19,2,99,1,30,9,,,,3,2013,1901.0,1757,5,1,,41,6,1.0,1.0,6.0
1757,7,4,7,20,5,2,99,1,39,1,,,,1,2013,501.0,1758,6,1,,2,6,4.0,9.0,6.0
1758,7,4,7,20,5,2,99,1,29,9,,,,1,2013,501.0,1759,4,1,,99,6,99.0,99.0,6.0
1759,7,4,7,11,5,2,99,1,22,9,,,,2,2013,501.0,1760,3,1,,32,4,2.0,1.0,4.0
1760,7,4,7,16,6,2,99,1,25,9,,,,3,2013,601.0,1761,4,1,,30,6,1.0,99.0,6.0
1761,7,4,7,20,6,2,99,1,46,2,,,,2,2013,601.0,1762,8,1,,37,2,3.0,2.0,2.0
1762,7,4,7,13,6,2,99,1,22,2,,,,2,2013,601.0,1763,3,1,,99,6,4.0,99.0,6.0
1763,7,4,7,12,10,2,99,1,40,9,,,,1,2013,1001.0,1764,7,1,,44,2,3.0,1.0,2.0
1764,7,4,7,12,10,2,99,1,22,9,,,,1,2013,1001.0,1765,3,1,,2,4,4.0,5.0,4.0
1765,7,4,7,18,9,1,1,2,31,2,,,,2,2013,901.0,1766,5,1,,44,6,1.0,3.0,6.0
1766,7,4,7,19,16,2,99,1,37,9,,,,1,2013,1601.0,1767,6,1,,44,6,3.0,11.0,6.0
1767,7,4,7,19,16,2,99,1,27,9,,,,1,2013,1601.0,1768,4,1,,21,6,4.0,5.0,6.0
1768,7,4,7,1,17,2,99,2,35,9,,,,2,2013,1701.0,1769,6,1,,42,6,4.0,1.0,6.0
1769,7,4,7,16,7,2,99,1,31,9,,,,1,2013,701.0,1770,5,1,,44,3,3.0,6.0,3.0
1770,7,4,7,16,7,2,99,1,25,9,,,,1,2013,701.0,1771,4,1,,44,4,9.0,99.0,4.0
1771,8,4,1,17,1,1,3,1,24,1,,,,1,2013,101.0,1772,3,1,,99,6,4.0,99.0,6.0
1772,8,4,1,17,1,1,3,1,34,9,,,,1,2013,101.0,1773,5,1,,99,6,10.0,99.0,6.0
1773,8,4,1,11,1,1,1,1,39,9,,,,1,2013,101.0,1774,6,1,,99,6,12.0,3.0,6.0
1774,8,4,1,11,1,1,1,1,32,9,,,,1,2013,101.0,1775,5,1,,44,6,3.0,5.0,6.0
1775,8,4,1,7,1,2,6,1,22,1,,,,1,2013,101.0,1776,3,1,,2,4,14.0,1.0,4.0
1776,8,4,1,7,1,2,6,1,40,9,,,,1,2013,101.0,1777,7,1,,44,6,3.0,6.0,6.0
1777,8,4,1,8,1,2,99,1,29,9,,,,1,2013,102.0,1778,4,1,,99,6,4.0,99.0,6.0
1778,8,4,1,8,1,2,99,1,31,9,,,,1,2013,102.0,1779,5,1,,99,6,1.0,99.0,6.0
1779,8,4,1,19,1,1,3,1,48,1,,,,1,2013,108.0,1780,8,1,,33,6,12.0,1.0,6.0
1780,8,4,1,19,1,1,3,1,28,1,,,,1,2013,108.0,1781,4,1,,99,6,4.0,5.0,6.0
1781,8,4,1,15,1,1,4,1,25,9,,,,1,2013,108.0,1782,4,1,,99,6,4.0,99.0,6.0
1782,8,4,1,15,1,1,4,1,23,9,,,,1,2013,108.0,1783,3,1,,44,6,3.0,5.0,6.0
1783,8,4,1,11,19,2,99,1,30,1,,,,1,2013,1901.0,1784,5,1,,42,6,4.0,3.0,6.0
1784,8,4,1,11,19,2,99,1,34,1,,,,1,2013,1901.0,1785,5,1,,21,5,4.0,99.0,5.0
1785,9,4,2,3,1,1,2,1,36,9,,,,1,2013,101.0,1786,6,1,,99,6,5.0,2.0,6.0
1786,9,4,2,3,1,1,2,1,32,9,,,,1,2013,101.0,1787,5,1,,42,6,4.0,3.0,6.0
1787,9,4,2,12,1,2,99,1,38,9,,,,1,2013,114.0,1788,6,1,,15,6,6.0,2.0,6.0
1788,9,4,2,12,1,2,99,1,30,9,,,,1,2013,114.0,1789,5,1,,15,6,6.0,2.0,6.0
1789,9,4,2,12,1,2,99,1,57,9,,,,1,2013,114.0,1790,10,1,,32,6,1.0,11.0,6.0
1790,9,4,2,14,1,2,99,1,33,9,,,,3,2013,114.0,1791,5,1,,99,6,6.0,2.0,6.0
1791,9,4,2,10,1,1,2,1,19,9,,,,2,2013,116.0,1792,2,1,,99,6,4.0,99.0,6.0
1792,9,4,2,0,20,2,99,1,31,1,,,,1,2013,2001.0,1793,5,1,,44,6,3.0,4.0,6.0
1793,9,4,2,0,20,2,99,1,28,1,,,,1,2013,2001.0,1794,4,1,,42,6,4.0,99.0,6.0
1794,9,4,2,19,11,2,99,1,30,2,,,,1,2013,1109.0,1795,5,1,,99,6,14.0,1.0,6.0
1795,9,4,2,19,11,2,99,1,23,1,,,,1,2013,1109.0,1796,3,1,,23,6,8.0,2.0,6.0
1796,9,4,2,11,9,2,99,1,34,9,,,,1,2013,919.0,1797,5,1,,44,6,1.0,5.0,6.0
1797,9,4,2,11,9,2,99,1,34,9,,,,1,2013,919.0,1798,5,1,,44,6,3.0,6.0,6.0
1798,9,4,2,17,12,2,99,1,28,9,,,,1,2013,1223.0,1799,4,1,,99,6,3.0,99.0,6.0
1799,9,4,2,17,12,2,99,1,27,1,,,,1,2013,1223.0,1800,4,1,,99,6,4.0,1.0,6.0
1800,9,4,2,13,4,2,99,2,29,1,,,,1,2013,401.0,1801,4,1,,21,6,3.0,5.0,6.0
1801,9,4,2,13,4,2,99,1,32,1,,,,1,2013,401.0,1802,5,1,,99,6,4.0,1.0,6.0
1802,10,4,3,7,1,1,1,1,19,1,,,,1,2013,101.0,1803,2,1,,21,6,4.0,1.0,6.0
1803,10,4,3,7,1,1,1,2,30,1,,,,1,2013,101.0,1804,5,1,,5,6,1.0,3.0,6.0
1804,10,4,3,9,1,1,1,1,20,9,,,,1,2013,101.0,1805,3,1,,99,6,99.0,99.0,6.0
1805,10,4,3,9,1,1,1,1,30,9,,,,1,2013,101.0,1806,5,1,,2,6,4.0,1.0,6.0
1806,10,4,3,15,1,1,10,1,25,1,,,,1,2013,101.0,1807,4,1,,44,6,1.0,11.0,6.0
1807,10,4,3,15,1,1,10,1,18,1,,,,1,2013,101.0,1808,2,1,,14,6,4.0,5.0,6.0
1808,10,4,3,17,1,1,7,2,31,1,,,,1,2013,101.0,1809,5,1,,32,6,1.0,1.0,6.0
1809,10,4,3,17,1,1,7,1,25,1,,,,1,2013,101.0,1810,4,1,,42,6,4.0,1.0,6.0
1810,10,4,3,21,20,2,99,1,50,1,,,,1,2013,2001.0,1811,9,1,,22,6,6.0,99.0,6.0
1811,10,4,3,21,20,2,99,1,27,1,,,,1,2013,2001.0,1812,4,1,,44,6,12.0,99.0,6.0
1812,10,4,3,0,16,1,4,1,21,1,,,,1,2013,1601.0,1813,3,1,,2,6,4.0,5.0,6.0
1813,10,4,3,0,16,1,4,1,25,1,,,,1,2013,1601.0,1814,4,1,,21,6,4.0,1.0,6.0
1814,10,4,3,16,14,2,99,1,43,1,,,,3,2013,1406.0,1815,7,1,,44,4,3.0,2.0,4.0
1815,10,4,3,21,4,2,99,1,18,9,,,,3,2013,415.0,1816,2,1,,99,6,4.0,99.0,6.0
1816,11,4,4,9,1,1,1,1,30,1,,,,1,2013,101.0,1817,5,1,,2,3,4.0,3.0,3.0
1817,11,4,4,9,1,1,1,1,32,1,,,,1,2013,101.0,1818,5,1,,2,4,4.0,3.0,4.0
1818,11,4,4,20,1,1,17,1,30,1,,,,1,2013,101.0,1819,5,1,,22,4,12.0,1.0,4.0
1819,11,4,4,20,1,1,17,1,27,1,,,,1,2013,101.0,1820,4,1,,21,4,4.0,5.0,4.0
1820,11,4,4,20,1,1,13,1,21,1,,,,1,2013,101.0,1821,3,1,,42,4,4.0,3.0,4.0
1821,11,4,4,20,1,1,13,1,35,9,,,,1,2013,101.0,1822,6,1,,99,6,1.0,99.0,6.0
1822,11,4,4,20,22,2,99,1,30,9,,,,2,2013,2201.0,1823,5,1,,46,6,1.0,4.0,6.0
1823,11,4,4,1,5,2,99,1,32,9,,,,2,2013,504.0,1824,5,1,,99,6,1.0,2.0,6.0
1824,11,4,4,23,5,2,99,1,36,2,,,,1,2013,502.0,1825,6,1,,99,6,5.0,2.0,6.0
1825,11,4,4,23,5,2,99,1,41,1,,,,1,2013,502.0,1826,7,1,,44,6,1.0,9.0,6.0
1826,11,4,4,22,10,2,99,1,29,9,,,,2,2013,1009.0,1827,4,1,,2,6,14.0,1.0,6.0
1827,11,4,4,22,10,2,99,1,32,9,,,,2,2013,1009.0,1828,5,1,,99,6,5.0,99.0,6.0
1828,11,4,4,18,10,2,99,1,21,9,,,,1,2013,1002.0,1829,3,1,,99,6,4.0,1.0,6.0
1829,11,4,4,18,10,2,99,1,24,9,,,,1,2013,1002.0,1830,3,1,,99,6,6.0,99.0,6.0
1830,11,4,4,22,9,2,99,1,39,9,,,,1,2013,901.0,1831,6,1,,33,2,5.0,2.0,2.0
1831,11,4,4,22,9,2,99,1,35,9,,,,1,2013,901.0,1832,6,1,,44,3,1.0,99.0,3.0
1832,11,4,4,5,15,2,99,1,28,1,,,,1,2013,1508.0,1833,4,1,,20,5,5.0,2.0,5.0
1833,11,4,4,5,15,2,99,1,55,1,,,,1,2013,1508.0,1834,10,1,,99,5,7.0,2.0,5.0
1834,11,4,4,23,18,2,99,1,39,9,,,,1,2013,1801.0,1835,6,1,,2,5,14.0,99.0,5.0
1835,11,4,4,23,18,2,99,1,17,9,,,,1,2013,1801.0,1836,2,2,,40,5,4.0,1.0,5.0
1836,11,4,4,17,7,2,99,1,32,1,,,,1,2013,707.0,1837,5,1,,44,2,3.0,4.0,2.0
1837,11,4,4,17,7,2,99,1,18,1,,,,1,2013,707.0,1838,2,1,,24,6,4.0,5.0,6.0
1838,11,4,4,18,4,2,99,1,31,1,,,,1,2013,401.0,1839,5,1,,44,2,3.0,2.0,2.0
1839,11,4,4,18,4,2,99,1,28,9,,,,1,2013,401.0,1840,4,1,,44,2,3.0,2.0,2.0
1840,11,4,4,21,4,2,99,1,52,2,,,,1,2013,416.0,1841,9,1,,44,6,2.0,3.0,6.0
1841,11,4,4,21,4,2,99,1,42,2,,,,1,2013,416.0,1842,7,1,,34,3,1.0,1.0,3.0
1842,12,4,5,15,1,1,1,2,32,1,,,,1,2013,101.0,1843,5,1,,46,4,1.0,4.0,4.0
1843,12,4,5,15,1,1,1,2,34,1,,,,1,2013,101.0,1844,5,1,,11,3,9.0,10.0,3.0
1844,12,4,5,2,1,1,1,1,38,1,,,,1,2013,101.0,1845,6,1,,99,6,4.0,99.0,6.0
1845,12,4,5,2,1,1,1,1,21,1,,,,1,2013,101.0,1846,3,1,,37,6,6.0,2.0,6.0
1846,12,4,5,1,1,1,16,2,20,1,,,,1,2013,102.0,1847,3,1,,30,4,2.0,9.0,4.0
1847,12,4,5,1,1,1,16,1,20,1,,,,1,2013,102.0,1848,3,1,,30,5,2.0,4.0,5.0
1848,12,4,5,5,1,1,12,1,18,9,,,,1,2013,101.0,1849,2,1,,2,6,4.0,1.0,6.0
1849,12,4,5,5,1,1,12,1,22,9,,,,1,2013,101.0,1850,3,1,,37,6,1.0,2.0,6.0
1850,12,4,5,22,5,2,99,1,38,9,,,,1,2013,509.0,1851,6,1,,44,3,1.0,8.0,3.0
1851,12,4,5,22,5,2,99,1,30,9,,,,1,2013,509.0,1852,5,1,,99,6,4.0,1.0,6.0
1852,12,4,5,20,6,2,99,1,24,9,,,,1,2013,601.0,1853,3,1,,38,4,1.0,1.0,4.0
1853,12,4,5,20,6,2,99,1,28,9,,,,1,2013,601.0,1854,4,1,,37,3,3.0,9.0,3.0
1854,12,4,5,14,10,2,99,1,59,1,,,,1,2013,1001.0,1855,10,1,,34,3,2.0,4.0,3.0
1855,12,4,5,14,10,2,99,1,27,1,,,,1,2013,1001.0,1856,4,1,,2,4,4.0,99.0,4.0
1856,12,4,5,10,8,2,99,1,27,9,,,,3,2013,801.0,1857,4,1,,13,3,12.0,6.0,3.0
1857,12,4,5,16,8,2,99,1,53,9,,,,1,2013,801.0,1858,9,1,,44,3,3.0,1.0,3.0
1858,12,4,5,16,8,2,99,1,22,9,,,,1,2013,801.0,1859,3,1,,42,3,2.0,6.0,3.0
1859,13,4,6,4,1,1,2,1,24,9,,,,1,2013,101.0,1860,3,1,,44,3,3.0,4.0,3.0
1860,13,4,6,4,1,1,2,2,36,9,,,,1,2013,101.0,1861,6,1,,99,6,3.0,99.0,6.0
1861,13,4,6,22,1,1,1,1,36,9,,,,1,2013,101.0,1862,6,1,,99,6,4.0,5.0,6.0
1862,13,4,6,22,1,1,1,1,34,9,,,,1,2013,101.0,1863,5,1,,46,6,1.0,5.0,6.0
1863,13,4,6,5,1,1,18,1,23,9,,,,1,2013,101.0,1864,3,1,,99,4,3.0,4.0,4.0
1864,13,4,6,5,1,1,18,1,29,9,,,,1,2013,101.0,1865,4,1,,21,6,1.0,5.0,6.0
1865,13,4,6,15,1,1,12,1,25,9,,,,1,2013,101.0,1866,4,1,,20,3,1.0,6.0,3.0
1866,13,4,6,15,1,1,12,1,23,9,,,,1,2013,101.0,1867,3,1,,99,6,4.0,99.0,6.0
1867,13,4,6,15,1,1,3,1,27,9,,,,1,2013,102.0,1868,4,1,,21,3,1.0,6.0,3.0
1868,13,4,6,15,1,1,3,1,28,9,,,,1,2013,102.0,1869,4,1,,44,2,1.0,9.0,2.0
1869,13,4,6,2,1,1,11,1,25,9,,,,1,2013,101.0,1870,4,1,,44,4,1.0,4.0,4.0
1870,13,4,6,2,1,1,11,1,36,9,,,,1,2013,101.0,1871,6,1,,46,4,1.0,99.0,4.0
1871,13,4,6,2,1,1,11,1,28,9,,,,1,2013,101.0,1872,4,1,,99,6,4.0,3.0,6.0
1872,13,4,6,5,1,1,12,1,30,9,,,,2,2013,101.0,1873,5,1,,2,6,4.0,5.0,6.0
1873,13,4,6,6,1,1,12,1,23,9,,,,3,2013,101.0,1874,3,1,,2,6,4.0,5.0,6.0
1874,13,4,6,7,1,1,12,1,28,9,,,,2,2013,101.0,1875,4,1,,99,6,1.0,99.0,6.0
1875,13,4,6,20,20,2,99,1,47,9,,,,1,2013,2001.0,1876,8,1,,15,6,6.0,1.0,6.0
1876,13,4,6,20,20,2,99,2,20,9,,,,1,2013,2001.0,1877,3,1,,32,6,1.0,4.0,6.0
1877,13,4,6,17,20,2,99,1,29,9,,,,1,2013,2001.0,1878,4,1,,99,6,99.0,99.0,6.0
1878,13,4,6,17,20,2,99,1,29,9,,,,1,2013,2001.0,1879,4,1,,99,6,99.0,99.0,6.0
1879,13,4,6,22,5,1,1,1,23,9,,,,2,2013,501.0,1880,3,1,,2,4,4.0,2.0,4.0
1880,13,4,6,11,5,2,99,1,34,9,,,,1,2013,509.0,1881,5,1,,22,3,5.0,6.0,3.0
1881,13,4,6,11,5,2,99,1,22,9,,,,1,2013,509.0,1882,3,1,,20,2,1.0,4.0,2.0
1882,13,4,6,2,5,2,99,1,36,9,,,,1,2013,509.0,1883,6,1,,99,6,99.0,99.0,6.0
1883,13,4,6,2,5,2,99,1,21,9,,,,1,2013,509.0,1884,3,1,,99,6,6.0,99.0,6.0
1884,13,4,6,2,5,2,99,1,33,9,,,,1,2013,509.0,1885,5,1,,30,6,9.0,2.0,6.0
1885,13,4,6,17,5,2,99,1,52,9,,,,3,2013,506.0,1886,9,1,,99,6,4.0,99.0,6.0
1886,13,4,6,22,6,2,99,1,38,9,,,,1,2013,601.0,1887,6,1,,44,3,2.0,6.0,3.0
1887,13,4,6,22,6,2,99,1,24,9,,,,1,2013,601.0,1888,3,1,,42,6,4.0,3.0,6.0
1888,13,4,6,13,10,2,99,1,41,9,,,,1,2013,1001.0,1889,7,1,,21,6,4.0,4.0,6.0
1889,13,4,6,13,10,2,99,1,26,9,,,,1,2013,1001.0,1890,4,1,,2,5,14.0,1.0,5.0
1890,13,4,6,21,9,2,99,1,20,9,,,,2,2013,901.0,1891,3,1,,20,6,1.0,99.0,6.0
1891,14,4,7,9,1,1,5,1,35,9,,,,1,2013,101.0,1892,6,1,,99,6,4.0,99.0,6.0
1892,14,4,7,9,1,1,5,1,30,9,,,,1,2013,101.0,1893,5,1,,5,6,1.0,2.0,6.0
1893,14,4,7,1,1,1,12,1,22,9,,,,2,2013,101.0,1894,3,1,,32,6,1.0,99.0,6.0
1894,14,4,7,17,1,1,12,1,35,9,,,,1,2013,101.0,1895,6,1,,37,6,1.0,2.0,6.0
1895,14,4,7,17,1,1,12,1,35,9,,,,1,2013,101.0,1896,6,1,,13,5,2.0,4.0,5.0
1896,14,4,7,6,1,1,7,1,30,9,,,,3,2013,108.0,1897,5,1,,21,3,1.0,9.0,3.0
1897,14,4,7,3,21,1,2,1,29,9,,,,2,2013,2101.0,1898,4,1,,44,4,9.0,3.0,4.0
1898,14,4,7,18,21,2,99,1,28,9,,,,1,2013,2101.0,1899,4,1,,41,6,1.0,10.0,6.0
1899,14,4,7,18,21,2,99,1,18,9,,,,1,2013,2101.0,1900,2,1,,7,6,1.0,6.0,6.0
1900,14,4,7,15,11,2,99,1,35,2,,,,2,2013,1101.0,1901,6,1,,99,6,1.0,99.0,6.0
1901,14,4,7,19,11,2,99,2,23,1,,,,3,2013,1101.0,1902,3,1,,32,2,3.0,10.0,2.0
1902,14,4,7,11,11,2,99,1,33,9,,,,2,2013,1101.0,1903,5,1,,42,4,4.0,5.0,4.0
1903,14,4,7,22,12,2,99,1,33,9,,,,1,2013,1201.0,1904,5,1,,32,3,1.0,6.0,3.0
1904,14,4,7,22,12,2,99,1,42,9,,,,1,2013,1201.0,1905,7,1,,44,5,3.0,11.0,5.0
1905,14,4,7,22,12,2,99,1,19,9,,,,1,2013,1201.0,1906,2,1,,2,6,14.0,11.0,6.0
1906,14,4,7,22,12,2,99,1,19,9,,,,1,2013,1201.0,1907,2,1,,44,6,3.0,1.0,6.0
1907,14,4,7,18,12,2,99,1,21,9,,,,3,2013,1201.0,1908,3,1,,24,6,4.0,3.0,6.0
1908,14,4,7,14,13,2,99,1,40,9,,,,1,2013,1301.0,1909,7,1,,7,6,9.0,8.0,6.0
1909,14,4,7,14,13,2,99,2,19,9,,,,1,2013,1301.0,1910,2,1,,44,3,3.0,3.0,3.0
1910,14,4,7,13,18,2,99,1,24,9,,,,1,2013,1801.0,1911,3,1,,99,4,4.0,1.0,4.0
1911,14,4,7,13,18,2,99,1,40,9,,,,1,2013,1801.0,1912,7,1,,21,3,1.0,9.0,3.0
1912,14,4,7,0,18,2,99,1,28,9,,,,3,2013,1801.0,1913,4,1,,2,5,4.0,99.0,5.0
1913,14,4,7,12,3,2,99,2,43,9,,,,1,2013,301.0,1914,7,1,,99,3,1.0,4.0,3.0
1914,14,4,7,12,3,2,99,2,28,9,,,,1,2013,301.0,1915,4,1,,46,4,1.0,5.0,4.0
1915,15,4,1,17,1,1,10,1,66,9,,,,1,2013,101.0,1916,10,1,,99,6,4.0,99.0,6.0
1916,15,4,1,17,1,1,10,1,18,9,,,,1,2013,101.0,1917,2,1,,99,6,4.0,99.0,6.0
1917,15,4,1,1,1,1,18,1,47,9,,,,2,2013,101.0,1918,8,1,,46,4,1.0,1.0,4.0
1918,15,4,1,16,1,1,7,1,30,9,,,,1,2013,101.0,1919,5,1,,32,4,1.0,3.0,4.0
1919,15,4,1,16,1,1,7,1,24,9,,,,1,2013,101.0,1920,3,1,,99,6,1.0,99.0,6.0
1920,15,4,1,16,1,1,7,1,25,9,,,,1,2013,101.0,1921,4,1,,99,6,1.0,99.0,6.0
1921,15,4,1,17,1,2,99,1,28,9,,,,1,2013,116.0,1922,4,1,,21,6,4.0,7.0,6.0
1922,15,4,1,17,1,2,99,1,30,9,,,,1,2013,116.0,1923,5,1,,5,6,1.0,2.0,6.0
1923,15,4,1,21,21,2,99,1,39,2,,,,1,2013,2101.0,1924,6,1,,44,3,1.0,1.0,3.0
1924,15,4,1,21,21,2,99,1,27,1,,,,1,2013,2101.0,1925,4,1,,32,4,1.0,3.0,4.0
1925,15,4,1,14,10,1,2,1,30,2,,,,2,2013,1001.0,1926,5,1,,2,5,14.0,1.0,5.0
1926,15,4,1,0,12,2,99,1,28,9,,,,3,2013,1201.0,1927,4,1,,99,6,3.0,99.0,6.0
1927,15,4,1,23,17,2,99,1,19,9,,,,1,2013,1701.0,1928,2,1,,42,6,4.0,1.0,6.0
1928,15,4,1,23,17,2,99,2,19,9,,,,1,2013,1701.0,1929,2,1,,2,6,4.0,1.0,6.0
1929,16,4,2,5,1,1,9,1,23,2,,,,1,2013,101.0,1930,3,1,,2,5,4.0,3.0,5.0
1930,16,4,2,5,1,1,9,1,36,9,,,,1,2013,101.0,1931,6,1,,20,4,10.0,2.0,4.0
1931,16,4,2,12,1,2,99,1,43,9,,,,1,2013,102.0,1932,7,1,,1,5,2.0,4.0,5.0
1932,16,4,2,12,1,2,99,1,20,9,,,,1,2013,102.0,1933,3,1,,2,6,4.0,3.0,6.0
1933,16,4,2,22,1,1,14,1,38,9,,,,1,2013,101.0,1934,6,1,,40,6,4.0,1.0,6.0
1934,16,4,2,22,1,1,14,1,27,9,,,,1,2013,101.0,1935,4,1,,99,6,99.0,99.0,6.0
1935,16,4,2,12,1,1,12,1,42,9,,,,1,2013,101.0,1936,7,1,,44,4,3.0,2.0,4.0
1936,16,4,2,12,1,1,12,1,23,9,,,,1,2013,101.0,1937,3,1,,42,5,4.0,5.0,5.0
1937,16,4,2,18,1,1,1,2,24,9,,,,1,2013,115.0,1938,3,1,,34,6,1.0,4.0,6.0
1938,16,4,2,18,1,1,1,1,22,9,,,,1,2013,115.0,1939,3,1,,2,6,4.0,5.0,6.0
1939,16,4,2,18,21,2,99,1,30,9,,,,1,2013,2101.0,1940,5,1,,34,4,5.0,2.0,4.0
1940,16,4,2,18,21,2,99,1,50,9,,,,1,2013,2101.0,1941,9,1,,31,6,4.0,1.0,6.0
1941,16,4,2,6,5,2,99,1,36,9,,,,1,2013,501.0,1942,6,1,,15,3,6.0,3.0,3.0
1942,16,4,2,6,5,2,99,1,40,9,,,,1,2013,501.0,1943,7,1,,32,4,3.0,2.0,4.0
1943,16,4,2,18,10,2,99,1,37,9,,,,1,2013,1001.0,1944,6,1,,22,4,6.0,2.0,4.0
1944,16,4,2,18,10,2,99,1,23,9,,,,1,2013,1001.0,1945,3,1,,99,6,4.0,3.0,6.0
1945,16,4,2,21,12,2,99,1,35,9,,,,2,2013,1201.0,1946,6,1,,99,6,3.0,99.0,6.0
1946,16,4,2,17,12,2,99,1,44,9,,,,2,2013,1201.0,1947,7,1,,44,6,2.0,3.0,6.0
1947,16,4,2,11,13,2,99,1,53,9,,,,2,2013,1301.0,1948,9,1,,99,6,4.0,99.0,6.0
1948,16,4,2,10,8,2,99,1,33,9,,,,3,2013,801.0,1949,5,1,,34,6,5.0,2.0,6.0
1949,16,4,2,1,2,2,99,1,40,9,,,,1,2013,201.0,1950,7,1,,19,6,5.0,2.0,6.0
1950,16,4,2,1,2,2,99,1,52,9,,,,1,2013,201.0,1951,9,1,,15,6,5.0,2.0,6.0
1951,16,4,2,5,3,2,99,1,32,9,,,,1,2013,308.0,1952,5,1,,37,6,3.0,2.0,6.0
1952,16,4,2,5,3,2,99,1,36,9,,,,1,2013,308.0,1953,6,1,,22,6,12.0,7.0,6.0
1953,17,4,3,1,1,2,99,1,40,9,,,,2,2013,115.0,1954,7,1,,19,6,5.0,2.0,6.0
1954,17,4,3,13,1,1,1,2,44,1,,,,1,2013,101.0,1955,7,1,,42,5,1.0,5.0,5.0
1955,17,4,3,13,1,1,1,1,14,1,,,,1,2013,101.0,1956,1,2,,2,4,4.0,5.0,4.0
1956,17,4,3,22,1,1,7,1,22,1,,,,1,2013,101.0,1957,3,1,,42,5,4.0,1.0,5.0
1957,17,4,3,22,1,1,7,1,18,1,,,,1,2013,101.0,1958,2,1,,99,6,4.0,4.0,6.0
1958,17,4,3,15,1,1,21,1,25,9,,,,2,2013,101.0,1959,4,1,,44,6,10.0,2.0,6.0
1959,17,4,3,9,5,2,99,1,35,9,,,,1,2013,509.0,1960,6,1,,29,5,6.0,4.0,5.0
1960,17,4,3,9,5,2,99,1,37,9,,,,1,2013,509.0,1961,6,1,,14,6,4.0,5.0,6.0
1961,17,4,3,22,6,2,99,1,18,9,,,,2,2013,603.0,1962,2,1,,45,5,4.0,7.0,5.0
1962,17,4,3,13,6,2,99,1,45,9,,,,2,2013,602.0,1963,8,1,,42,3,2.0,6.0,3.0
1963,17,4,3,13,6,2,99,1,55,9,,,,2,2013,602.0,1964,10,1,,23,3,5.0,2.0,3.0
1964,17,4,3,0,11,2,99,1,24,9,,,,3,2013,1101.0,1965,3,1,,2,4,14.0,1.0,4.0
1965,17,4,3,16,11,2,99,1,28,9,,,,2,2013,1109.0,1966,4,1,,9,6,3.0,4.0,6.0
1966,17,4,3,6,9,2,99,1,28,9,,,,3,2013,912.0,1967,4,1,,44,6,3.0,5.0,6.0
1967,17,4,3,19,13,2,99,1,38,9,,,,1,2013,1308.0,1968,6,1,,44,6,3.0,6.0,6.0
1968,17,4,3,19,13,2,99,1,43,9,,,,1,2013,1308.0,1969,7,1,,44,4,3.0,6.0,4.0
1969,17,4,3,23,16,2,99,1,27,9,,,,4,2013,1614.0,1970,4,1,,44,6,3.0,2.0,6.0
1970,17,4,3,10,4,1,1,1,17,9,,,,1,2013,401.0,1971,2,2,,2,6,14.0,1.0,6.0
1971,17,4,3,10,4,1,1,1,17,9,,,,1,2013,401.0,1972,2,2,,99,6,4.0,5.0,6.0
1972,17,4,3,17,3,2,99,1,999,9,,,,1,2013,312.0,1973,11,1,,15,3,6.0,3.0,3.0
1973,17,4,3,17,3,2,99,1,18,9,,,,1,2013,312.0,1974,2,1,,99,6,4.0,2.0,6.0
1974,18,4,4,9,5,2,99,1,47,9,,,,1,2013,509.0,1975,8,1,,99,3,6.0,2.0,3.0
1975,18,4,4,9,5,2,99,1,999,9,,,,1,2013,509.0,1976,11,1,,99,6,7.0,99.0,6.0
1976,18,4,4,11,5,2,99,1,20,9,,,,1,2013,501.0,1977,3,1,,44,6,3.0,5.0,6.0
1977,18,4,4,11,5,2,99,2,35,9,,,,1,2013,501.0,1978,6,1,,21,5,4.0,5.0,5.0
1978,18,4,4,18,5,2,99,1,35,9,,,,1,2013,505.0,1979,6,1,,15,6,6.0,2.0,6.0
1979,18,4,4,18,5,2,99,1,40,9,,,,1,2013,505.0,1980,7,1,,99,6,4.0,1.0,6.0
1980,18,4,4,16,10,1,99,1,23,9,,,,1,2013,1003.0,1981,3,1,,2,4,14.0,1.0,4.0
1981,18,4,4,16,10,1,99,2,20,9,,,,1,2013,1003.0,1982,3,1,,41,4,4.0,4.0,4.0
1982,18,4,4,16,9,2,99,1,35,9,,,,1,2013,920.0,1983,6,1,,32,3,1.0,1.0,3.0
1983,18,4,4,16,9,2,99,1,37,9,,,,1,2013,920.0,1984,6,1,,44,6,1.0,4.0,6.0
1984,18,4,4,3,13,1,5,1,33,9,,,,2,2013,1301.0,1985,5,1,,32,2,1.0,8.0,2.0
1985,18,4,4,7,2,2,99,1,34,9,,,,1,2013,201.0,1986,5,1,,40,6,3.0,2.0,6.0
1986,18,4,4,7,1,1,4,2,23,9,,,,1,2013,101.0,1987,3,1,,12,4,3.0,2.0,4.0
1987,18,4,4,7,1,1,4,1,25,9,,,,1,2013,101.0,1988,4,1,,2,6,4.0,5.0,6.0
1988,18,4,4,20,1,1,19,1,42,9,,,,1,2013,101.0,1989,7,1,,99,4,5.0,2.0,4.0
1989,18,4,4,20,1,1,19,1,30,9,,,,1,2013,101.0,1990,5,1,,99,6,4.0,99.0,6.0
1990,18,4,4,17,1,1,5,1,34,1,,,,1,2013,101.0,1991,5,1,,44,6,3.0,5.0,6.0
1991,18,4,4,17,1,1,5,1,25,1,,,,1,2013,101.0,1992,4,1,,99,6,1.0,4.0,6.0
1992,19,4,5,6,1,1,18,1,26,1,,,,1,2013,101.0,1993,4,1,,22,6,12.0,99.0,6.0
1993,19,4,5,6,1,1,18,1,999,9,,,,1,2013,101.0,1994,11,1,,22,6,12.0,7.0,6.0
1994,19,4,5,8,1,1,10,1,52,1,,,,1,2013,101.0,1995,9,1,,42,4,2.0,3.0,4.0
1995,19,4,5,8,1,1,10,1,24,9,,,,1,2013,101.0,1996,3,1,,99,6,4.0,1.0,6.0
1996,19,4,5,19,22,2,99,2,31,1,,,,2,2013,2202.0,1997,5,1,,32,6,1.0,4.0,6.0
1997,19,4,5,12,6,2,99,1,23,1,,,,2,2013,608.0,1998,3,1,,44,2,3.0,1.0,2.0
1998,19,4,5,12,6,2,99,1,47,1,,,,2,2013,608.0,1999,8,1,,21,4,4.0,99.0,4.0
1999,19,4,5,19,10,2,99,1,28,1,,,,3,2013,1010.0,2000,4,1,,2,4,14.0,1.0,4.0
2000,19,4,5,0,11,2,99,1,43,2,,,,3,2013,1102.0,2001,7,1,,41,5,4.0,5.0,5.0
2001,19,4,5,21,9,2,99,1,36,1,,,,1,2013,920.0,2002,6,1,,23,6,3.0,3.0,6.0
2002,19,4,5,21,9,2,99,1,40,2,,,,1,2013,920.0,2003,7,1,,13,6,1.0,5.0,6.0
2003,19,4,5,20,15,2,99,1,31,9,,,,1,2013,1507.0,2004,5,1,,34,6,1.0,7.0,6.0
2004,19,4,5,20,16,2,99,1,23,9,,,,1,2013,1613.0,2005,3,1,,44,6,1.0,3.0,6.0
2005,19,4,5,17,2,2,99,1,23,9,,,,1,2013,204.0,2006,3,1,,44,3,3.0,4.0,3.0
2006,19,4,5,17,2,2,99,1,34,1,,,,1,2013,204.0,2007,5,1,,13,6,5.0,3.0,6.0
2007,19,4,5,15,18,2,99,1,53,1,,,,1,2013,1805.0,2008,9,1,,21,6,4.0,5.0,6.0
2008,19,4,5,15,18,2,99,1,999,9,,,,1,2013,1805.0,2009,11,1,,99,6,3.0,99.0,6.0
2009,20,4,6,19,1,1,6,1,26,2,,,,1,2013,101.0,2010,4,1,,37,3,1.0,4.0,3.0
2010,20,4,6,19,1,1,6,1,999,9,,,,1,2013,101.0,2011,11,1,,42,2,5.0,1.0,2.0
2011,20,4,6,3,1,2,99,1,999,1,,,,3,2013,115.0,2012,11,1,,44,6,3.0,5.0,6.0
2012,20,4,6,14,1,2,6,1,26,1,,,,2,2013,108.0,2013,4,1,,44,6,3.0,5.0,6.0
2013,20,4,6,3,1,1,19,2,30,9,,,,2,2013,101.0,2014,5,1,,99,6,1.0,4.0,6.0
2014,20,4,6,19,22,2,99,1,19,1,,,,2,2013,2201.0,2015,2,1,,99,6,4.0,99.0,6.0
2015,20,4,6,23,22,2,99,1,999,9,,,,1,2013,2201.0,2016,11,1,,99,6,4.0,5.0,6.0
2016,20,4,6,23,22,2,99,1,999,9,,,,1,2013,2201.0,2017,11,1,,23,6,1.0,3.0,6.0
2017,20,4,6,18,21,2,99,1,60,1,,,,3,2013,2101.0,2018,10,1,,99,2,5.0,2.0,2.0
2018,20,4,6,22,19,2,99,1,999,1,,,,1,2013,1901.0,2019,11,1,,32,6,1.0,4.0,6.0
2019,20,4,6,22,19,2,99,1,999,1,,,,1,2013,1901.0,2020,11,1,,99,6,6.0,99.0,6.0
2020,20,4,6,19,5,2,99,1,31,1,,,,1,2013,509.0,2021,5,1,,13,6,3.0,3.0,6.0
2021,20,4,6,19,5,2,99,1,47,1,,,,1,2013,509.0,2022,8,1,,37,6,9.0,4.0,6.0
2022,20,4,6,22,9,1,1,1,36,2,,,,1,2013,901.0,2023,6,1,,33,6,5.0,2.0,6.0
2023,20,4,6,22,9,1,1,1,999,9,,,,1,2013,901.0,2024,11,1,,34,6,1.0,6.0,6.0
2024,20,4,6,22,9,1,1,1,999,9,,,,1,2013,901.0,2025,11,1,,44,6,1.0,11.0,6.0
2025,20,4,6,22,12,1,2,1,37,9,,,,1,2013,1217.0,2026,6,1,,15,4,6.0,3.0,4.0
2026,20,4,6,22,12,1,2,1,37,9,,,,1,2013,1217.0,2027,6,1,,99,6,4.0,99.0,6.0
2027,20,4,6,7,13,2,99,1,40,1,,,,1,2013,1301.0,2028,7,1,,42,6,4.0,4.0,6.0
2028,20,4,6,7,13,2,99,1,999,1,,,,1,2013,1301.0,2029,11,1,,99,6,9.0,99.0,6.0
2029,20,4,6,10,16,2,99,1,46,1,,,,1,2013,1615.0,2030,8,1,,99,3,5.0,2.0,3.0
2030,20,4,6,10,16,2,99,1,34,1,,,,1,2013,1615.0,2031,5,1,,99,6,4.0,5.0,6.0
2031,20,4,6,21,2,2,99,1,28,1,,,,1,2013,207.0,2032,4,1,,34,4,1.0,4.0,4.0
2032,20,4,6,21,2,2,99,1,28,1,,,,1,2013,207.0,2033,4,1,,99,6,4.0,5.0,6.0
2033,20,4,6,8,18,2,99,1,30,1,,,,1,2013,1801.0,2034,5,1,,99,6,5.0,1.0,6.0
2034,20,4,6,8,18,2,99,1,32,1,,,,1,2013,1801.0,2035,5,1,,99,6,5.0,2.0,6.0
2035,20,4,6,1,17,2,99,1,999,1,,,,2,2013,1705.0,2036,11,1,,99,6,4.0,2.0,6.0
2036,20,4,6,1,17,2,99,1,65,1,,,,2,2013,1705.0,2037,10,1,,99,6,3.0,99.0,6.0
2037,20,4,6,0,4,2,99,1,41,1,,,,1,2013,401.0,2038,7,1,,22,4,6.0,1.0,4.0
2038,20,4,6,0,4,2,99,1,41,1,,,,1,2013,401.0,2039,7,1,,32,6,1.0,4.0,6.0
2039,20,4,6,10,4,2,99,1,999,1,,,,1,2013,401.0,2040,11,1,,2,5,14.0,1.0,5.0
2040,20,4,6,10,4,2,99,1,999,9,,,,1,2013,401.0,2041,11,1,,99,6,1.0,9.0,6.0
2041,21,4,7,2,1,1,12,1,31,9,,,,1,2013,101.0,2042,5,1,,44,5,10.0,2.0,5.0
2042,21,4,7,2,1,1,12,1,999,1,,,,1,2013,101.0,2043,11,1,,99,6,3.0,99.0,6.0
2043,21,4,7,21,1,1,5,1,30,2,,,,1,2013,115.0,2044,5,1,,46,4,1.0,4.0,4.0
2044,21,4,7,21,1,1,5,2,46,1,,,,1,2013,115.0,2045,8,1,,9,4,1.0,4.0,4.0
2045,21,4,7,10,1,1,21,1,45,2,,,,2,2013,101.0,2046,8,1,,22,3,12.0,7.0,3.0
2046,21,4,7,10,5,2,99,1,47,1,,,,1,2013,502.0,2047,8,1,,99,6,12.0,99.0,6.0
2047,21,4,7,10,5,2,99,1,999,1,,,,1,2013,502.0,2048,11,1,,44,6,3.0,16.0,6.0
2048,21,4,7,20,10,2,99,1,32,2,,,,1,2013,1001.0,2049,5,1,,99,6,1.0,3.0,6.0
2049,21,4,7,20,10,2,99,1,33,1,,,,1,2013,1001.0,2050,5,1,,44,3,1.0,11.0,3.0
2050,21,4,7,22,9,2,99,1,30,1,,,,2,2013,901.0,2051,5,1,,21,6,1.0,5.0,6.0
2051,21,4,7,12,2,2,99,1,27,2,,,,3,2013,202.0,2052,4,1,,21,4,4.0,5.0,4.0
2052,22,4,1,8,1,1,5,2,34,9,,,,1,2013,115.0,2053,5,1,,44,6,3.0,3.0,6.0
2053,22,4,1,8,1,1,5,1,28,9,,,,1,2013,115.0,2054,4,1,,21,6,4.0,5.0,6.0
2054,22,4,1,17,19,2,99,2,28,9,,,,1,2013,1901.0,2055,4,1,,5,3,1.0,7.0,3.0
2055,22,4,1,17,19,2,99,1,35,9,,,,1,2013,1901.0,2056,6,1,,44,4,3.0,4.0,4.0
2056,22,4,1,18,11,2,99,1,44,9,,,,3,2013,1101.0,2057,7,1,,5,6,2.0,11.0,6.0
2057,22,4,1,12,9,2,99,1,29,1,,,,1,2013,901.0,2058,4,1,,22,6,7.0,1.0,6.0
2058,22,4,1,12,9,2,99,1,61,1,,,,1,2013,901.0,2059,10,1,,44,6,2.0,6.0,6.0
2059,22,4,1,19,9,2,99,1,52,9,,,,1,2013,901.0,2060,9,1,,5,6,3.0,2.0,6.0
2060,22,4,1,19,9,2,99,1,65,9,,,,1,2013,901.0,2061,10,1,,26,6,2.0,2.0,6.0
2061,22,4,1,21,14,2,99,1,30,9,,,,1,2013,1401.0,2062,5,1,,32,6,1.0,6.0,6.0
2062,22,4,1,21,14,2,99,1,25,9,,,,1,2013,1401.0,2063,4,1,,99,6,4.0,99.0,6.0
2063,22,4,1,23,14,2,99,1,24,9,,,,3,2013,1401.0,2064,3,1,,99,6,4.0,1.0,6.0
2064,23,4,2,10,1,1,18,1,18,9,,,,3,2013,101.0,2065,2,1,,2,4,4.0,1.0,4.0
2065,23,4,2,1,5,2,99,1,33,9,,,,1,2013,501.0,2066,5,1,,15,6,6.0,3.0,6.0
2066,23,4,2,1,5,2,99,1,29,9,,,,1,2013,501.0,2067,4,1,,44,6,3.0,2.0,6.0
2067,23,4,2,3,5,2,99,1,22,9,,,,2,2013,501.0,2068,3,1,,44,6,3.0,99.0,6.0
2068,23,4,2,4,5,2,99,1,34,9,,,,1,2013,509.0,2069,5,1,,15,6,6.0,2.0,6.0
2069,23,4,2,4,5,2,99,1,49,9,,,,1,2013,509.0,2070,8,1,,15,6,6.0,2.0,6.0
2070,23,4,2,17,10,2,99,1,37,9,,,,2,2013,1001.0,2071,6,1,,18,6,5.0,14.0,6.0
2071,24,4,3,11,1,1,1,1,18,9,,,,1,2013,101.0,2072,2,1,,32,4,1.0,4.0,4.0
2072,24,4,3,11,1,1,1,1,88,9,,,,1,2013,101.0,2073,10,1,,32,3,1.0,9.0,3.0
2073,24,4,3,21,1,1,12,1,29,9,,,,1,2013,101.0,2074,4,1,,44,6,1.0,99.0,6.0
2074,24,4,3,21,1,1,12,1,18,9,,,,1,2013,101.0,2075,2,1,,42,6,4.0,99.0,6.0
2075,24,4,3,8,19,2,99,1,26,9,,,,2,2013,1901.0,2076,4,1,,13,3,3.0,6.0,3.0
2076,24,4,3,20,19,2,99,1,28,9,,,,1,2013,1901.0,2077,4,1,,19,5,5.0,2.0,5.0
2077,24,4,3,20,19,2,99,1,30,9,,,,1,2013,1901.0,2078,5,1,,42,4,4.0,1.0,4.0
2078,24,4,3,17,14,2,99,1,999,9,,,,1,2013,1401.0,2079,11,1,,44,6,3.0,2.0,6.0
2079,24,4,3,17,14,2,99,1,999,9,,,,1,2013,1401.0,2080,11,1,,21,6,4.0,2.0,6.0
2080,24,4,3,15,4,2,99,1,36,9,,,,1,2013,401.0,2081,6,1,,32,3,1.0,3.0,3.0
2081,24,4,3,15,4,2,99,1,27,9,,,,1,2013,401.0,2082,4,1,,21,5,4.0,5.0,5.0
2082,25,4,4,19,1,1,4,1,33,2,,,,1,2013,101.0,2083,5,1,,5,3,1.0,2.0,3.0
2083,25,4,4,19,1,1,4,1,32,9,,,,1,2013,101.0,2084,5,1,,99,6,4.0,4.0,6.0
2084,25,4,4,22,1,1,7,1,29,9,,,,1,2013,101.0,2085,4,1,,37,6,3.0,1.0,6.0
2085,25,4,4,22,1,1,7,1,24,9,,,,1,2013,101.0,2086,3,1,,99,6,14.0,7.0,6.0
2086,25,4,4,22,1,1,7,2,999,9,,,,1,2013,101.0,2087,11,1,,21,6,9.0,3.0,6.0
2087,25,4,4,19,1,1,5,1,32,2,,,,1,2013,108.0,2088,5,1,,34,3,1.0,9.0,3.0
2088,25,4,4,19,1,1,5,1,19,9,,,,1,2013,108.0,2089,2,1,,99,6,4.0,3.0,6.0
2089,25,4,4,21,19,2,99,1,26,2,,,,1,2013,1901.0,2090,4,1,,2,4,14.0,1.0,4.0
2090,25,4,4,21,19,2,99,1,999,1,,,,1,2013,1901.0,2091,11,1,,21,3,1.0,1.0,3.0
2091,25,4,4,1,5,2,99,1,38,9,,,,2,2013,509.0,2092,6,1,,24,6,4.0,1.0,6.0
2092,25,4,4,18,5,2,99,1,27,9,,,,2,2013,501.0,2093,4,1,,22,3,12.0,7.0,3.0
2093,25,4,4,18,5,2,99,1,20,9,,,,1,2013,501.0,2094,3,1,,21,5,4.0,5.0,5.0
2094,25,4,4,18,5,2,99,1,18,9,,,,1,2013,501.0,2095,2,1,,21,6,4.0,1.0,6.0
2095,25,4,4,7,9,2,99,1,42,9,,,,1,2013,901.0,2096,7,1,,20,4,12.0,11.0,4.0
2096,25,4,4,7,9,2,99,1,40,9,,,,1,2013,901.0,2097,7,1,,24,6,4.0,5.0,6.0
2097,25,4,4,9,9,2,99,1,57,9,,,,1,2013,901.0,2098,10,1,,44,2,3.0,3.0,2.0
2098,25,4,4,9,9,2,99,1,17,9,,,,1,2013,901.0,2099,2,1,,42,5,4.0,5.0,5.0
2099,25,4,4,7,8,2,99,1,37,9,,,,1,2013,801.0,2100,6,1,,22,3,12.0,6.0,3.0
2100,25,4,4,7,8,2,99,1,40,9,,,,1,2013,801.0,2101,7,1,,44,3,3.0,5.0,3.0
2101,25,4,4,21,2,2,99,1,64,9,,,,1,2013,201.0,2102,10,1,,34,5,3.0,10.0,5.0
2102,25,4,4,21,2,2,99,1,19,9,,,,1,2013,201.0,2103,2,1,,42,6,4.0,1.0,6.0
2103,25,4,4,9,3,2,99,1,20,9,,,,1,2013,301.0,2104,3,1,,34,6,1.0,4.0,6.0
2104,25,4,4,9,3,2,99,1,25,9,,,,1,2013,301.0,2105,4,1,,44,6,5.0,2.0,6.0
2105,26,4,5,19,1,1,1,1,29,1,,,,1,2013,101.0,2106,4,1,,24,5,4.0,1.0,5.0
2106,26,4,5,19,1,1,1,1,49,1,,,,1,2013,101.0,2107,8,1,,14,5,4.0,1.0,5.0
2107,26,4,5,7,20,2,99,2,52,1,,,,1,2013,2001.0,2108,9,1,,99,6,4.0,99.0,6.0
2108,26,4,5,18,6,2,99,1,43,9,,,,1,2013,601.0,2109,7,1,,30,6,1.0,6.0,6.0
2109,26,4,5,18,6,2,99,1,45,9,,,,1,2013,601.0,2110,8,1,,24,6,4.0,99.0,6.0
2110,26,4,5,17,10,2,99,1,23,1,,,,1,2013,1004.0,2111,3,1,,23,2,3.0,4.0,2.0
2111,26,4,5,17,10,2,99,1,32,2,,,,1,2013,1004.0,2112,5,1,,24,6,4.0,7.0,6.0
2112,26,4,5,3,10,2,99,1,999,9,,,,1,2013,1001.0,2113,11,1,,99,6,1.0,99.0,6.0
2113,26,4,5,3,10,2,99,2,22,1,,,,1,2013,1001.0,2114,3,1,,99,6,4.0,99.0,6.0
2114,26,4,5,4,12,2,99,1,999,2,,,,1,2013,1202.0,2115,11,1,,44,6,9.0,2.0,6.0
2115,26,4,5,4,12,2,99,1,999,1,,,,1,2013,1202.0,2116,11,1,,15,6,6.0,9.0,6.0
2116,26,4,5,18,13,2,99,1,999,9,,,,1,2013,1312.0,2117,11,1,,99,6,2.0,4.0,6.0
2117,26,4,5,18,13,2,99,1,999,9,,,,1,2013,1312.0,2118,11,1,,2,6,14.0,1.0,6.0
2118,26,4,5,11,2,2,99,1,999,9,,,,1,2013,208.0,2119,11,1,,44,2,1.0,1.0,2.0
2119,26,4,5,11,2,2,99,1,29,9,,,,1,2013,208.0,2120,4,1,,44,4,1.0,4.0,4.0
2120,26,4,5,11,2,2,99,1,999,9,,,,1,2013,208.0,2121,11,1,,44,4,1.0,2.0,4.0
2121,26,4,5,16,14,2,99,1,17,1,,,,3,2013,1419.0,2122,2,2,,33,6,5.0,2.0,6.0
2122,27,4,6,4,1,1,9,1,47,1,,,,1,2013,101.0,2123,8,1,,44,6,3.0,4.0,6.0
2123,27,4,6,4,1,1,9,1,29,1,,,,1,2013,101.0,2124,4,1,,37,5,10.0,7.0,5.0
2124,27,4,6,4,1,1,9,2,28,1,,,,1,2013,101.0,2125,4,1,,42,6,1.0,11.0,6.0
2125,27,4,6,21,1,1,6,1,38,1,,,,1,2013,101.0,2126,6,1,,99,4,4.0,1.0,4.0
2126,27,4,6,21,1,1,6,1,21,1,,,,1,2013,101.0,2127,3,1,,14,6,4.0,1.0,6.0
2127,27,4,6,21,1,1,1,1,35,2,,,,1,2013,115.0,2128,6,1,,21,6,4.0,1.0,6.0
2128,27,4,6,21,1,1,1,1,41,1,,,,1,2013,115.0,2129,7,1,,44,6,1.0,9.0,6.0
2129,27,4,6,3,1,1,3,1,33,2,,,,2,2013,108.0,2130,5,1,,34,6,1.0,3.0,6.0
2130,27,4,6,19,1,1,4,1,33,2,,,,1,2013,108.0,2131,5,1,,37,6,1.0,6.0,6.0
2131,27,4,6,19,1,1,4,1,25,1,,,,1,2013,108.0,2132,4,1,,99,6,4.0,99.0,6.0
2132,27,4,6,19,1,1,4,1,25,1,,,,1,2013,108.0,2133,4,1,,99,6,4.0,99.0,6.0
2133,27,4,6,21,1,2,99,1,26,2,,,,2,2013,110.0,2134,4,1,,44,2,3.0,1.0,2.0
2134,27,4,6,18,22,2,99,1,23,1,,,,1,2013,2201.0,2135,3,1,,2,6,4.0,3.0,6.0
2135,27,4,6,18,22,2,99,1,999,1,,,,1,2013,2201.0,2136,11,1,,99,6,4.0,1.0,6.0
2136,27,4,6,17,9,2,99,1,23,1,,,,1,2013,920.0,2137,3,1,,99,6,4.0,1.0,6.0
2137,27,4,6,17,9,2,99,2,30,1,,,,1,2013,920.0,2138,5,1,,99,5,4.0,5.0,5.0
2138,27,4,6,21,2,2,99,1,24,1,,,,3,2013,207.0,2139,3,1,,44,6,3.0,3.0,6.0
2139,27,4,6,9,18,2,99,2,24,1,,,,1,2013,1801.0,2140,3,1,,32,3,1.0,3.0,3.0
2140,27,4,6,9,18,2,99,1,999,1,,,,1,2013,1801.0,2141,11,1,,22,6,7.0,7.0,6.0
2141,27,4,6,15,18,2,99,1,35,1,,,,1,2013,1801.0,2142,6,1,,23,5,3.0,4.0,5.0
2142,27,4,6,15,18,2,99,1,21,1,,,,1,2013,1801.0,2143,3,1,,23,6,4.0,5.0,6.0
2143,28,4,7,1,1,1,1,1,62,2,,,,1,2013,101.0,2144,10,1,,37,6,1.0,11.0,6.0
2144,28,4,7,1,1,1,1,1,23,2,,,,1,2013,101.0,2145,3,1,,37,4,1.0,11.0,4.0
2145,28,4,7,23,1,1,11,2,24,1,,,,1,2013,101.0,2146,3,1,,20,4,1.0,3.0,4.0
2146,28,4,7,23,1,1,11,1,34,1,,,,1,2013,101.0,2147,5,1,,99,5,4.0,4.0,5.0
2147,28,4,7,6,1,2,99,1,33,1,,,,1,2013,117.0,2148,5,1,,34,3,5.0,2.0,3.0
2148,28,4,7,6,1,2,99,1,33,2,,,,1,2013,117.0,2149,5,1,,13,3,1.0,2.0,3.0
2149,28,4,7,21,1,1,4,1,20,2,,,,1,2013,115.0,2150,3,1,,44,2,3.0,3.0,2.0
2150,28,4,7,21,1,1,4,1,36,1,,,,1,2013,115.0,2151,6,1,,32,6,1.0,10.0,6.0
2151,28,4,7,18,21,2,99,1,20,1,,,,2,2013,2102.0,2152,3,1,,24,6,4.0,1.0,6.0
2152,28,4,7,16,10,1,4,1,24,2,,,,1,2013,1001.0,2153,3,1,,44,3,1.0,4.0,3.0
2153,28,4,7,16,10,1,4,1,22,1,,,,1,2013,1001.0,2154,3,1,,40,5,4.0,3.0,5.0
2154,28,4,7,0,16,2,99,1,18,2,,,,2,2013,1602.0,2155,2,1,,44,2,3.0,9.0,2.0
2155,28,4,7,19,2,2,99,1,35,1,,,,1,2013,204.0,2156,6,1,,34,6,3.0,4.0,6.0
2156,28,4,7,19,2,2,99,1,31,1,,,,1,2013,204.0,2157,5,1,,40,6,4.0,1.0,6.0
2157,28,4,7,8,2,1,4,1,26,1,,,,1,2013,207.0,2158,4,1,,23,4,3.0,14.0,4.0
2158,28,4,7,8,2,1,4,1,27,1,,,,1,2013,207.0,2159,4,1,,99,6,14.0,99.0,6.0
2159,28,4,7,5,14,2,99,1,22,1,,,,2,2013,1406.0,2160,3,1,,32,6,1.0,2.0,6.0
2160,29,4,1,10,1,1,1,2,20,1,,,,1,2013,101.0,2161,3,1,,30,5,1.0,5.0,5.0
2161,29,4,1,10,1,1,1,1,23,1,,,,1,2013,101.0,2162,3,1,,14,5,4.0,5.0,5.0
2162,29,4,1,21,1,1,10,1,49,9,,,,2,2013,101.0,2163,8,1,,99,6,1.0,99.0,6.0
2163,29,4,1,1,1,2,99,1,47,1,,,,1,2013,115.0,2164,8,1,,19,6,5.0,2.0,6.0
2164,29,4,1,1,1,2,99,1,42,9,,,,1,2013,115.0,2165,7,1,,42,6,1.0,99.0,6.0
2165,29,4,1,7,1,1,99,1,18,9,,,,1,2013,115.0,2166,2,1,,99,6,14.0,1.0,6.0
2166,29,4,1,7,1,1,99,1,31,1,,,,1,2013,115.0,2167,5,1,,99,6,10.0,2.0,6.0
2167,29,4,1,13,11,2,99,1,29,1,,,,1,2013,1102.0,2168,4,1,,99,6,7.0,99.0,6.0
2168,29,4,1,13,11,2,99,1,65,9,,,,1,2013,1102.0,2169,10,1,,21,6,4.0,3.0,6.0
2169,29,4,1,23,13,2,99,1,60,1,,,,3,2013,1301.0,2170,10,1,,99,6,3.0,99.0,6.0
2170,29,4,1,14,14,2,99,1,19,1,,,,1,2013,1401.0,2171,2,1,,44,2,3.0,1.0,2.0
2171,29,4,1,14,14,2,99,1,999,1,,,,1,2013,1401.0,2172,11,1,,22,3,7.0,6.0,3.0
2172,30,4,2,18,1,1,6,1,29,1,,,,2,2013,108.0,2173,4,1,,3,6,12.0,1.0,6.0
2173,30,4,2,5,20,2,99,1,46,9,,,,1,2013,2004.0,2174,8,1,,40,6,4.0,99.0,6.0
2174,30,4,2,5,20,2,99,1,16,9,,,,1,2013,2004.0,2175,2,2,,42,6,4.0,5.0,6.0
2175,30,4,2,22,19,2,99,1,32,9,,,,2,2013,1904.0,2176,5,1,,99,6,4.0,5.0,6.0
2176,30,4,2,21,5,2,99,1,32,2,,,,2,2013,509.0,2177,5,1,,31,6,4.0,99.0,6.0
2177,30,4,2,9,13,2,99,1,999,9,,,,4,2013,1304.0,2178,11,1,,44,6,3.0,6.0,6.0
2178,30,4,2,0,2,2,99,1,36,2,,,,1,2013,207.0,2179,6,1,,99,6,5.0,99.0,6.0
2179,30,4,2,0,2,2,99,1,40,1,,,,1,2013,207.0,2180,7,1,,15,6,6.0,99.0,6.0
2180,30,4,2,21,2,2,99,1,40,1,,,,1,2013,207.0,2181,7,1,,22,2,6.0,1.0,2.0
2181,30,4,2,15,17,2,99,1,37,9,,,,1,2013,1703.0,2182,6,1,,20,2,1.0,2.0,2.0
2182,30,4,2,15,17,2,99,1,31,9,,,,1,2013,1703.0,2183,5,1,,2,6,14.0,1.0,6.0
2183,30,4,2,8,7,2,99,1,999,9,,,,4,2013,701.0,2184,11,1,,37,6,9.0,4.0,6.0
2184,1,5,3,9,1,1,1,1,43,1,,,,1,2013,101.0,2185,7,1,,44,3,1.0,2.0,3.0
2185,1,5,3,9,1,1,1,1,35,1,,,,1,2013,101.0,2186,6,1,,2,4,4.0,1.0,4.0
2186,1,5,3,15,1,2,99,1,68,1,,,,3,2013,110.0,2187,10,1,,44,6,3.0,4.0,6.0
2187,1,5,3,20,1,1,9,2,20,9,,,,1,2013,101.0,2188,3,1,,34,4,1.0,99.0,4.0
2188,1,5,3,20,1,1,9,1,23,9,,,,1,2013,101.0,2189,3,1,,2,6,4.0,5.0,6.0
2189,1,5,3,21,1,1,12,2,23,2,,,,2,2013,101.0,2190,3,1,,37,3,1.0,2.0,3.0
2190,1,5,3,5,5,2,99,1,30,9,,,,1,2013,501.0,2191,5,1,,32,4,1.0,5.0,4.0
2191,1,5,3,5,5,2,99,1,999,9,,,,1,2013,501.0,2192,11,1,,15,6,6.0,2.0,6.0
2192,1,5,3,20,5,2,99,1,61,9,,,,1,2013,501.0,2193,10,1,,99,6,3.0,6.0,6.0
2193,1,5,3,20,5,2,99,1,32,9,,,,1,2013,501.0,2194,5,1,,99,6,3.0,6.0,6.0
2194,1,5,3,13,10,2,99,2,54,9,,,,2,2013,1001.0,2195,9,1,,99,6,4.0,99.0,6.0
2195,1,5,3,17,9,2,99,1,999,9,,,,1,2013,901.0,2196,11,1,,17,6,1.0,8.0,6.0
2196,1,5,3,17,9,2,99,1,36,9,,,,1,2013,901.0,2197,6,1,,40,6,4.0,3.0,6.0
2197,1,5,3,9,9,2,99,1,999,9,,,,3,2013,901.0,2198,11,1,,37,6,9.0,3.0,6.0
2198,1,5,3,14,12,2,99,1,999,9,,,,3,2013,1201.0,2199,11,1,,44,3,2.0,6.0,3.0
2199,1,5,3,22,13,1,5,1,35,9,,,,1,2013,1301.0,2200,6,1,,21,3,3.0,14.0,3.0
2200,1,5,3,22,13,1,5,1,20,9,,,,1,2013,1301.0,2201,3,1,,21,3,1.0,3.0,3.0
2201,1,5,3,6,13,2,99,1,27,9,,,,2,2013,1301.0,2202,4,1,,44,3,3.0,5.0,3.0
2202,1,5,3,11,13,2,99,1,999,9,,,,3,2013,1301.0,2203,11,1,,99,6,99.0,99.0,6.0
2203,1,5,3,16,8,2,99,1,40,9,,,,1,2013,801.0,2204,7,1,,44,6,1.0,1.0,6.0
2204,1,5,3,16,8,2,99,1,999,9,,,,1,2013,801.0,2205,11,1,,99,6,12.0,99.0,6.0
2205,1,5,3,16,14,2,99,1,22,9,,,,1,2013,1401.0,2206,3,1,,99,6,4.0,99.0,6.0
2206,1,5,3,16,14,2,99,1,19,9,,,,1,2013,1401.0,2207,2,1,,99,6,4.0,99.0,6.0
2207,2,5,4,20,19,2,99,1,27,1,,,,3,2013,1901.0,2208,4,1,,5,4,9.0,3.0,4.0
2208,2,5,4,6,5,2,99,1,18,9,,,,1,2013,501.0,2209,2,1,,2,5,4.0,1.0,5.0
2209,2,5,4,6,5,2,99,1,32,9,,,,1,2013,501.0,2210,5,1,,22,3,6.0,4.0,3.0
2210,2,5,4,16,12,2,99,1,67,9,,,,1,2013,1201.0,2211,10,1,,32,6,1.0,6.0,6.0
2211,2,5,4,16,12,2,99,1,35,9,,,,1,2013,1201.0,2212,6,1,,44,6,3.0,1.0,6.0
2212,2,5,4,21,10,2,99,1,53,9,,,,1,2013,1001.0,2213,9,1,,37,6,3.0,4.0,6.0
2213,2,5,4,21,10,2,99,2,999,1,,,,1,2013,1001.0,2214,11,1,,99,6,3.0,99.0,6.0
2214,2,5,4,15,13,2,99,1,23,9,,,,1,2013,1301.0,2215,3,1,,44,4,9.0,6.0,4.0
2215,2,5,4,15,13,2,99,1,36,9,,,,1,2013,1301.0,2216,6,1,,33,2,2.0,2.0,2.0
2216,2,5,4,20,8,2,99,1,36,9,,,,1,2013,801.0,2217,6,1,,99,6,5.0,99.0,6.0
2217,2,5,4,20,8,2,99,1,999,9,,,,1,2013,801.0,2218,11,1,,99,6,99.0,99.0,6.0
2218,2,5,4,16,4,2,99,1,25,9,,,,2,2013,401.0,2219,4,1,,2,4,14.0,1.0,4.0
2219,2,5,4,14,16,2,99,1,999,9,,,,3,2013,1601.0,2220,11,1,,44,6,3.0,1.0,6.0
2220,2,5,4,14,18,2,99,2,39,9,,,,1,2013,1801.0,2221,6,1,,99,6,99.0,99.0,6.0
2221,2,5,4,14,18,2,99,1,999,9,,,,1,2013,1801.0,2222,11,1,,99,6,99.0,99.0,6.0
2222,3,5,5,22,1,1,13,1,50,9,,,,1,2013,101.0,2223,9,1,,99,6,99.0,99.0,6.0
2223,3,5,5,22,1,1,13,1,999,9,,,,1,2013,101.0,2224,11,1,,99,6,99.0,99.0,6.0
2224,3,5,5,3,1,1,5,1,39,9,,,,2,2013,115.0,2225,6,1,,34,4,2.0,9.0,4.0
2225,3,5,5,21,1,2,99,1,30,9,,,,1,2013,115.0,2226,5,1,,37,3,3.0,2.0,3.0
2226,3,5,5,21,1,2,99,1,35,9,,,,1,2013,115.0,2227,6,1,,99,6,18.0,99.0,6.0
2227,3,5,5,15,1,1,6,1,27,9,,,,1,2013,110.0,2228,4,1,,44,2,1.0,4.0,2.0
2228,3,5,5,15,1,1,6,1,32,9,,,,1,2013,110.0,2229,5,1,,38,4,1.0,1.0,4.0
2229,3,5,5,15,1,1,4,1,42,9,,,,1,2013,110.0,2230,7,1,,37,3,1.0,2.0,3.0
2230,3,5,5,15,1,1,4,2,39,9,,,,1,2013,110.0,2231,6,1,,42,6,4.0,1.0,6.0
2231,3,5,5,14,6,2,99,1,999,9,,,,2,2013,601.0,2232,11,1,,99,6,3.0,1.0,6.0
2232,3,5,5,18,6,2,99,1,17,9,,,,1,2013,601.0,2233,2,2,,24,6,4.0,5.0,6.0
2233,3,5,5,18,6,2,99,1,999,9,,,,1,2013,601.0,2234,11,1,,99,6,6.0,99.0,6.0
2234,3,5,5,15,11,2,99,1,24,9,,,,1,2013,1101.0,2235,3,1,,44,5,11.0,2.0,5.0
2235,3,5,5,15,11,2,99,1,45,9,,,,1,2013,1101.0,2236,8,1,,24,6,4.0,1.0,6.0
2236,3,5,5,15,11,2,99,1,32,9,,,,1,2013,1101.0,2237,5,1,,22,5,5.0,2.0,5.0
2237,3,5,5,15,11,2,99,1,47,9,,,,1,2013,1101.0,2238,8,1,,44,3,3.0,3.0,3.0
2238,3,5,5,15,11,2,99,1,33,9,,,,1,2013,1101.0,2239,5,1,,23,6,2.0,5.0,6.0
2239,3,5,5,18,9,2,99,1,999,9,,,,1,2013,901.0,2240,11,1,,32,6,3.0,5.0,6.0
2240,3,5,5,18,9,2,99,1,29,2,,,,1,2013,901.0,2241,4,1,,34,6,1.0,1.0,6.0
2241,3,5,5,14,17,2,99,1,18,9,,,,1,2013,1701.0,2242,2,1,,99,6,4.0,99.0,6.0
2242,3,5,5,14,17,2,99,1,999,9,,,,1,2013,1701.0,2243,11,1,,99,6,9.0,99.0,6.0
2243,3,5,5,17,14,2,99,1,50,9,,,,1,2013,1401.0,2244,9,1,,13,4,2.0,3.0,4.0
2244,3,5,5,17,14,2,99,1,21,9,,,,1,2013,1401.0,2245,3,1,,99,6,4.0,99.0,6.0
2245,3,5,5,6,3,1,4,1,999,9,,,,2,2013,301.0,2246,11,1,,22,6,4.0,2.0,6.0
2246,4,5,6,2,1,1,2,1,51,9,,,,3,2013,101.0,2247,9,1,,44,6,1.0,6.0,6.0
2247,4,5,6,2,1,1,10,2,47,9,,,,1,2013,101.0,2248,8,1,,1,4,1.0,4.0,4.0
2248,4,5,6,2,1,1,10,1,32,9,,,,1,2013,101.0,2249,5,1,,99,6,3.0,5.0,6.0
2249,4,5,6,6,6,2,99,1,22,9,,,,1,2013,601.0,2250,3,1,,99,6,4.0,99.0,6.0
2250,4,5,6,6,6,2,99,1,999,9,,,,1,2013,601.0,2251,11,1,,99,6,99.0,99.0,6.0
2251,4,5,6,20,10,1,1,2,28,9,,,,1,2013,1001.0,2252,4,1,,99,6,4.0,99.0,6.0
2252,4,5,6,20,10,1,1,1,999,9,,,,1,2013,1001.0,2253,11,1,,32,6,3.0,11.0,6.0
2253,4,5,6,18,3,2,99,1,54,9,,,,2,2013,301.0,2254,9,1,,32,6,1.0,6.0,6.0
2254,5,5,7,22,1,1,1,1,41,9,,,,1,2013,101.0,2255,7,1,,5,4,1.0,3.0,4.0
2255,5,5,7,22,1,1,1,1,25,9,,,,1,2013,101.0,2256,4,1,,8,3,1.0,1.0,3.0
2256,5,5,7,4,1,1,1,1,21,9,,,,1,2013,101.0,2257,3,1,,21,3,1.0,5.0,3.0
2257,5,5,7,4,1,1,1,1,16,9,,,,1,2013,101.0,2258,2,2,,13,3,3.0,9.0,3.0
2258,5,5,7,15,1,1,18,1,36,9,,,,1,2013,101.0,2259,6,1,,45,5,4.0,7.0,5.0
2259,5,5,7,15,1,1,18,2,22,9,,,,1,2013,101.0,2260,3,1,,99,5,4.0,7.0,5.0
2260,5,5,7,19,1,1,6,1,74,9,,,,1,2013,101.0,2261,10,1,,44,2,3.0,11.0,2.0
2261,5,5,7,19,1,1,6,1,16,9,,,,1,2013,101.0,2262,2,2,,2,6,4.0,5.0,6.0
2262,5,5,7,15,1,2,99,1,43,9,,,,1,2013,102.0,2263,7,1,,42,5,4.0,1.0,5.0
2263,5,5,7,15,1,2,99,1,43,9,,,,1,2013,102.0,2264,7,1,,42,6,4.0,99.0,6.0
2264,5,5,7,16,1,2,99,1,21,9,,,,1,2013,113.0,2265,3,1,,99,6,4.0,5.0,6.0
2265,5,5,7,16,1,2,99,1,999,9,,,,1,2013,113.0,2266,11,1,,21,6,1.0,2.0,6.0
2266,5,5,7,17,1,1,5,1,36,9,,,,1,2013,101.0,2267,6,1,,99,6,4.0,99.0,6.0
2267,5,5,7,17,1,1,5,2,32,9,,,,1,2013,101.0,2268,5,1,,46,4,1.0,5.0,4.0
2268,5,5,7,19,1,1,12,1,27,9,,,,1,2013,101.0,2269,4,1,,32,4,1.0,99.0,4.0
2269,5,5,7,19,1,1,12,1,999,9,,,,1,2013,101.0,2270,11,1,,32,2,1.0,4.0,2.0
2270,5,5,7,22,20,2,99,1,31,9,,,,1,2013,2001.0,2271,5,1,,21,3,1.0,3.0,3.0
2271,5,5,7,22,20,2,99,1,999,9,,,,1,2013,2001.0,2272,11,1,,35,6,4.0,1.0,6.0
2272,5,5,7,19,5,2,99,1,41,2,,,,2,2013,501.0,2273,7,1,,44,3,3.0,6.0,3.0
2273,5,5,7,11,5,2,99,1,24,9,,,,2,2013,501.0,2274,3,1,,14,5,4.0,4.0,5.0
2274,5,5,7,18,6,2,99,1,20,9,,,,2,2013,601.0,2275,3,1,,99,6,4.0,99.0,6.0
2275,5,5,7,12,8,1,4,1,36,9,,,,1,2013,801.0,2276,6,1,,44,4,3.0,2.0,4.0
2276,5,5,7,12,8,1,4,1,999,9,,,,1,2013,801.0,2277,11,1,,99,4,3.0,14.0,4.0
2277,5,5,7,13,7,1,4,1,48,9,,,,1,2013,701.0,2278,8,1,,20,3,1.0,6.0,3.0
2278,5,5,7,13,7,1,4,1,999,9,,,,1,2013,701.0,2279,11,1,,22,3,5.0,2.0,3.0
2279,5,5,7,13,3,2,99,1,59,9,,,,3,2013,303.0,2280,10,1,,40,6,4.0,3.0,6.0
2280,6,5,1,14,1,1,4,1,40,1,,,,1,2013,108.0,2281,7,1,,37,4,3.0,99.0,4.0
2281,6,5,1,14,1,1,4,1,22,1,,,,1,2013,108.0,2282,3,1,,99,6,4.0,99.0,6.0
2282,6,5,1,23,1,1,10,1,999,9,,,,1,2013,101.0,2283,11,1,,99,6,11.0,2.0,6.0
2283,6,5,1,23,1,1,10,1,34,1,,,,1,2013,101.0,2284,5,1,,99,6,4.0,3.0,6.0
2284,6,5,1,18,1,2,99,1,35,1,,,,1,2013,110.0,2285,6,1,,24,5,4.0,5.0,5.0
2285,6,5,1,18,1,2,99,1,21,1,,,,1,2013,110.0,2286,3,1,,21,4,4.0,3.0,4.0
2286,6,5,1,18,1,2,99,1,23,1,,,,1,2013,110.0,2287,3,1,,11,6,2.0,3.0,6.0
2287,6,5,1,16,21,2,99,1,32,2,,,,1,2013,2106.0,2288,5,1,,44,3,3.0,9.0,3.0
2288,6,5,1,16,21,2,99,1,42,1,,,,1,2013,2106.0,2289,7,1,,44,2,3.0,1.0,2.0
2289,6,5,1,5,6,2,99,1,25,1,,,,1,2013,601.0,2290,4,1,,37,3,3.0,1.0,3.0
2290,6,5,1,20,3,2,99,1,46,2,,,,2,2013,301.0,2291,8,1,,8,6,1.0,2.0,6.0
2291,7,5,2,19,1,2,99,1,999,9,,,,1,2013,114.0,2292,11,1,,44,6,3.0,5.0,6.0
2292,7,5,2,19,1,2,99,1,40,2,,,,1,2013,114.0,2293,7,1,,34,6,1.0,4.0,6.0
2293,7,5,2,16,1,2,99,1,31,1,,,,1,2013,115.0,2294,5,1,,22,6,12.0,7.0,6.0
2294,7,5,2,16,1,2,99,1,20,1,,,,1,2013,115.0,2295,3,1,,32,6,1.0,5.0,6.0
2295,7,5,2,21,19,2,99,1,43,2,,,,1,2013,1901.0,2296,7,1,,44,6,3.0,5.0,6.0
2296,7,5,2,21,19,2,99,1,999,9,,,,1,2013,1901.0,2297,11,1,,44,5,3.0,4.0,5.0
2297,7,5,2,19,5,2,99,1,48,9,,,,1,2013,511.0,2298,8,1,,32,5,1.0,4.0,5.0
2298,7,5,2,19,5,2,99,1,34,9,,,,1,2013,511.0,2299,5,1,,2,4,4.0,1.0,4.0
2299,7,5,2,20,13,2,99,1,35,2,,,,1,2013,1312.0,2300,6,1,,44,2,3.0,11.0,2.0
2300,7,5,2,20,13,2,99,1,32,1,,,,1,2013,1312.0,2301,5,1,,34,4,3.0,3.0,4.0
2301,7,5,2,21,16,2,99,1,26,2,,,,2,2013,1614.0,2302,4,1,,2,6,4.0,99.0,6.0
2302,8,5,3,20,1,1,1,1,28,1,,,,1,2013,115.0,2303,4,1,,21,3,1.0,2.0,3.0
2303,8,5,3,20,1,1,1,1,54,1,,,,1,2013,115.0,2304,9,1,,42,4,4.0,1.0,4.0
2304,8,5,3,19,1,1,7,1,33,1,,,,1,2013,117.0,2305,5,1,,44,6,2.0,99.0,6.0
2305,8,5,3,19,1,1,7,1,32,1,,,,1,2013,117.0,2306,5,1,,99,6,7.0,99.0,6.0
2306,8,5,3,21,1,1,8,1,34,2,,,,2,2013,108.0,2307,5,1,,99,6,1.0,99.0,6.0
2307,8,5,3,12,21,1,2,1,54,1,,,,1,2013,2101.0,2308,9,1,,34,6,3.0,1.0,6.0
2308,8,5,3,12,21,1,2,1,34,1,,,,1,2013,2101.0,2309,5,1,,99,6,14.0,99.0,6.0
2309,8,5,3,16,6,2,99,1,35,1,,,,1,2013,601.0,2310,6,1,,22,6,7.0,6.0,6.0
2310,8,5,3,16,6,2,99,1,24,9,,,,1,2013,601.0,2311,3,1,,37,5,9.0,4.0,5.0
2311,8,5,3,14,10,2,99,1,26,1,,,,1,2013,1014.0,2312,4,1,,32,3,3.0,1.0,3.0
2312,8,5,3,14,10,2,99,1,40,1,,,,1,2013,1014.0,2313,7,1,,2,4,14.0,1.0,4.0
2313,8,5,3,13,2,2,99,1,38,9,,,,2,2013,208.0,2314,6,1,,32,6,2.0,4.0,6.0
2314,8,5,3,13,17,2,99,1,47,1,,,,1,2013,1701.0,2315,8,1,,23,6,5.0,2.0,6.0
2315,8,5,3,13,17,2,99,1,45,1,,,,1,2013,1701.0,2316,8,1,,44,6,9.0,3.0,6.0
2316,8,5,3,15,7,2,99,1,46,9,,,,1,2013,701.0,2317,8,1,,44,5,9.0,3.0,5.0
2317,8,5,3,15,7,2,99,1,999,9,,,,1,2013,701.0,2318,11,1,,15,6,5.0,3.0,6.0
2318,9,5,4,14,1,1,1,1,999,9,,,,1,2013,101.0,2319,11,1,,99,6,99.0,99.0,6.0
2319,9,5,4,14,1,1,1,1,23,9,,,,1,2013,101.0,2320,3,1,,99,6,99.0,99.0,6.0
2320,9,5,4,12,1,1,10,1,30,1,,,,1,2013,101.0,2321,5,1,,32,4,1.0,9.0,4.0
2321,9,5,4,12,1,1,10,1,50,1,,,,1,2013,101.0,2322,9,1,,99,2,2.0,3.0,2.0
2322,9,5,4,21,1,2,99,1,25,9,,,,2,2013,103.0,2323,4,1,,49,6,4.0,5.0,6.0
2323,9,5,4,9,1,1,16,1,19,9,,,,2,2013,101.0,2324,2,1,,4,6,1.0,2.0,6.0
2324,9,5,4,22,1,1,12,2,32,9,,,,1,2013,101.0,2325,5,1,,5,6,1.0,2.0,6.0
2325,9,5,4,22,1,1,12,1,999,9,,,,1,2013,101.0,2326,11,1,,99,6,4.0,99.0,6.0
2326,9,5,4,20,20,2,99,1,64,9,,,,1,2013,2001.0,2327,10,1,,99,6,1.0,99.0,6.0
2327,9,5,4,20,20,2,99,1,999,9,,,,1,2013,2001.0,2328,11,1,,99,6,5.0,99.0,6.0
2328,9,5,4,21,20,2,99,1,999,9,,,,1,2013,2001.0,2329,11,1,,99,6,1.0,99.0,6.0
2329,9,5,4,21,20,2,99,1,68,9,,,,1,2013,2001.0,2330,10,1,,21,6,4.0,99.0,6.0
2330,9,5,4,0,19,2,99,1,999,9,,,,1,2013,1902.0,2331,11,1,,32,6,3.0,5.0,6.0
2331,9,5,4,0,19,2,99,1,40,9,,,,1,2013,1902.0,2332,7,1,,44,6,9.0,11.0,6.0
2332,9,5,4,15,19,2,99,1,45,2,,,,1,2013,1901.0,2333,8,1,,44,6,3.0,1.0,6.0
2333,9,5,4,15,19,2,99,1,999,9,,,,1,2013,1901.0,2334,11,1,,15,6,6.0,2.0,6.0
2334,9,5,4,19,11,1,1,1,43,2,,,,1,2013,1101.0,2335,7,1,,23,2,3.0,2.0,2.0
2335,9,5,4,19,11,1,1,1,28,1,,,,1,2013,1101.0,2336,4,1,,2,6,14.0,1.0,6.0
2336,9,5,4,8,12,2,99,1,999,9,,,,2,2013,1206.0,2337,11,1,,44,6,3.0,3.0,6.0
2337,9,5,4,12,16,2,99,1,35,9,,,,3,2013,1615.0,2338,6,1,,20,3,9.0,11.0,3.0
2338,9,5,4,1,4,2,99,1,24,2,,,,3,2013,407.0,2339,3,1,,2,6,4.0,1.0,6.0
2339,10,5,5,16,1,1,1,1,25,9,,,,1,2013,101.0,2340,4,1,,30,6,5.0,2.0,6.0
2340,10,5,5,16,1,1,1,1,24,9,,,,1,2013,101.0,2341,3,1,,24,6,4.0,1.0,6.0
2341,10,5,5,17,1,1,6,1,43,2,,,,1,2013,108.0,2342,7,1,,37,2,1.0,3.0,2.0
2342,10,5,5,17,1,1,6,1,34,2,,,,1,2013,108.0,2343,5,1,,9,2,3.0,3.0,2.0
2343,10,5,5,23,5,2,99,1,43,1,,,,1,2013,501.0,2344,7,1,,22,3,12.0,7.0,3.0
2344,10,5,5,23,5,2,99,1,18,1,,,,1,2013,501.0,2345,2,1,,42,4,4.0,5.0,4.0
2345,10,5,5,12,6,2,99,1,54,1,,,,2,2013,601.0,2346,9,1,,30,3,2.0,2.0,3.0
2346,10,5,5,10,10,2,99,1,23,1,,,,1,2013,1003.0,2347,3,1,,24,6,4.0,1.0,6.0
2347,10,5,5,10,10,2,99,1,35,1,,,,1,2013,1003.0,2348,6,1,,30,4,3.0,2.0,4.0
2348,10,5,5,13,9,2,99,1,999,1,,,,2,2013,922.0,2349,11,1,,2,5,14.0,1.0,5.0
2349,10,5,5,16,16,2,99,1,36,1,,,,2,2013,1609.0,2350,6,1,,19,6,2.0,99.0,6.0
2350,10,5,5,13,15,2,99,1,37,1,,,,1,2013,1501.0,2351,6,1,,21,5,4.0,2.0,5.0
2351,10,5,5,13,15,2,99,1,32,1,,,,1,2013,1501.0,2352,5,1,,21,4,4.0,1.0,4.0
2352,10,5,5,14,2,2,99,1,25,9,,,,1,2013,201.0,2353,4,1,,21,4,4.0,1.0,4.0
2353,10,5,5,14,2,2,99,2,999,9,,,,1,2013,201.0,2354,11,1,,21,4,4.0,1.0,4.0
2354,10,5,5,1,7,2,99,1,36,2,,,,3,2013,701.0,2355,6,1,,44,2,3.0,3.0,2.0
2355,11,5,6,1,1,1,1,1,29,9,,,,1,2013,101.0,2356,4,1,,20,6,2.0,6.0,6.0
2356,11,5,6,1,1,1,1,1,21,9,,,,1,2013,101.0,2357,3,1,,20,6,14.0,2.0,6.0
2357,11,5,6,17,1,1,6,1,32,2,,,,1,2013,101.0,2358,5,1,,34,3,1.0,3.0,3.0
2358,11,5,6,17,1,1,6,1,33,9,,,,1,2013,101.0,2359,5,1,,20,6,1.0,2.0,6.0
2359,11,5,6,2,1,1,10,1,29,9,,,,1,2013,101.0,2360,4,1,,32,4,1.0,3.0,4.0
2360,11,5,6,2,1,1,10,1,26,2,,,,1,2013,101.0,2361,4,1,,44,4,1.0,5.0,4.0
2361,11,5,6,8,1,1,7,1,999,9,,,,1,2013,101.0,2362,11,1,,99,6,6.0,99.0,6.0
2362,11,5,6,8,1,1,7,1,28,9,,,,1,2013,101.0,2363,4,1,,42,4,4.0,4.0,4.0
2363,11,5,6,18,1,1,12,1,33,2,,,,1,2013,101.0,2364,5,1,,23,5,2.0,4.0,5.0
2364,11,5,6,18,1,1,12,2,25,9,,,,1,2013,101.0,2365,4,1,,44,6,1.0,2.0,6.0
2365,11,5,6,1,19,2,99,1,28,9,,,,1,2013,1901.0,2366,4,1,,46,6,1.0,11.0,6.0
2366,11,5,6,1,19,2,99,1,999,9,,,,1,2013,1901.0,2367,11,1,,99,6,6.0,99.0,6.0
2367,11,5,6,0,10,2,99,1,19,2,,,,2,2013,1001.0,2368,2,1,,21,6,4.0,5.0,6.0
2368,11,5,6,5,11,2,99,1,23,9,,,,3,2013,1101.0,2369,3,1,,21,6,4.0,14.0,6.0
2369,11,5,6,19,9,2,99,1,22,9,,,,2,2013,921.0,2370,3,1,,99,6,4.0,99.0,6.0
2370,11,5,6,2,13,2,99,1,999,9,,,,2,2013,1301.0,2371,11,1,,99,2,5.0,6.0,2.0
2371,11,5,6,12,13,2,99,1,22,9,,,,1,2013,1301.0,2372,3,1,,44,3,3.0,1.0,3.0
2372,11,5,6,12,13,2,99,1,13,9,,,,1,2013,1301.0,2373,1,2,,24,6,4.0,3.0,6.0
2373,11,5,6,10,14,2,99,1,999,9,,,,3,2013,1401.0,2374,11,1,,99,6,3.0,9.0,6.0
2374,11,5,6,22,3,2,99,1,28,9,,,,3,2013,301.0,2375,4,1,,42,6,4.0,1.0,6.0
2375,12,5,7,21,1,1,1,1,64,2,,,,1,2013,101.0,2376,10,1,,20,4,14.0,2.0,4.0
2376,12,5,7,21,1,1,1,2,41,2,,,,1,2013,101.0,2377,7,1,,44,4,1.0,4.0,4.0
2377,12,5,7,5,1,1,10,1,999,9,,,,2,2013,101.0,2378,11,1,,99,6,4.0,5.0,6.0
2378,12,5,7,5,1,2,99,1,28,9,,,,1,2013,115.0,2379,4,1,,99,6,3.0,5.0,6.0
2379,12,5,7,5,1,2,99,1,36,9,,,,1,2013,115.0,2380,6,1,,99,6,4.0,5.0,6.0
2380,12,5,7,8,1,1,8,1,999,9,,,,2,2013,110.0,2381,11,1,,22,6,9.0,7.0,6.0
2381,12,5,7,12,1,1,19,1,35,9,,,,1,2013,101.0,2382,6,1,,99,6,4.0,5.0,6.0
2382,12,5,7,12,1,1,19,1,999,9,,,,1,2013,101.0,2383,11,1,,99,6,12.0,99.0,6.0
2383,12,5,7,9,19,2,99,1,50,9,,,,2,2013,1901.0,2384,9,1,,44,6,3.0,1.0,6.0
2384,12,5,7,10,19,2,99,1,23,9,,,,1,2013,1901.0,2385,3,1,,10,6,4.0,5.0,6.0
2385,12,5,7,10,19,2,99,1,19,9,,,,1,2013,1901.0,2386,2,1,,32,4,1.0,6.0,4.0
2386,12,5,7,18,19,2,99,1,30,9,,,,3,2013,1901.0,2387,5,1,,99,6,99.0,99.0,6.0
2387,12,5,7,15,5,2,99,1,57,9,,,,1,2013,501.0,2388,10,1,,22,6,12.0,1.0,6.0
2388,12,5,7,15,5,2,99,1,25,9,,,,1,2013,501.0,2389,4,1,,37,6,1.0,1.0,6.0
2389,12,5,7,23,5,2,99,1,43,9,,,,1,2013,501.0,2390,7,1,,32,3,1.0,2.0,3.0
2390,12,5,7,23,5,2,99,1,56,9,,,,1,2013,501.0,2391,10,1,,44,6,3.0,8.0,6.0
2391,12,5,7,21,6,2,99,1,24,9,,,,1,2013,601.0,2392,3,1,,21,3,4.0,2.0,3.0
2392,12,5,7,21,6,2,99,1,36,9,,,,1,2013,601.0,2393,6,1,,44,3,3.0,2.0,3.0
2393,12,5,7,20,9,2,99,1,36,9,,,,1,2013,901.0,2394,6,1,,42,5,4.0,4.0,5.0
2394,12,5,7,20,9,2,99,1,999,9,,,,1,2013,901.0,2395,11,1,,44,3,12.0,2.0,3.0
2395,12,5,7,22,12,2,99,1,34,9,,,,1,2013,1201.0,2396,5,1,,5,4,9.0,14.0,4.0
2396,12,5,7,22,12,2,99,1,999,9,,,,1,2013,1201.0,2397,11,1,,2,6,4.0,1.0,6.0
2397,12,5,7,17,12,2,99,1,35,9,,,,1,2013,1201.0,2398,6,1,,99,6,4.0,99.0,6.0
2398,12,5,7,17,12,2,99,1,999,9,,,,1,2013,1201.0,2399,11,1,,44,6,3.0,8.0,6.0
2399,12,5,7,20,12,2,99,1,23,9,,,,3,2013,1201.0,2400,3,1,,42,6,4.0,1.0,6.0
2400,12,5,7,19,13,2,99,1,15,9,,,,3,2013,1301.0,2401,2,2,,44,6,3.0,3.0,6.0
2401,12,5,7,0,8,2,99,1,30,9,,,,1,2013,801.0,2402,5,1,,44,3,3.0,2.0,3.0
2402,12,5,7,0,8,2,99,1,39,9,,,,1,2013,801.0,2403,6,1,,99,6,1.0,99.0,6.0
2403,12,5,7,0,16,2,99,1,25,9,,,,1,2013,1601.0,2404,4,1,,37,6,4.0,1.0,6.0
2404,12,5,7,0,16,2,99,1,999,9,,,,1,2013,1601.0,2405,11,1,,24,6,4.0,5.0,6.0
2405,12,5,7,1,18,2,99,1,33,2,,,,2,2013,1801.0,2406,5,1,,17,6,1.0,9.0,6.0
2406,12,5,7,2,4,2,99,1,24,9,,,,1,2013,401.0,2407,3,1,,40,2,4.0,9.0,2.0
2407,12,5,7,2,4,2,99,1,18,9,,,,1,2013,401.0,2408,2,1,,99,5,4.0,4.0,5.0
2408,13,5,1,15,1,1,1,1,20,9,,,,1,2013,101.0,2409,3,1,,42,5,4.0,1.0,5.0
2409,13,5,1,15,1,1,1,1,21,9,,,,1,2013,101.0,2410,3,1,,24,4,4.0,3.0,4.0
2410,13,5,1,23,1,2,99,1,25,9,,,,1,2013,115.0,2411,4,1,,13,2,5.0,2.0,2.0
2411,13,5,1,23,1,2,99,1,29,9,,,,1,2013,115.0,2412,4,1,,2,5,4.0,1.0,5.0
2412,13,5,1,14,22,2,99,1,49,9,,,,2,2013,2201.0,2413,8,1,,13,3,2.0,7.0,3.0
2413,13,5,1,22,22,2,99,1,38,9,,,,1,2013,2201.0,2414,6,1,,99,6,4.0,3.0,6.0
2414,13,5,1,22,22,2,99,1,999,9,,,,1,2013,2201.0,2415,11,1,,34,6,1.0,4.0,6.0
2415,13,5,1,16,22,2,99,1,25,9,,,,1,2013,2201.0,2416,4,1,,44,4,9.0,3.0,4.0
2416,13,5,1,16,22,2,99,2,17,9,,,,1,2013,2201.0,2417,2,2,,34,6,2.0,4.0,6.0
2417,13,5,1,16,22,2,99,1,28,9,,,,1,2013,2201.0,2418,4,1,,36,5,4.0,2.0,5.0
2418,13,5,1,16,22,2,99,1,42,9,,,,1,2013,2201.0,2419,7,1,,20,5,2.0,4.0,5.0
2419,13,5,1,16,22,2,99,1,22,9,,,,1,2013,2201.0,2420,3,1,,21,4,4.0,1.0,4.0
2420,13,5,1,16,22,2,99,2,21,9,,,,1,2013,2201.0,2421,3,1,,99,6,4.0,1.0,6.0
2421,13,5,1,15,5,1,1,1,26,9,,,,1,2013,501.0,2422,4,1,,24,5,4.0,1.0,5.0
2422,13,5,1,15,5,1,1,1,32,9,,,,1,2013,501.0,2423,5,1,,99,6,4.0,99.0,6.0
2423,13,5,1,21,6,2,99,1,28,9,,,,2,2013,601.0,2424,4,1,,99,5,4.0,1.0,5.0
2424,13,5,1,23,12,2,99,1,26,9,,,,1,2013,1214.0,2425,4,1,,44,6,3.0,6.0,6.0
2425,13,5,1,23,12,2,99,1,999,9,,,,1,2013,1214.0,2426,11,1,,44,2,2.0,5.0,2.0
2426,13,5,1,21,14,2,99,1,36,9,,,,1,2013,1401.0,2427,6,1,,44,3,1.0,1.0,3.0
2427,13,5,1,21,14,2,99,1,999,9,,,,1,2013,1401.0,2428,11,1,,44,6,3.0,2.0,6.0
2428,14,5,2,15,1,1,9,1,27,9,,,,1,2013,101.0,2429,4,1,,44,4,1.0,9.0,4.0
2429,14,5,2,15,1,1,9,1,27,9,,,,1,2013,101.0,2430,4,1,,42,4,4.0,5.0,4.0
2430,14,5,2,10,1,2,99,1,28,9,,,,2,2013,102.0,2431,4,1,,22,3,12.0,2.0,3.0
2431,14,5,2,3,1,2,99,1,30,9,,,,1,2013,110.0,2432,5,1,,21,5,4.0,99.0,5.0
2432,14,5,2,3,1,2,99,1,999,9,,,,1,2013,110.0,2433,11,1,,99,4,4.0,5.0,4.0
2433,14,5,2,21,1,1,6,1,39,9,,,,2,2013,110.0,2434,6,1,,37,6,1.0,2.0,6.0
2434,14,5,2,18,10,2,99,1,47,9,,,,2,2013,1001.0,2435,8,1,,44,6,3.0,5.0,6.0
2435,14,5,2,12,8,2,99,1,23,9,,,,2,2013,801.0,2436,3,1,,44,4,2.0,6.0,4.0
2436,14,5,2,17,16,2,99,1,26,9,,,,3,2013,1601.0,2437,4,1,,37,6,2.0,4.0,6.0
2437,14,5,2,13,18,2,99,1,26,9,,,,2,2013,1801.0,2438,4,1,,47,6,5.0,2.0,6.0
2438,15,5,3,15,1,1,5,1,38,9,,,,1,2013,101.0,2439,6,1,,42,4,4.0,5.0,4.0
2439,15,5,3,0,1,2,99,2,18,9,,,,2,2013,116.0,2440,2,1,,21,6,2.0,4.0,6.0
2440,15,5,3,2,1,2,99,1,52,1,,,,1,2013,117.0,2441,9,1,,20,4,2.0,10.0,4.0
2441,15,5,3,2,1,2,99,1,26,9,,,,1,2013,117.0,2442,4,1,,14,5,4.0,1.0,5.0
2442,15,5,3,3,1,1,3,1,28,2,,,,1,2013,101.0,2443,4,1,,20,5,14.0,2.0,5.0
2443,15,5,3,12,14,2,99,1,58,2,,,,1,2013,1421.0,2444,10,1,,44,3,3.0,2.0,3.0
2444,15,5,3,12,14,2,99,1,999,2,,,,1,2013,1421.0,2445,11,1,,40,6,4.0,3.0,6.0
2445,15,5,3,18,1,1,19,1,25,1,,,,1,2013,101.0,2446,4,1,,30,5,5.0,2.0,5.0
2446,15,5,3,21,1,1,6,1,43,1,,,,1,2013,108.0,2447,7,1,,99,6,9.0,99.0,6.0
2447,15,5,3,21,1,1,6,1,24,1,,,,1,2013,108.0,2448,3,1,,21,6,4.0,4.0,6.0
2448,15,5,3,1,1,2,99,1,50,1,,,,1,2013,105.0,2449,9,1,,15,6,5.0,99.0,6.0
2449,15,5,3,1,1,2,99,1,35,9,,,,1,2013,105.0,2450,6,1,,15,6,5.0,2.0,6.0
2450,15,5,3,5,6,2,99,1,22,9,,,,2,2013,603.0,2451,3,1,,99,6,4.0,99.0,6.0
2451,15,5,3,17,14,2,99,1,28,9,,,,3,2013,1406.0,2452,4,1,,99,4,9.0,99.0,4.0
2452,16,5,4,15,1,2,99,1,22,9,,,,1,2013,102.0,2453,3,1,,13,6,5.0,2.0,6.0
2453,16,5,4,15,1,2,99,1,38,9,,,,1,2013,102.0,2454,6,1,,14,6,4.0,1.0,6.0
2454,16,5,4,14,1,1,11,2,35,9,,,,1,2013,101.0,2455,6,1,,37,6,1.0,2.0,6.0
2455,16,5,4,14,1,1,11,1,24,9,,,,1,2013,101.0,2456,3,1,,42,4,4.0,3.0,4.0
2456,16,5,4,20,1,1,3,2,36,9,,,,1,2013,108.0,2457,6,1,,30,5,1.0,5.0,5.0
2457,16,5,4,20,1,1,3,1,18,9,,,,1,2013,108.0,2458,2,1,,24,5,4.0,5.0,5.0
2458,16,5,4,22,22,2,99,1,27,9,,,,2,2013,2202.0,2459,4,1,,23,6,5.0,2.0,6.0
2459,16,5,4,18,21,2,99,1,20,2,,,,2,2013,2102.0,2460,3,1,,32,3,3.0,2.0,3.0
2460,16,5,4,23,5,2,99,1,42,9,,,,1,2013,504.0,2461,7,1,,20,5,9.0,2.0,5.0
2461,16,5,4,23,5,2,99,1,36,9,,,,1,2013,504.0,2462,6,1,,44,4,9.0,3.0,4.0
2462,16,5,4,18,11,1,4,1,39,2,,,,1,2013,1101.0,2463,6,1,,37,2,3.0,15.0,2.0
2463,16,5,4,18,11,1,4,1,36,1,,,,1,2013,1101.0,2464,6,1,,2,4,14.0,1.0,4.0
2464,16,5,4,22,9,1,2,1,62,1,,,,1,2013,901.0,2465,10,1,,44,6,1.0,2.0,6.0
2465,16,5,4,22,9,1,2,1,26,1,,,,1,2013,901.0,2466,4,1,,44,6,9.0,6.0,6.0
2466,16,5,4,15,9,1,3,1,34,2,,,,1,2013,901.0,2467,5,1,,44,6,1.0,8.0,6.0
2467,16,5,4,15,9,1,3,1,22,1,,,,1,2013,901.0,2468,3,1,,44,6,3.0,3.0,6.0
2468,16,5,4,3,9,1,2,1,23,9,,,,2,2013,920.0,2469,3,1,,10,6,4.0,1.0,6.0
2469,16,5,4,13,15,2,99,1,41,9,,,,1,2013,1501.0,2470,7,1,,24,6,4.0,1.0,6.0
2470,16,5,4,15,15,2,99,1,25,9,,,,1,2013,1501.0,2471,4,1,,37,6,1.0,4.0,6.0
2471,16,5,4,15,15,2,99,1,21,9,,,,1,2013,1501.0,2472,3,1,,21,6,4.0,1.0,6.0
2472,16,5,4,9,15,2,99,1,27,9,,,,2,2013,1502.0,2473,4,1,,30,4,7.0,7.0,4.0
2473,16,5,4,13,15,2,99,1,44,9,,,,1,2013,1502.0,2474,7,1,,44,6,3.0,1.0,6.0
2474,16,5,4,9,14,2,99,2,40,9,,,,1,2013,1421.0,2475,7,1,,44,6,9.0,1.0,6.0
2475,16,5,4,9,14,2,99,1,35,9,,,,1,2013,1421.0,2476,6,1,,44,6,3.0,4.0,6.0
2476,17,5,5,20,1,2,99,1,49,9,,,,1,2013,115.0,2477,8,1,,99,6,4.0,99.0,6.0
2477,17,5,5,20,1,2,99,1,24,9,,,,1,2013,115.0,2478,3,1,,37,6,3.0,1.0,6.0
2478,17,5,5,21,1,1,18,2,45,9,,,,1,2013,101.0,2479,8,1,,20,6,2.0,4.0,6.0
2479,17,5,5,21,1,1,18,1,27,9,,,,1,2013,101.0,2480,4,1,,10,6,4.0,3.0,6.0
2480,17,5,5,9,1,2,10,1,38,1,,,,1,2013,108.0,2481,6,1,,22,6,5.0,6.0,6.0
2481,17,5,5,9,1,2,10,1,24,1,,,,1,2013,108.0,2482,3,1,,22,6,4.0,99.0,6.0
2482,17,5,5,19,5,2,99,1,30,9,,,,1,2013,507.0,2483,5,1,,42,6,4.0,5.0,6.0
2483,17,5,5,19,5,2,99,1,999,9,,,,1,2013,507.0,2484,11,1,,99,6,99.0,99.0,6.0
2484,17,5,5,19,20,2,99,1,999,9,,,,1,2013,2011.0,2485,11,1,,99,6,99.0,99.0,6.0
2485,17,5,5,19,20,2,99,1,39,9,,,,1,2013,2011.0,2486,6,1,,99,6,4.0,99.0,6.0
2486,17,5,5,19,20,2,99,1,999,9,,,,1,2013,2011.0,2487,11,1,,99,6,99.0,99.0,6.0
2487,18,5,6,22,1,1,3,1,21,9,,,,1,2013,101.0,2488,3,1,,99,6,4.0,99.0,6.0
2488,18,5,6,1,1,1,12,1,25,1,,,,1,2013,101.0,2489,4,1,,34,6,1.0,6.0,6.0
2489,18,5,6,1,1,1,12,1,24,9,,,,1,2013,101.0,2490,3,1,,17,6,1.0,9.0,6.0
2490,18,5,6,15,1,1,6,1,54,9,,,,1,2013,108.0,2491,9,1,,15,6,6.0,2.0,6.0
2491,18,5,6,15,1,1,6,1,26,1,,,,1,2013,108.0,2492,4,1,,99,6,4.0,99.0,6.0
2492,18,5,6,14,22,2,99,1,25,2,,,,1,2013,2201.0,2493,4,1,,37,6,3.0,2.0,6.0
2493,18,5,6,14,22,2,99,2,34,1,,,,1,2013,2201.0,2494,5,1,,20,6,2.0,9.0,6.0
2494,18,5,6,19,22,2,99,1,28,2,,,,2,2013,2205.0,2495,4,1,,44,6,3.0,14.0,6.0
2495,18,5,6,22,21,1,3,1,40,1,,,,1,2013,2101.0,2496,7,1,,99,6,3.0,5.0,6.0
2496,18,5,6,20,20,2,99,1,37,2,,,,3,2013,2001.0,2497,6,1,,99,6,4.0,1.0,6.0
2497,18,5,6,9,19,2,99,1,37,1,,,,1,2013,1904.0,2498,6,1,,15,6,6.0,99.0,6.0
2498,18,5,6,9,19,2,99,1,24,1,,,,1,2013,1904.0,2499,3,1,,44,3,3.0,1.0,3.0
2499,18,5,6,4,5,2,99,1,43,1,,,,1,2013,511.0,2500,7,1,,22,4,6.0,2.0,4.0
2500,18,5,6,4,5,2,99,1,24,2,,,,1,2013,511.0,2501,3,1,,21,6,1.0,1.0,6.0
2501,18,5,6,21,5,1,1,1,24,2,,,,1,2013,501.0,2502,3,1,,44,3,3.0,5.0,3.0
2502,18,5,6,21,5,1,1,1,45,1,,,,1,2013,501.0,2503,8,1,,21,3,1.0,1.0,3.0
2503,18,5,6,21,5,1,1,1,32,1,,,,1,2013,501.0,2504,5,1,,42,6,4.0,4.0,6.0
2504,18,5,6,3,5,1,3,1,52,1,,,,1,2013,501.0,2505,9,1,,15,6,6.0,2.0,6.0
2505,18,5,6,3,5,1,3,1,23,9,,,,1,2013,501.0,2506,3,1,,24,6,4.0,14.0,6.0
2506,18,5,6,11,11,2,99,1,23,1,,,,1,2013,1102.0,2507,3,1,,23,6,5.0,2.0,6.0
2507,18,5,6,11,11,2,99,1,34,1,,,,1,2013,1102.0,2508,5,1,,99,6,9.0,11.0,6.0
2508,18,5,6,3,9,2,99,1,33,9,,,,2,2013,920.0,2509,5,1,,42,6,4.0,99.0,6.0
2509,18,5,6,8,2,2,99,1,32,9,,,,2,2013,201.0,2510,5,1,,21,4,4.0,4.0,4.0
2510,18,5,6,20,2,2,99,1,32,9,,,,2,2013,206.0,2511,5,1,,21,4,4.0,1.0,4.0
2511,18,5,6,4,2,2,99,1,28,1,,,,2,2013,207.0,2512,4,1,,34,6,5.0,2.0,6.0
2512,18,5,6,1,2,2,99,1,24,2,,,,3,2013,201.0,2513,3,1,,21,6,4.0,5.0,6.0
2513,18,5,6,7,18,2,99,1,19,9,,,,1,2013,1801.0,2514,2,1,,42,6,4.0,3.0,6.0
2514,18,5,6,7,18,2,99,1,999,9,,,,1,2013,1801.0,2515,11,1,,44,5,9.0,2.0,5.0
2515,18,5,6,13,18,2,99,1,48,9,,,,3,2013,1804.0,2516,8,1,,99,6,13.0,1.0,6.0
2516,19,5,7,19,1,1,13,1,41,9,,,,1,2013,101.0,2517,7,1,,44,6,14.0,99.0,6.0
2517,19,5,7,19,1,1,13,2,41,9,,,,1,2013,101.0,2518,7,1,,20,4,2.0,99.0,4.0
2518,19,5,7,19,1,1,13,1,41,9,,,,1,2013,101.0,2519,7,1,,20,6,1.0,3.0,6.0
2519,19,5,7,16,1,1,5,1,15,9,,,,2,2013,101.0,2520,2,2,,99,6,4.0,99.0,6.0
2520,19,5,7,12,1,1,10,1,999,9,,,,1,2013,101.0,2521,11,1,,99,6,99.0,99.0,6.0
2521,19,5,7,19,1,1,11,1,26,9,,,,3,2013,101.0,2522,4,1,,32,4,1.0,3.0,4.0
2522,19,5,7,2,1,1,11,1,999,9,,,,2,2013,101.0,2523,11,1,,44,6,1.0,9.0,6.0
2523,19,5,7,17,1,2,99,1,38,9,,,,1,2013,115.0,2524,6,1,,99,6,7.0,99.0,6.0
2524,19,5,7,17,1,2,99,1,30,9,,,,1,2013,115.0,2525,5,1,,49,6,4.0,3.0,6.0
2525,19,5,7,16,1,2,10,1,999,9,,,,1,2013,108.0,2526,11,1,,99,6,99.0,99.0,6.0
2526,19,5,7,16,1,2,10,1,19,9,,,,1,2013,108.0,2527,2,1,,24,6,4.0,5.0,6.0
2527,19,5,7,21,6,2,99,1,28,9,,,,3,2013,601.0,2528,4,1,,2,6,4.0,99.0,6.0
2528,19,5,7,14,11,2,99,1,26,9,,,,1,2013,1102.0,2529,4,1,,32,6,4.0,4.0,6.0
2529,19,5,7,14,11,2,99,1,28,9,,,,1,2013,1102.0,2530,4,1,,42,6,4.0,3.0,6.0
2530,19,5,7,13,15,2,99,1,40,2,,,,1,2013,1501.0,2531,7,1,,44,3,1.0,11.0,3.0
2531,19,5,7,13,15,2,99,2,29,1,,,,1,2013,1501.0,2532,4,1,,42,5,4.0,1.0,5.0
2532,19,5,7,17,18,2,99,1,20,9,,,,3,2013,1801.0,2533,3,1,,99,6,4.0,5.0,6.0
2533,19,5,7,5,14,1,2,1,31,2,,,,2,2013,1401.0,2534,5,1,,44,6,3.0,1.0,6.0
2534,19,5,7,18,14,2,99,1,38,1,,,,1,2013,1401.0,2535,6,1,,44,3,3.0,1.0,3.0
2535,19,5,7,18,14,2,99,1,26,9,,,,1,2013,1401.0,2536,4,1,,44,6,9.0,2.0,6.0
2536,20,5,1,23,1,1,9,1,36,9,,,,1,2013,101.0,2537,6,1,,99,6,1.0,99.0,6.0
2537,20,5,1,23,1,1,9,1,39,9,,,,1,2013,101.0,2538,6,1,,44,6,1.0,11.0,6.0
2538,20,5,1,17,1,2,99,1,30,9,,,,2,2013,105.0,2539,5,1,,99,6,3.0,99.0,6.0
2539,20,5,1,14,1,2,99,1,999,9,,,,1,2013,102.0,2540,11,1,,99,6,6.0,1.0,6.0
2540,20,5,1,14,1,2,99,1,20,9,,,,1,2013,102.0,2541,3,1,,32,6,1.0,3.0,6.0
2541,20,5,1,17,1,1,13,1,36,9,,,,1,2013,101.0,2542,6,1,,34,6,11.0,2.0,6.0
2542,20,5,1,17,1,1,13,1,39,9,,,,1,2013,101.0,2543,6,1,,99,6,4.0,99.0,6.0
2543,20,5,1,23,1,1,10,2,23,9,,,,1,2013,101.0,2544,3,1,,5,4,1.0,3.0,4.0
2544,20,5,1,23,1,1,10,1,21,9,,,,1,2013,101.0,2545,3,1,,2,5,4.0,3.0,5.0
2545,20,5,1,10,1,1,13,1,26,9,,,,1,2013,101.0,2546,4,1,,42,6,4.0,1.0,6.0
2546,20,5,1,10,1,1,13,1,999,9,,,,1,2013,101.0,2547,11,1,,99,6,1.0,99.0,6.0
2547,20,5,1,5,1,1,11,1,21,9,,,,1,2013,101.0,2548,3,1,,24,6,4.0,1.0,6.0
2548,20,5,1,5,1,1,11,1,999,9,,,,1,2013,101.0,2549,11,1,,99,6,12.0,99.0,6.0
2549,20,5,1,0,1,2,99,1,17,9,,,,2,2013,115.0,2550,2,2,,44,6,3.0,4.0,6.0
2550,20,5,1,19,1,2,99,1,39,9,,,,1,2013,110.0,2551,6,1,,34,3,2.0,6.0,3.0
2551,20,5,1,19,1,2,99,1,38,9,,,,1,2013,110.0,2552,6,1,,99,6,4.0,1.0,6.0
2552,20,5,1,13,22,2,99,2,50,9,,,,2,2013,2201.0,2553,9,1,,5,4,3.0,5.0,4.0
2553,20,5,1,11,21,2,99,1,37,9,,,,3,2013,2101.0,2554,6,1,,44,3,3.0,6.0,3.0
2554,20,5,1,19,6,2,99,1,63,9,,,,1,2013,601.0,2555,10,1,,5,6,3.0,1.0,6.0
2555,20,5,1,19,6,2,99,2,27,9,,,,1,2013,601.0,2556,4,1,,99,6,4.0,99.0,6.0
2556,20,5,1,20,10,2,99,1,26,9,,,,1,2013,1001.0,2557,4,1,,32,4,2.0,4.0,4.0
2557,20,5,1,20,10,2,99,1,32,9,,,,1,2013,1001.0,2558,5,1,,2,6,4.0,5.0,6.0
2558,20,5,1,12,12,2,99,1,39,2,,,,1,2013,1201.0,2559,6,1,,99,6,3.0,9.0,6.0
2559,20,5,1,12,12,2,99,1,999,9,,,,1,2013,1201.0,2560,11,1,,99,6,1.0,1.0,6.0
2560,20,5,1,0,17,2,99,1,19,9,,,,1,2013,1701.0,2561,2,1,,14,6,4.0,3.0,6.0
2561,20,5,1,0,17,2,99,1,999,9,,,,1,2013,1701.0,2562,11,1,,99,6,99.0,99.0,6.0
2562,20,5,1,15,14,2,99,1,45,9,,,,3,2013,1401.0,2563,8,1,,44,3,3.0,3.0,3.0
2563,20,5,1,20,7,2,99,1,32,2,,,,2,2013,701.0,2564,5,1,,99,6,4.0,99.0,6.0
2564,21,5,2,23,1,1,7,1,42,9,,,,2,2013,101.0,2565,7,1,,21,2,2.0,99.0,2.0
2565,21,5,2,23,1,1,7,1,27,9,,,,1,2013,101.0,2566,4,1,,42,6,4.0,5.0,6.0
2566,21,5,2,23,1,1,7,1,999,9,,,,1,2013,101.0,2567,11,1,,99,6,99.0,99.0,6.0
2567,21,5,2,23,1,2,99,1,22,9,,,,1,2013,115.0,2568,3,1,,99,3,1.0,4.0,3.0
2568,21,5,2,23,1,2,99,2,23,9,,,,1,2013,115.0,2569,3,1,,2,5,4.0,99.0,5.0
2569,21,5,2,20,21,2,99,1,28,9,,,,2,2013,2101.0,2570,4,1,,13,3,5.0,2.0,3.0
2570,21,5,2,17,6,2,99,1,22,9,,,,1,2013,601.0,2571,3,1,,44,6,3.0,2.0,6.0
2571,21,5,2,17,6,2,99,1,47,9,,,,1,2013,601.0,2572,8,1,,24,6,4.0,99.0,6.0
2572,21,5,2,16,10,2,99,1,43,9,,,,1,2013,1001.0,2573,7,1,,44,3,3.0,2.0,3.0
2573,21,5,2,16,10,2,99,1,21,9,,,,1,2013,1001.0,2574,3,1,,44,2,3.0,2.0,2.0
2574,21,5,2,16,11,2,99,1,21,9,,,,1,2013,1101.0,2575,3,1,,42,4,4.0,5.0,4.0
2575,21,5,2,16,11,2,99,1,15,9,,,,1,2013,1101.0,2576,2,2,,42,4,2.0,4.0,4.0
2576,21,5,2,15,14,2,99,1,999,9,,,,3,2013,1401.0,2577,11,1,,22,2,12.0,1.0,2.0
2577,21,5,2,7,7,2,99,2,40,9,,,,3,2013,701.0,2578,7,1,,37,6,3.0,5.0,6.0
2578,22,5,3,17,1,1,12,1,22,9,,,,1,2013,101.0,2579,3,1,,21,3,1.0,2.0,3.0
2579,22,5,3,17,1,1,12,1,999,9,,,,1,2013,101.0,2580,11,1,,44,3,3.0,2.0,3.0
2580,22,5,3,17,1,1,12,1,999,9,,,,1,2013,101.0,2581,11,1,,34,3,1.0,1.0,3.0
2581,22,5,3,17,1,1,12,1,999,9,,,,1,2013,101.0,2582,11,1,,13,4,1.0,5.0,4.0
2582,22,5,3,21,1,2,99,1,40,9,,,,1,2013,110.0,2583,7,1,,5,6,5.0,7.0,6.0
2583,22,5,3,21,1,2,99,1,21,9,,,,1,2013,110.0,2584,3,1,,2,6,4.0,5.0,6.0
2584,22,5,3,0,21,2,99,1,36,9,,,,2,2013,2101.0,2585,6,1,,44,2,3.0,7.0,2.0
2585,22,5,3,18,5,2,99,1,30,9,,,,1,2013,501.0,2586,5,1,,99,4,3.0,6.0,4.0
2586,22,5,3,18,5,2,99,1,26,9,,,,1,2013,501.0,2587,4,1,,2,6,4.0,5.0,6.0
2587,22,5,3,0,18,2,99,1,35,9,,,,3,2013,1801.0,2588,6,1,,44,2,3.0,3.0,2.0
2588,22,5,3,23,18,2,99,1,36,9,,,,2,2013,1801.0,2589,6,1,,34,4,3.0,7.0,4.0
2589,22,5,3,22,17,2,99,1,38,9,,,,1,2013,1701.0,2590,6,1,,2,4,4.0,1.0,4.0
2590,22,5,3,22,17,2,99,1,999,9,,,,1,2013,1701.0,2591,11,1,,2,4,4.0,1.0,4.0
2591,22,5,3,3,7,2,99,1,29,9,,,,2,2013,701.0,2592,4,1,,22,3,5.0,1.0,3.0
2592,23,5,4,15,1,1,12,2,25,9,,,,1,2013,101.0,2593,4,1,,37,6,1.0,5.0,6.0
2593,23,5,4,15,1,1,12,1,19,9,,,,1,2013,101.0,2594,2,1,,42,6,4.0,5.0,6.0
2594,23,5,4,18,18,2,99,1,999,9,,,,1,2013,1804.0,2595,11,1,,99,6,6.0,99.0,6.0
2595,23,5,4,18,18,2,99,1,38,9,,,,1,2013,1804.0,2596,6,1,,14,5,4.0,5.0,5.0
2596,23,5,4,9,1,1,11,1,999,9,,,,1,2013,101.0,2597,11,1,,99,6,99.0,99.0,6.0
2597,23,5,4,9,1,1,11,1,20,9,,,,1,2013,101.0,2598,3,1,,99,6,4.0,99.0,6.0
2598,23,5,4,20,5,2,99,1,999,9,,,,1,2013,507.0,2599,11,1,,99,6,99.0,99.0,6.0
2599,23,5,4,20,5,2,99,1,61,9,,,,1,2013,507.0,2600,10,1,,99,6,4.0,99.0,6.0
2600,23,5,4,11,12,2,99,1,999,9,,,,1,2013,1217.0,2601,11,1,,44,6,3.0,2.0,6.0
2601,23,5,4,11,12,2,99,1,23,9,,,,1,2013,1217.0,2602,3,1,,21,6,4.0,3.0,6.0
2602,23,5,4,11,1,1,1,1,999,9,,,,1,2013,101.0,2603,11,1,,99,6,99.0,5.0,6.0
2603,23,5,4,11,1,1,1,1,39,9,,,,1,2013,101.0,2604,6,1,,99,6,12.0,99.0,6.0
2604,23,5,4,19,5,1,1,1,26,2,,,,1,2013,509.0,2605,4,1,,24,5,4.0,5.0,5.0
2605,23,5,4,19,5,1,1,1,16,9,,,,1,2013,509.0,2606,2,2,,2,6,4.0,99.0,6.0
2606,24,5,5,2,1,1,15,1,40,9,,,,2,2013,101.0,2607,7,1,,44,5,2.0,4.0,5.0
2607,24,5,5,1,1,1,7,2,42,9,,,,1,2013,101.0,2608,7,1,,17,3,1.0,9.0,3.0
2608,24,5,5,1,1,1,7,1,999,9,,,,1,2013,101.0,2609,11,1,,32,3,1.0,5.0,3.0
2609,24,5,5,18,1,1,7,1,29,2,,,,1,2013,101.0,2610,4,1,,13,6,3.0,6.0,6.0
2610,24,5,5,18,1,1,7,1,26,2,,,,1,2013,101.0,2611,4,1,,32,2,1.0,14.0,2.0
2611,24,5,5,23,1,1,6,1,35,9,,,,2,2013,108.0,2612,6,1,,32,6,3.0,6.0,6.0
2612,24,5,5,23,1,1,6,1,21,9,,,,2,2013,108.0,2613,3,1,,9,2,1.0,1.0,2.0
2613,24,5,5,17,11,1,1,1,23,9,,,,1,2013,1101.0,2614,3,1,,44,3,2.0,5.0,3.0
2614,24,5,5,17,11,1,1,1,23,2,,,,1,2013,1101.0,2615,3,1,,40,3,4.0,1.0,3.0
2615,24,5,5,13,9,2,99,1,38,9,,,,3,2013,919.0,2616,6,1,,44,2,3.0,4.0,2.0
2616,24,5,5,16,17,2,99,1,39,9,,,,3,2013,1708.0,2617,6,1,,32,4,3.0,4.0,4.0
2617,24,5,5,17,17,2,99,1,999,9,,,,1,2013,1712.0,2618,11,1,,99,6,99.0,99.0,6.0
2618,24,5,5,17,17,2,99,1,22,9,,,,1,2013,1712.0,2619,3,1,,99,6,99.0,99.0,6.0
2619,24,5,5,19,8,2,99,1,999,9,,,,1,2013,801.0,2620,11,1,,99,6,99.0,99.0,6.0
2620,24,5,5,19,8,2,99,1,50,9,,,,1,2013,801.0,2621,9,1,,99,6,4.0,99.0,6.0
2621,25,5,6,23,1,1,1,1,20,2,,,,2,2013,101.0,2622,3,1,,32,6,1.0,1.0,6.0
2622,25,5,6,23,1,1,1,1,999,9,,,,2,2013,101.0,2623,11,1,,44,6,1.0,2.0,6.0
2623,25,5,6,23,1,1,1,1,999,9,,,,2,2013,101.0,2624,11,1,,44,6,1.0,4.0,6.0
2624,25,5,6,3,1,2,99,1,53,2,,,,1,2013,102.0,2625,9,1,,32,6,1.0,2.0,6.0
2625,25,5,6,3,1,2,99,1,22,1,,,,1,2013,102.0,2626,3,1,,23,6,3.0,7.0,6.0
2626,25,5,6,11,1,1,13,2,21,1,,,,1,2013,101.0,2627,3,1,,30,5,1.0,4.0,5.0
2627,25,5,6,11,1,1,13,1,34,9,,,,1,2013,101.0,2628,5,1,,99,6,4.0,1.0,6.0
2628,25,5,6,16,5,2,99,1,43,1,,,,1,2013,509.0,2629,7,1,,99,6,6.0,5.0,6.0
2629,25,5,6,16,5,2,99,1,999,9,,,,1,2013,509.0,2630,11,1,,4,6,3.0,2.0,6.0
2630,25,5,6,11,5,2,99,1,999,9,,,,1,2013,501.0,2631,11,1,,5,6,1.0,2.0,6.0
2631,25,5,6,11,5,2,99,1,999,9,,,,1,2013,501.0,2632,11,1,,99,6,4.0,1.0,6.0
2632,25,5,6,21,10,2,99,1,31,1,,,,1,2013,1001.0,2633,5,1,,44,2,3.0,2.0,2.0
2633,25,5,6,21,10,2,99,1,19,1,,,,1,2013,1001.0,2634,2,1,,2,5,4.0,1.0,5.0
2634,25,5,6,0,11,2,99,1,32,1,,,,3,2013,1109.0,2635,5,1,,15,6,6.0,3.0,6.0
2635,25,5,6,23,12,2,99,1,40,9,,,,2,2013,1201.0,2636,7,1,,44,6,9.0,1.0,6.0
2636,25,5,6,3,16,1,1,2,28,2,,,,1,2013,1601.0,2637,4,1,,44,6,1.0,6.0,6.0
2637,25,5,6,3,16,1,1,1,999,9,,,,1,2013,1601.0,2638,11,1,,44,6,3.0,5.0,6.0
2638,25,5,6,19,17,1,1,1,54,1,,,,3,2013,1712.0,2639,9,1,,99,6,4.0,99.0,6.0
2639,26,5,7,20,1,1,1,1,38,9,,,,1,2013,101.0,2640,6,1,,32,4,1.0,11.0,4.0
2640,26,5,7,20,1,1,1,1,60,9,,,,1,2013,101.0,2641,10,1,,44,6,10.0,2.0,6.0
2641,26,5,7,3,1,1,13,1,20,9,,,,2,2013,101.0,2642,3,1,,21,6,4.0,1.0,6.0
2642,26,5,7,12,1,1,5,1,27,1,,,,1,2013,115.0,2643,4,1,,99,6,7.0,7.0,6.0
2643,26,5,7,12,1,1,5,1,999,9,,,,1,2013,115.0,2644,11,1,,99,6,1.0,6.0,6.0
2644,26,5,7,2,22,1,99,1,26,2,,,,2,2013,2201.0,2645,4,1,,44,3,1.0,1.0,3.0
2645,26,5,7,16,20,2,99,1,23,1,,,,1,2013,2007.0,2646,3,1,,44,3,3.0,6.0,3.0
2646,26,5,7,16,20,2,99,1,34,1,,,,1,2013,2007.0,2647,5,1,,42,6,4.0,4.0,6.0
2647,26,5,7,23,5,2,99,1,40,9,,,,1,2013,505.0,2648,7,1,,5,6,1.0,2.0,6.0
2648,26,5,7,23,5,2,99,1,40,9,,,,1,2013,505.0,2649,7,1,,24,6,4.0,1.0,6.0
2649,26,5,7,14,9,2,99,1,47,9,,,,1,2013,920.0,2650,8,1,,44,6,3.0,2.0,6.0
2650,26,5,7,14,9,2,99,1,999,9,,,,1,2013,920.0,2651,11,1,,44,4,9.0,2.0,4.0
2651,26,5,7,16,12,2,99,1,26,9,,,,3,2013,1215.0,2652,4,1,,44,6,3.0,99.0,6.0
2652,26,5,7,3,13,1,99,1,999,9,,,,1,2013,1301.0,2653,11,1,,99,6,1.0,99.0,6.0
2653,26,5,7,3,13,1,99,1,23,9,,,,1,2013,1301.0,2654,3,1,,99,6,4.0,99.0,6.0
2654,26,5,7,20,13,1,99,1,29,9,,,,2,2013,1301.0,2655,4,1,,13,6,1.0,3.0,6.0
2655,27,5,1,9,1,1,5,1,999,9,,,,1,2013,101.0,2656,11,1,,99,6,3.0,99.0,6.0
2656,27,5,1,9,1,1,5,1,43,1,,,,1,2013,101.0,2657,7,1,,99,6,4.0,99.0,6.0
2657,27,5,1,4,1,1,7,1,39,1,,,,2,2013,101.0,2658,6,1,,2,6,4.0,1.0,6.0
2658,27,5,1,13,1,1,11,1,999,9,,,,2,2013,101.0,2659,11,1,,99,6,12.0,99.0,6.0
2659,27,5,1,23,20,2,99,1,65,1,,,,2,2013,2007.0,2660,10,1,,99,6,1.0,99.0,6.0
2660,27,5,1,1,5,2,99,1,35,9,,,,1,2013,503.0,2661,6,1,,99,6,3.0,4.0,6.0
2661,27,5,1,1,5,2,99,1,37,9,,,,1,2013,503.0,2662,6,1,,23,6,1.0,4.0,6.0
2662,27,5,1,23,11,2,99,1,34,2,,,,2,2013,1106.0,2663,5,1,,44,6,3.0,3.0,6.0
2663,27,5,1,23,11,2,99,1,45,2,,,,3,2013,1103.0,2664,8,1,,99,6,4.0,4.0,6.0
2664,28,5,2,21,1,1,11,1,999,9,,,,2,2013,101.0,2665,11,1,,46,6,1.0,3.0,6.0
2665,28,5,2,18,12,2,99,1,30,9,,,,1,2013,1216.0,2666,5,1,,99,4,4.0,5.0,4.0
2666,28,5,2,18,12,2,99,1,999,9,,,,1,2013,1216.0,2667,11,1,,34,4,9.0,11.0,4.0
2667,28,5,2,18,14,2,99,1,999,9,,,,4,2013,1401.0,2668,11,1,,99,6,7.0,99.0,6.0
2668,29,5,3,16,1,1,11,1,30,9,,,,1,2013,101.0,2669,5,1,,37,3,3.0,14.0,3.0
2669,29,5,3,16,1,1,11,1,999,9,,,,1,2013,101.0,2670,11,9,,21,4,4.0,5.0,4.0
2670,29,5,3,16,1,1,11,1,999,9,,,,1,2013,101.0,2671,11,9,,42,6,2.0,9.0,6.0
2671,29,5,3,16,1,1,11,1,999,9,,,,1,2013,101.0,2672,11,9,,37,3,1.0,2.0,3.0
2672,29,5,3,17,5,2,99,1,34,9,,,,1,2013,501.0,2673,5,1,,32,4,1.0,3.0,4.0
2673,29,5,3,17,5,2,99,1,35,9,,,,1,2013,501.0,2674,6,1,,37,4,3.0,4.0,4.0
2674,29,5,3,16,5,2,99,1,24,9,,,,2,2013,501.0,2675,3,1,,99,6,4.0,1.0,6.0
2675,29,5,3,18,13,2,99,1,42,9,,,,1,2013,1301.0,2676,7,1,,44,3,3.0,9.0,3.0
2676,29,5,3,18,13,2,99,1,999,9,,,,1,2013,1301.0,2677,11,9,,44,2,2.0,11.0,2.0
2677,29,5,3,15,16,2,99,1,53,9,,,,3,2013,1601.0,2678,9,1,,44,6,3.0,9.0,6.0
2678,29,5,3,14,3,2,99,1,57,9,,,,1,2013,301.0,2679,10,1,,19,4,5.0,2.0,4.0
2679,29,5,3,14,3,2,99,1,28,9,,,,1,2013,301.0,2680,4,1,,37,4,3.0,2.0,4.0
2680,30,5,4,19,1,1,11,1,41,9,,,,1,2013,101.0,2681,7,1,,34,3,2.0,99.0,3.0
2681,30,5,4,19,1,1,11,1,35,9,,,,1,2013,101.0,2682,6,1,,42,5,4.0,5.0,5.0
2682,30,5,4,6,1,1,12,1,35,9,,,,1,2013,101.0,2683,6,1,,99,6,1.0,2.0,6.0
2683,30,5,4,6,1,1,12,2,18,9,,,,1,2013,101.0,2684,2,1,,46,4,2.0,4.0,4.0
2684,30,5,4,23,1,1,12,1,27,9,,,,1,2013,101.0,2685,4,1,,44,3,2.0,2.0,3.0
2685,30,5,4,23,1,1,12,1,62,9,,,,1,2013,101.0,2686,10,1,,44,3,1.0,3.0,3.0
2686,30,5,4,20,1,1,19,1,19,9,,,,1,2013,110.0,2687,2,1,,32,6,3.0,1.0,6.0
2687,30,5,4,20,1,1,19,2,53,9,,,,1,2013,110.0,2688,9,1,,99,4,2.0,3.0,4.0
2688,30,5,4,8,19,2,99,1,22,9,,,,2,2013,1901.0,2689,3,1,,44,4,1.0,3.0,4.0
2689,30,5,4,18,5,2,99,1,26,9,,,,1,2013,501.0,2690,4,1,,99,5,4.0,14.0,5.0
2690,30,5,4,18,5,2,99,1,24,9,,,,1,2013,501.0,2691,3,1,,42,5,4.0,5.0,5.0
2691,30,5,4,17,14,2,99,1,27,9,,,,1,2013,1401.0,2692,4,1,,99,4,3.0,6.0,4.0
2692,30,5,4,17,14,2,99,1,24,9,,,,1,2013,1401.0,2693,3,1,,21,6,4.0,5.0,6.0
2693,31,5,5,3,1,1,1,1,23,1,,,,1,2013,101.0,2694,3,1,,44,6,3.0,99.0,6.0
2694,31,5,5,3,1,1,1,1,45,1,,,,1,2013,101.0,2695,8,1,,30,4,2.0,4.0,4.0
2695,31,5,5,2,1,1,9,1,29,9,,,,2,2013,102.0,2696,4,1,,21,6,4.0,1.0,6.0
2696,31,5,5,17,1,2,99,9,999,9,,,,1,2013,102.0,2697,11,9,,99,6,99.0,99.0,6.0
2697,31,5,5,17,1,2,99,1,52,9,,,,1,2013,102.0,2698,9,1,,99,6,4.0,99.0,6.0
2698,31,5,5,17,1,2,99,9,999,9,,,,1,2013,102.0,2699,11,9,,99,6,99.0,99.0,6.0
2699,31,5,5,22,1,1,12,1,28,9,,,,1,2013,101.0,2700,4,1,,44,3,2.0,2.0,3.0
2700,31,5,5,22,1,1,12,1,51,9,,,,1,2013,101.0,2701,9,1,,44,6,1.0,3.0,6.0
2701,31,5,5,20,1,2,99,1,29,9,,,,1,2013,115.0,2702,4,1,,99,6,4.0,99.0,6.0
2702,31,5,5,7,1,2,99,1,30,9,,,,2,2013,110.0,2703,5,1,,99,6,1.0,4.0,6.0
2703,31,5,5,3,20,2,99,1,19,9,,,,3,2013,2001.0,2704,2,1,,21,3,1.0,3.0,3.0
2704,31,5,5,17,5,2,99,1,40,9,,,,1,2013,501.0,2705,7,1,,22,2,12.0,7.0,2.0
2705,31,5,5,17,5,2,99,1,43,9,,,,1,2013,501.0,2706,7,1,,99,6,4.0,99.0,6.0
2706,31,5,5,12,5,2,99,1,29,9,,,,1,2013,501.0,2707,4,1,,13,2,12.0,7.0,2.0
2707,31,5,5,12,5,2,99,1,22,9,,,,1,2013,501.0,2708,3,1,,2,6,4.0,1.0,6.0
2708,31,5,5,17,10,2,99,9,999,9,,,,1,2013,1001.0,2709,11,9,,15,3,6.0,2.0,3.0
2709,31,5,5,17,10,2,99,1,999,9,,,,1,2013,1001.0,2710,11,9,,34,6,3.0,99.0,6.0
2710,31,5,5,0,11,2,99,1,33,9,,,,1,2013,1101.0,2711,5,1,,99,6,4.0,5.0,6.0
2711,31,5,5,0,11,2,99,1,23,9,,,,1,2013,1101.0,2712,3,1,,99,6,99.0,99.0,6.0
2712,31,5,5,20,13,2,99,1,27,9,,,,1,2013,1301.0,2713,4,1,,44,6,9.0,99.0,6.0
2713,31,5,5,20,13,2,99,1,34,9,,,,1,2013,1301.0,2714,5,1,,44,3,2.0,14.0,3.0
2714,1,6,6,14,1,1,2,1,26,9,,,,1,2013,101.0,2715,4,1,,20,6,2.0,4.0,6.0
2715,1,6,6,14,1,1,2,2,32,9,,,,1,2013,101.0,2716,5,1,,44,4,1.0,4.0,4.0
2716,1,6,6,23,1,1,1,1,51,9,,,,1,2013,101.0,2717,9,1,,44,6,1.0,2.0,6.0
2717,1,6,6,23,1,1,1,1,42,9,,,,1,2013,101.0,2718,7,1,,44,6,1.0,6.0,6.0
2718,1,6,6,3,1,1,15,1,999,9,,,,1,2013,101.0,2719,11,1,,23,6,3.0,2.0,6.0
2719,1,6,6,3,1,1,15,1,35,9,,,,1,2013,101.0,2720,6,1,,21,6,4.0,1.0,6.0
2720,1,6,6,14,1,2,99,1,40,9,,,,1,2013,102.0,2721,7,1,,99,6,4.0,99.0,6.0
2721,1,6,6,14,1,2,99,1,999,9,,,,1,2013,102.0,2722,11,1,,99,6,1.0,99.0,6.0
2722,1,6,6,20,1,1,12,1,34,9,,,,1,2013,101.0,2723,5,1,,34,4,1.0,5.0,4.0
2723,1,6,6,20,1,1,12,1,999,9,,,,1,2013,101.0,2724,11,1,,34,3,1.0,1.0,3.0
2724,1,6,6,19,1,1,11,1,21,9,,,,3,2013,101.0,2725,3,1,,40,6,4.0,5.0,6.0
2725,1,6,6,15,1,1,11,1,35,9,,,,2,2013,101.0,2726,6,1,,99,6,4.0,99.0,6.0
2726,1,6,6,2,1,1,4,1,28,9,,,,1,2013,108.0,2727,4,1,,99,4,1.0,4.0,4.0
2727,1,6,6,2,1,1,4,1,33,9,,,,1,2013,108.0,2728,5,1,,99,4,1.0,1.0,4.0
2728,1,6,6,2,1,1,19,1,999,9,,,,2,2013,101.0,2729,11,1,,42,6,1.0,9.0,6.0
2729,1,6,6,12,1,2,99,2,18,2,,,,2,2013,110.0,2730,2,1,,42,6,1.0,9.0,6.0
2730,1,6,6,19,21,2,99,1,22,2,,,,1,2013,2101.0,2731,3,1,,41,4,4.0,6.0,4.0
2731,1,6,6,19,21,2,99,1,999,9,,,,1,2013,2101.0,2732,11,1,,23,3,2.0,4.0,3.0
2732,1,6,6,22,5,2,99,1,27,9,,,,1,2013,501.0,2733,4,1,,42,6,4.0,5.0,6.0
2733,1,6,6,22,5,2,99,1,999,9,,,,1,2013,501.0,2734,11,1,,99,6,4.0,1.0,6.0
2734,1,6,6,20,5,2,99,1,30,9,,,,1,2013,501.0,2735,5,1,,23,4,2.0,4.0,4.0
2735,1,6,6,20,5,2,99,1,32,9,,,,1,2013,501.0,2736,5,1,,32,3,5.0,2.0,3.0
2736,1,6,6,4,5,2,99,1,20,2,,,,2,2013,501.0,2737,3,1,,20,6,2.0,5.0,6.0
2737,1,6,6,20,5,2,99,1,32,2,,,,1,2013,501.0,2738,5,1,,32,3,5.0,2.0,3.0
2738,1,6,6,12,6,2,99,1,999,9,,,,1,2013,601.0,2739,11,1,,99,6,1.0,99.0,6.0
2739,1,6,6,0,11,2,99,1,29,2,,,,2,2013,1101.0,2740,4,1,,41,6,4.0,1.0,6.0
2740,1,6,6,23,12,2,99,1,30,9,,,,1,2013,1201.0,2741,5,1,,44,2,3.0,2.0,2.0
2741,1,6,6,23,12,2,99,1,18,9,,,,1,2013,1201.0,2742,2,1,,2,6,14.0,99.0,6.0
2742,1,6,6,7,18,2,99,1,25,9,,,,1,2013,1801.0,2743,4,1,,42,6,4.0,5.0,6.0
2743,1,6,6,7,18,2,99,1,34,9,,,,1,2013,1801.0,2744,5,1,,42,6,4.0,3.0,6.0
2744,1,6,6,10,17,2,99,1,39,9,,,,1,2013,1701.0,2745,6,1,,22,2,12.0,7.0,2.0
2745,1,6,6,10,17,2,99,1,999,9,,,,1,2013,1701.0,2746,11,1,,99,6,4.0,99.0,6.0
2746,2,6,7,6,1,1,18,1,21,9,,,,2,2013,101.0,2747,3,1,,99,6,4.0,5.0,6.0
2747,2,6,7,10,1,2,99,1,26,9,,,,2,2013,102.0,2748,4,1,,34,3,3.0,6.0,3.0
2748,2,6,7,5,1,2,99,1,22,9,,,,2,2013,102.0,2749,3,1,,37,5,1.0,4.0,5.0
2749,2,6,7,3,1,1,7,1,999,9,,,,2,2013,101.0,2750,11,1,,46,6,1.0,3.0,6.0
2750,2,6,7,12,1,1,7,1,23,2,,,,1,2013,101.0,2751,3,1,,42,5,4.0,5.0,5.0
2751,2,6,7,12,1,1,7,2,45,2,,,,1,2013,101.0,2752,8,1,,24,6,4.0,5.0,6.0
2752,2,6,7,8,20,2,99,1,32,9,,,,1,2013,2001.0,2753,5,1,,32,3,1.0,2.0,3.0
2753,2,6,7,8,20,2,99,1,23,9,,,,1,2013,2001.0,2754,3,1,,42,5,4.0,5.0,5.0
2754,2,6,7,21,19,2,99,1,26,9,,,,2,2013,1901.0,2755,4,1,,24,6,4.0,5.0,6.0
2755,2,6,7,0,5,2,99,1,65,9,,,,1,2013,501.0,2756,10,1,,23,3,3.0,5.0,3.0
2756,2,6,7,0,5,2,99,1,38,9,,,,1,2013,501.0,2757,6,1,,15,3,6.0,1.0,3.0
2757,2,6,7,1,5,2,99,1,19,9,,,,2,2013,501.0,2758,2,1,,24,5,4.0,1.0,5.0
2758,2,6,7,10,5,2,99,1,47,9,,,,1,2013,509.0,2759,8,1,,44,6,3.0,1.0,6.0
2759,2,6,7,10,5,2,99,1,20,9,,,,1,2013,509.0,2760,3,1,,99,6,4.0,99.0,6.0
2760,2,6,7,7,6,2,99,1,34,9,,,,2,2013,601.0,2761,5,1,,24,5,4.0,5.0,5.0
2761,2,6,7,7,6,2,99,1,19,9,,,,3,2013,601.0,2762,2,1,,24,6,4.0,99.0,6.0
2762,2,6,7,1,9,2,99,1,31,2,,,,1,2013,901.0,2763,5,1,,99,6,3.0,5.0,6.0
2763,2,6,7,1,9,2,99,1,35,1,,,,1,2013,901.0,2764,6,1,,44,6,3.0,5.0,6.0
2764,2,6,7,22,9,2,99,1,39,9,,,,1,2013,901.0,2765,6,1,,44,6,2.0,99.0,6.0
2765,2,6,7,22,9,2,99,1,25,9,,,,1,2013,901.0,2766,4,1,,44,6,3.0,1.0,6.0
2766,2,6,7,22,12,2,99,1,74,9,,,,1,2013,1201.0,2767,10,1,,99,6,5.0,99.0,6.0
2767,2,6,7,22,12,2,99,2,16,9,,,,1,2013,1201.0,2768,2,2,,99,6,4.0,99.0,6.0
2768,2,6,7,22,12,2,99,1,21,9,,,,1,2013,1201.0,2769,3,1,,44,3,3.0,8.0,3.0
2769,2,6,7,22,12,2,99,1,28,9,,,,1,2013,1201.0,2770,4,1,,44,6,1.0,6.0,6.0
2770,2,6,7,23,12,2,99,1,31,9,,,,2,2013,1201.0,2771,5,1,,44,3,3.0,1.0,3.0
2771,2,6,7,3,16,2,99,1,999,9,,,,3,2013,1601.0,2772,11,1,,99,6,5.0,99.0,6.0
2772,2,6,7,23,15,2,99,1,25,9,,,,1,2013,1501.0,2773,4,1,,42,6,4.0,1.0,6.0
2773,2,6,7,23,15,2,99,1,24,9,,,,1,2013,1501.0,2774,3,1,,42,6,4.0,99.0,6.0
2774,2,6,7,11,14,1,18,1,999,9,,,,3,2013,1401.0,2775,11,1,,23,6,12.0,2.0,6.0
2775,2,6,7,13,3,2,99,1,20,9,,,,1,2013,301.0,2776,3,1,,13,3,1.0,4.0,3.0
2776,2,6,7,13,3,2,99,2,35,9,,,,1,2013,301.0,2777,6,1,,30,5,1.0,10.0,5.0
2777,3,6,1,22,1,1,6,1,37,1,,,,1,2013,101.0,2778,6,1,,46,4,1.0,99.0,4.0
2778,3,6,1,22,1,1,6,1,32,1,,,,1,2013,101.0,2779,5,1,,30,5,1.0,1.0,5.0
2779,3,6,1,22,1,1,7,1,50,2,,,,1,2013,101.0,2780,9,1,,11,6,1.0,2.0,6.0
2780,3,6,1,22,1,1,7,1,44,1,,,,1,2013,101.0,2781,7,1,,44,6,10.0,2.0,6.0
2781,3,6,1,18,1,1,7,1,22,1,,,,2,2013,101.0,2782,3,1,,2,5,4.0,5.0,5.0
2782,3,6,1,22,1,1,7,1,36,1,,,,1,2013,101.0,2783,6,1,,20,4,10.0,2.0,4.0
2783,3,6,1,22,1,1,7,1,27,1,,,,1,2013,101.0,2784,4,1,,2,6,4.0,5.0,6.0
2784,3,6,1,19,22,2,99,1,22,1,,,,1,2013,2216.0,2785,3,1,,34,6,2.0,6.0,6.0
2785,3,6,1,19,22,2,99,1,40,1,,,,1,2013,2216.0,2786,7,1,,99,6,3.0,99.0,6.0
2786,3,6,1,22,20,2,99,1,46,1,,,,1,2013,2009.0,2787,8,1,,99,6,1.0,1.0,6.0
2787,3,6,1,22,20,2,99,1,46,1,,,,1,2013,2009.0,2788,8,1,,99,6,4.0,1.0,6.0
2788,3,6,1,8,11,2,99,1,25,1,,,,1,2013,1102.0,2789,4,1,,42,5,4.0,5.0,5.0
2789,3,6,1,8,11,2,99,1,25,1,,,,1,2013,1102.0,2790,4,1,,42,4,4.0,3.0,4.0
2790,3,6,1,18,11,2,99,1,55,1,,,,1,2013,1104.0,2791,10,1,,40,4,3.0,4.0,4.0
2791,3,6,1,18,11,2,99,1,38,1,,,,1,2013,1104.0,2792,6,1,,2,4,4.0,3.0,4.0
2792,3,6,1,15,9,2,99,1,55,1,,,,1,2013,901.0,2793,10,1,,19,6,5.0,2.0,6.0
2793,3,6,1,15,9,2,99,1,24,1,,,,1,2013,901.0,2794,3,1,,44,6,3.0,3.0,6.0
2794,3,6,1,22,2,2,99,1,35,1,,,,1,2013,206.0,2795,6,1,,44,3,3.0,8.0,3.0
2795,3,6,1,22,2,2,99,1,19,1,,,,1,2013,206.0,2796,2,1,,2,6,14.0,1.0,6.0
2796,4,6,2,23,1,2,99,1,63,1,,,,1,2013,113.0,2797,10,1,,13,6,4.0,3.0,6.0
2797,4,6,2,23,1,2,99,1,66,1,,,,1,2013,113.0,2798,10,1,,42,6,4.0,1.0,6.0
2798,4,6,2,11,1,1,13,1,999,9,,,,99,2013,101.0,2799,11,1,,99,6,99.0,99.0,6.0
2799,4,6,2,11,1,1,13,1,56,9,,,,99,2013,101.0,2800,10,1,,99,6,4.0,99.0,6.0
2800,4,6,2,12,1,1,5,1,999,9,,,,99,2013,101.0,2801,11,1,,99,6,1.0,99.0,6.0
2801,4,6,2,12,1,1,5,2,36,9,,,,99,2013,101.0,2802,6,1,,99,6,4.0,99.0,6.0
2802,4,6,2,12,1,1,5,1,999,9,,,,99,2013,101.0,2803,11,1,,99,6,10.0,99.0,6.0
2803,4,6,2,10,1,1,7,1,999,9,,,,99,2013,101.0,2804,11,1,,99,6,99.0,99.0,6.0
2804,4,6,2,10,1,1,7,2,25,9,,,,99,2013,101.0,2805,4,1,,99,6,4.0,99.0,6.0
2805,4,6,2,21,22,1,2,1,999,9,,,,99,2013,2214.0,2806,11,1,,99,6,4.0,99.0,6.0
2806,4,6,2,21,22,1,2,2,22,9,,,,99,2013,2214.0,2807,3,1,,99,6,4.0,99.0,6.0
2807,4,6,2,21,13,2,99,1,999,9,,,,2,2013,1302.0,2808,11,1,,23,6,3.0,2.0,6.0
2808,4,6,2,0,8,2,99,1,27,9,,,,1,2013,805.0,2809,4,1,,44,6,3.0,9.0,6.0
2809,4,6,2,0,8,2,99,1,999,9,,,,1,2013,805.0,2810,11,1,,30,6,9.0,6.0,6.0
2810,4,6,2,9,15,2,99,1,26,9,,,,2,2013,1508.0,2811,4,1,,99,6,4.0,99.0,6.0
2811,4,6,2,20,17,2,99,1,47,1,,,,1,2013,1701.0,2812,8,1,,44,6,3.0,2.0,6.0
2812,4,6,2,20,17,2,99,1,30,1,,,,1,2013,1701.0,2813,5,1,,21,6,4.0,1.0,6.0
2813,4,6,2,23,14,2,99,1,41,1,,,,4,2013,1401.0,2814,7,1,,44,6,3.0,6.0,6.0
2814,5,6,3,23,1,1,7,1,26,9,,,,2,2013,101.0,2815,4,1,,99,6,1.0,99.0,6.0
2815,5,6,3,11,1,1,6,2,54,1,,,,1,2013,115.0,2816,9,1,,32,6,2.0,5.0,6.0
2816,5,6,3,11,1,1,6,1,21,1,,,,1,2013,115.0,2817,3,1,,99,6,4.0,4.0,6.0
2817,5,6,3,21,1,1,19,1,27,2,,,,1,2013,101.0,2818,4,1,,37,6,2.0,4.0,6.0
2818,5,6,3,21,1,1,19,1,22,1,,,,1,2013,101.0,2819,3,1,,24,6,4.0,1.0,6.0
2819,5,6,3,12,1,1,3,1,999,9,,,,1,2013,108.0,2820,11,1,,99,6,1.0,99.0,6.0
2820,5,6,3,12,1,1,3,1,41,9,,,,1,2013,108.0,2821,7,1,,99,6,4.0,99.0,6.0
2821,5,6,3,6,18,2,99,1,999,9,,,,1,2013,1801.0,2822,11,1,,99,6,7.0,99.0,6.0
2822,5,6,3,6,18,2,99,1,25,9,,,,1,2013,1801.0,2823,4,1,,43,6,4.0,3.0,6.0
2823,5,6,3,12,14,2,99,1,41,1,,,,1,2013,1413.0,2824,7,1,,99,6,5.0,14.0,6.0
2824,5,6,3,12,14,2,99,2,38,1,,,,1,2013,1413.0,2825,6,1,,44,6,2.0,4.0,6.0
2825,6,6,4,23,1,1,1,1,23,2,,,,1,2013,101.0,2826,3,1,,44,6,3.0,4.0,6.0
2826,6,6,4,23,1,1,1,1,27,9,,,,1,2013,101.0,2827,4,1,,42,6,4.0,3.0,6.0
2827,6,6,4,17,1,1,7,1,34,1,,,,3,2013,117.0,2828,5,1,,2,4,14.0,1.0,4.0
2828,6,6,4,23,1,1,6,1,22,2,,,,3,2013,108.0,2829,3,1,,24,6,4.0,5.0,6.0
2829,6,6,4,15,20,1,1,1,43,1,,,,1,2013,2001.0,2830,7,1,,99,6,5.0,99.0,6.0
2830,6,6,4,15,20,1,1,2,19,1,,,,1,2013,2001.0,2831,2,1,,14,6,4.0,4.0,6.0
2831,6,6,4,20,5,2,99,1,999,9,,,,1,2013,511.0,2832,11,1,,99,6,8.0,2.0,6.0
2832,6,6,4,20,5,2,99,1,31,9,,,,1,2013,511.0,2833,5,1,,2,6,4.0,1.0,6.0
2833,6,6,4,22,10,1,1,1,999,9,,,,1,2013,1013.0,2834,11,1,,44,6,3.0,5.0,6.0
2834,6,6,4,22,10,1,1,1,18,2,,,,1,2013,1013.0,2835,2,1,,2,4,14.0,1.0,4.0
2835,6,6,4,15,18,2,99,1,24,9,,,,3,2013,1804.0,2836,3,1,,99,6,4.0,99.0,6.0
2836,6,6,4,17,4,2,99,1,51,1,,,,1,2013,401.0,2837,9,1,,20,6,5.0,2.0,6.0
2837,6,6,4,17,4,2,99,1,45,1,,,,1,2013,401.0,2838,8,1,,99,4,4.0,3.0,4.0
2838,7,6,5,9,1,1,1,1,69,9,,,,1,2013,101.0,2839,10,1,,44,3,1.0,14.0,3.0
2839,7,6,5,9,1,1,1,1,35,9,,,,1,2013,101.0,2840,6,1,,24,6,4.0,99.0,6.0
2840,7,6,5,15,1,1,1,1,22,9,,,,1,2013,101.0,2841,3,1,,3,3,12.0,1.0,3.0
2841,7,6,5,15,1,1,1,1,34,9,,,,1,2013,101.0,2842,5,1,,2,5,4.0,3.0,5.0
2842,7,6,5,15,1,1,1,1,999,9,,,,1,2013,101.0,2843,11,1,,42,6,4.0,5.0,6.0
2843,7,6,5,21,1,2,99,1,30,9,,,,1,2013,102.0,2844,5,1,,99,6,3.0,99.0,6.0
2844,7,6,5,21,1,2,99,1,52,9,,,,1,2013,102.0,2845,9,1,,19,6,5.0,2.0,6.0
2845,7,6,5,7,1,1,5,1,29,9,,,,1,2013,108.0,2846,4,1,,99,6,4.0,99.0,6.0
2846,7,6,5,7,1,1,5,1,999,9,,,,1,2013,108.0,2847,11,1,,99,6,99.0,99.0,6.0
2847,7,6,5,7,1,2,99,1,18,9,,,,1,2013,110.0,2848,2,1,,21,4,4.0,3.0,4.0
2848,7,6,5,7,1,2,99,1,999,9,,,,1,2013,110.0,2849,11,1,,99,6,12.0,99.0,6.0
2849,7,6,5,15,1,2,99,1,48,9,,,,1,2013,110.0,2850,8,1,,99,3,6.0,7.0,3.0
2850,7,6,5,15,1,2,99,1,999,9,,,,1,2013,110.0,2851,11,1,,99,6,4.0,5.0,6.0
2851,7,6,5,17,1,2,99,1,999,9,,,,3,2013,110.0,2852,11,1,,99,6,13.0,7.0,6.0
2852,7,6,5,21,5,2,99,1,27,9,,,,1,2013,501.0,2853,4,1,,21,4,4.0,1.0,4.0
2853,7,6,5,21,5,2,99,1,999,9,,,,1,2013,501.0,2854,11,1,,42,4,4.0,8.0,4.0
2854,7,6,5,22,5,2,99,1,49,9,,,,1,2013,501.0,2855,8,1,,34,4,2.0,5.0,4.0
2855,7,6,5,22,5,2,99,1,43,9,,,,1,2013,501.0,2856,7,1,,44,2,3.0,2.0,2.0
2856,7,6,5,12,5,2,99,1,30,9,,,,1,2013,501.0,2857,5,1,,99,4,11.0,99.0,4.0
2857,7,6,5,12,5,2,99,2,22,9,,,,1,2013,501.0,2858,3,1,,99,6,4.0,1.0,6.0
2858,7,6,5,16,17,2,99,1,27,9,,,,1,2013,1701.0,2859,4,1,,30,6,5.0,2.0,6.0
2859,7,6,5,16,17,2,99,2,31,9,,,,1,2013,1701.0,2860,5,1,,99,6,4.0,1.0,6.0
2860,8,6,6,23,1,2,99,1,18,9,,,,1,2013,105.0,2861,2,1,,42,6,4.0,99.0,6.0
2861,8,6,6,23,1,2,99,1,999,9,,,,1,2013,105.0,2862,11,1,,99,6,3.0,99.0,6.0
2862,8,6,6,6,1,1,12,2,28,9,,,,2,2013,101.0,2863,4,1,,21,4,4.0,4.0,4.0
2863,8,6,6,19,1,1,10,1,45,2,,,,1,2013,108.0,2864,8,1,,32,6,1.0,4.0,6.0
2864,8,6,6,19,1,1,10,1,32,9,,,,1,2013,108.0,2865,5,1,,2,6,4.0,1.0,6.0
2865,8,6,6,0,1,1,4,1,35,9,,,,3,2013,108.0,2866,6,1,,99,6,4.0,99.0,6.0
2866,8,6,6,22,1,2,99,1,38,9,,,,2,2013,110.0,2867,6,1,,37,4,3.0,9.0,4.0
2867,8,6,6,21,22,2,99,1,33,9,,,,2,2013,2201.0,2868,5,1,,99,6,3.0,99.0,6.0
2868,8,6,6,15,20,2,99,1,15,9,,,,3,2013,2001.0,2869,2,2,,99,6,14.0,99.0,6.0
2869,8,6,6,19,6,2,99,1,36,9,,,,3,2013,601.0,2870,6,1,,42,6,4.0,5.0,6.0
2870,8,6,6,20,12,2,99,1,40,2,,,,2,2013,1201.0,2871,7,1,,44,6,3.0,6.0,6.0
2871,8,6,6,11,8,2,99,1,23,2,,,,1,2013,801.0,2872,3,1,,32,6,1.0,2.0,6.0
2872,8,6,6,11,8,2,99,1,999,9,,,,1,2013,801.0,2873,11,1,,34,2,3.0,1.0,2.0
2873,8,6,6,22,15,2,99,1,31,9,,,,3,2013,1501.0,2874,5,1,,44,6,3.0,4.0,6.0
2874,8,6,6,19,2,2,99,1,33,9,,,,1,2013,201.0,2875,5,1,,32,5,3.0,4.0,5.0
2875,8,6,6,19,2,2,99,1,999,9,,,,1,2013,201.0,2876,11,1,,99,6,13.0,99.0,6.0
2876,8,6,6,22,18,2,99,1,22,9,,,,2,2013,1801.0,2877,3,1,,99,6,4.0,99.0,6.0
2877,8,6,6,11,4,2,99,1,999,9,,,,3,2013,401.0,2878,11,1,,99,6,9.0,2.0,6.0
2878,9,6,7,1,1,1,1,1,34,9,,,,1,2013,101.0,2879,5,1,,4,3,1.0,1.0,3.0
2879,9,6,7,1,1,1,1,1,999,9,,,,1,2013,101.0,2880,11,1,,99,6,1.0,99.0,6.0
2880,9,6,7,0,1,1,1,1,18,9,,,,1,2013,101.0,2881,2,1,,44,3,1.0,3.0,3.0
2881,9,6,7,0,1,1,1,1,19,9,,,,1,2013,101.0,2882,2,1,,99,6,4.0,5.0,6.0
2882,9,6,7,22,1,1,11,1,999,9,,,,2,2013,101.0,2883,11,1,,99,6,3.0,99.0,6.0
2883,9,6,7,1,22,2,99,1,60,9,,,,2,2013,2201.0,2884,10,1,,34,6,5.0,2.0,6.0
2884,9,6,7,18,20,1,2,1,19,9,,,,1,2013,2001.0,2885,2,1,,2,6,4.0,3.0,6.0
2885,9,6,7,18,20,1,2,1,38,9,,,,1,2013,2001.0,2886,6,1,,99,6,4.0,2.0,6.0
2886,9,6,7,9,20,2,99,1,44,9,,,,2,2013,2001.0,2887,7,1,,44,6,9.0,6.0,6.0
2887,9,6,7,13,20,2,99,1,999,9,,,,3,2013,2001.0,2888,11,1,,44,6,3.0,14.0,6.0
2888,9,6,7,15,6,2,99,1,41,9,,,,3,2013,601.0,2889,7,1,,42,6,4.0,5.0,6.0
2889,9,6,7,5,10,2,99,1,24,9,,,,1,2013,1001.0,2890,3,1,,20,5,11.0,2.0,5.0
2890,9,6,7,5,10,2,99,1,31,9,,,,1,2013,1001.0,2891,5,1,,99,3,5.0,2.0,3.0
2891,9,6,7,18,10,2,99,2,13,9,,,,1,2013,1001.0,2892,1,2,,99,6,3.0,2.0,6.0
2892,9,6,7,18,10,2,99,1,24,9,,,,1,2013,1001.0,2893,3,1,,21,6,4.0,5.0,6.0
2893,9,6,7,13,9,1,5,1,24,9,,,,1,2013,901.0,2894,3,1,,22,6,12.0,7.0,6.0
2894,9,6,7,13,9,1,5,1,999,9,,,,1,2013,901.0,2895,11,1,,32,2,3.0,5.0,2.0
2895,9,6,7,21,12,2,99,1,57,9,,,,3,2013,1201.0,2896,10,1,,99,6,3.0,4.0,6.0
2896,9,6,7,14,15,2,99,1,57,9,,,,3,2013,1501.0,2897,10,1,,44,6,3.0,1.0,6.0
2897,9,6,7,2,15,2,99,1,33,9,,,,2,2013,1501.0,2898,5,1,,44,3,1.0,99.0,3.0
2898,9,6,7,4,2,2,99,1,24,9,,,,1,2013,201.0,2899,3,1,,37,3,5.0,2.0,3.0
2899,9,6,7,4,2,2,99,1,25,9,,,,1,2013,201.0,2900,4,1,,34,3,3.0,2.0,3.0
2900,9,6,7,18,2,2,99,1,53,9,,,,3,2013,201.0,2901,9,1,,9,1,3.0,3.0,1.0
2901,10,6,1,20,21,2,99,1,50,9,,,,1,2013,2101.0,2902,9,1,,44,6,3.0,1.0,6.0
2902,10,6,1,20,21,2,99,1,19,9,,,,1,2013,2101.0,2903,2,1,,99,6,4.0,1.0,6.0
2903,10,6,1,7,21,2,99,1,63,9,,,,3,2013,2101.0,2904,10,1,,44,6,3.0,4.0,6.0
2904,10,6,1,14,5,2,99,1,999,9,,,,3,2013,501.0,2905,11,1,,99,6,3.0,99.0,6.0
2905,10,6,1,18,9,2,99,1,39,9,,,,2,2013,901.0,2906,6,1,,99,6,12.0,2.0,6.0
2906,10,6,1,18,12,2,99,1,999,9,,,,2,2013,1201.0,2907,11,1,,99,6,3.0,2.0,6.0
2907,10,6,1,9,18,2,99,1,40,9,,,,1,2013,1801.0,2908,7,1,,44,3,3.0,2.0,3.0
2908,10,6,1,9,18,2,99,2,999,9,,,,1,2013,1801.0,2909,11,1,,21,4,1.0,4.0,4.0
2909,10,6,1,15,14,2,99,1,29,9,,,,1,2013,1401.0,2910,4,1,,13,3,9.0,10.0,3.0
2910,10,6,1,15,14,2,99,1,999,9,,,,1,2013,1401.0,2911,11,1,,44,4,1.0,8.0,4.0
2911,10,6,1,16,4,2,99,1,29,9,,,,1,2013,401.0,2912,4,1,,99,4,3.0,3.0,4.0
2912,10,6,1,16,4,2,99,1,999,9,,,,1,2013,401.0,2913,11,1,,19,6,5.0,99.0,6.0
2913,11,6,2,3,1,2,99,1,20,9,,,,1,2013,110.0,2914,3,1,,2,4,4.0,5.0,4.0
2914,11,6,2,3,1,2,99,1,999,9,,,,1,2013,110.0,2915,11,1,,99,6,3.0,99.0,6.0
2915,11,6,2,19,20,2,99,1,45,9,,,,2,2013,2001.0,2916,8,1,,99,6,11.0,99.0,6.0
2916,11,6,2,17,13,2,99,1,36,9,,,,3,2013,1301.0,2917,6,1,,44,6,3.0,5.0,6.0
2917,11,6,2,1,4,1,3,1,22,9,,,,3,2013,401.0,2918,3,1,,99,6,4.0,99.0,6.0
2918,12,6,3,9,1,1,1,1,22,1,,,,1,2013,101.0,2919,3,1,,99,6,3.0,99.0,6.0
2919,12,6,3,9,1,1,1,1,42,1,,,,1,2013,101.0,2920,7,1,,42,6,4.0,3.0,6.0
2920,12,6,3,2,1,1,1,1,999,1,,,,1,2013,101.0,2921,11,1,,99,6,1.0,99.0,6.0
2921,12,6,3,2,1,1,1,1,23,1,,,,1,2013,101.0,2922,3,1,,2,6,4.0,5.0,6.0
2922,12,6,3,18,1,1,10,1,52,1,,,,1,2013,101.0,2923,9,1,,44,3,1.0,1.0,3.0
2923,12,6,3,18,1,1,10,1,19,1,,,,1,2013,101.0,2924,2,1,,45,6,4.0,1.0,6.0
2924,12,6,3,7,19,2,99,1,28,1,,,,3,2013,1901.0,2925,4,1,,2,6,4.0,3.0,6.0
2925,12,6,3,17,9,2,99,1,13,9,,,,2,2013,920.0,2926,1,2,,99,6,4.0,99.0,6.0
2926,12,6,3,20,9,2,99,1,999,1,,,,2,2013,901.0,2927,11,1,,22,6,7.0,3.0,6.0
2927,12,6,3,21,15,2,99,1,36,1,,,,1,2013,1507.0,2928,6,1,,22,6,5.0,14.0,6.0
2928,12,6,3,21,15,2,99,1,25,1,,,,1,2013,1507.0,2929,4,1,,33,3,5.0,2.0,3.0
2929,12,6,3,7,17,2,99,1,33,9,,,,1,2013,1707.0,2930,5,1,,32,6,3.0,9.0,6.0
2930,12,6,3,7,17,2,99,1,17,9,,,,1,2013,1707.0,2931,2,2,,21,6,4.0,5.0,6.0
2931,13,6,4,22,1,1,9,1,46,9,,,,1,2013,101.0,2932,8,1,,20,6,2.0,4.0,6.0
2932,13,6,4,22,1,1,9,1,26,9,,,,1,2013,101.0,2933,4,1,,2,6,4.0,5.0,6.0
2933,13,6,4,8,1,1,11,2,65,9,,,,1,2013,101.0,2934,10,1,,44,6,1.0,6.0,6.0
2934,13,6,4,8,1,1,11,1,31,9,,,,1,2013,101.0,2935,5,1,,2,6,4.0,1.0,6.0
2935,13,6,4,22,1,1,12,1,34,9,,,,1,2013,101.0,2936,5,1,,44,3,1.0,1.0,3.0
2936,13,6,4,13,1,1,7,1,17,9,,,,2,2013,101.0,2937,2,2,,99,6,4.0,99.0,6.0
2937,13,6,4,21,5,2,99,1,40,9,,,,1,2013,509.0,2938,7,1,,20,5,2.0,2.0,5.0
2938,13,6,4,21,5,2,99,1,19,9,,,,1,2013,509.0,2939,2,1,,2,5,4.0,5.0,5.0
2939,13,6,4,15,12,2,99,1,35,9,,,,1,2013,1215.0,2940,6,1,,44,3,1.0,3.0,3.0
2940,13,6,4,15,12,2,99,1,24,9,,,,1,2013,1215.0,2941,3,1,,17,3,1.0,9.0,3.0
2941,13,6,4,18,17,2,99,1,36,9,,,,2,2013,1710.0,2942,6,1,,99,6,4.0,99.0,6.0
2942,13,6,4,22,17,2,99,1,39,9,,,,2,2013,1703.0,2943,6,1,,2,6,14.0,1.0,6.0
2943,13,6,4,15,14,2,99,1,999,9,,,,3,2013,1410.0,2944,11,1,,44,6,3.0,2.0,6.0
2944,14,6,5,18,1,1,4,1,65,1,,,,1,2013,101.0,2945,10,1,,30,4,9.0,2.0,4.0
2945,14,6,5,18,1,1,4,2,999,1,,,,1,2013,101.0,2946,11,1,,99,6,4.0,99.0,6.0
2946,14,6,5,1,1,1,1,1,20,1,,,,1,2013,101.0,2947,3,1,,44,6,1.0,4.0,6.0
2947,14,6,5,1,1,1,1,1,43,1,,,,1,2013,101.0,2948,7,1,,18,2,5.0,2.0,2.0
2948,14,6,5,5,1,2,99,1,999,1,,,,3,2013,105.0,2949,11,1,,99,6,3.0,99.0,6.0
2949,14,6,5,21,1,1,12,1,35,2,,,,1,2013,101.0,2950,6,1,,44,3,1.0,1.0,3.0
2950,14,6,5,21,1,1,12,1,61,1,,,,1,2013,101.0,2951,10,1,,22,3,6.0,6.0,3.0
2951,14,6,5,23,1,1,12,1,33,2,,,,1,2013,101.0,2952,5,1,,44,6,1.0,4.0,6.0
2952,14,6,5,23,1,1,12,1,42,1,,,,1,2013,101.0,2953,7,1,,37,1,3.0,1.0,1.0
2953,14,6,5,0,1,1,7,1,44,2,,,,2,2013,101.0,2954,7,1,,47,3,1.0,4.0,3.0
2954,14,6,5,8,1,1,7,1,25,2,,,,1,2013,101.0,2955,4,1,,33,2,5.0,2.0,2.0
2955,14,6,5,8,1,1,7,1,19,1,,,,1,2013,101.0,2956,2,1,,42,4,4.0,1.0,4.0
2956,14,6,5,0,9,1,1,1,20,2,,,,3,2013,901.0,2957,3,1,,99,6,4.0,5.0,6.0
2957,14,6,5,2,16,2,99,1,27,1,,,,2,2013,1616.0,2958,4,1,,42,6,4.0,4.0,6.0
2958,14,6,5,3,15,2,99,1,21,1,,,,1,2013,1501.0,2959,3,1,,21,6,4.0,5.0,6.0
2959,14,6,5,3,15,2,99,1,999,1,,,,1,2013,1501.0,2960,11,1,,44,6,3.0,3.0,6.0
2960,14,6,5,17,18,2,99,1,43,1,,,,1,2013,1803.0,2961,7,1,,44,4,3.0,2.0,4.0
2961,14,6,5,17,18,2,99,1,43,2,,,,1,2013,1803.0,2962,7,1,,40,4,4.0,3.0,4.0
2962,14,6,5,14,17,2,99,1,19,2,,,,1,2013,1711.0,2963,2,1,,99,6,4.0,1.0,6.0
2963,14,6,5,14,17,2,99,2,39,1,,,,1,2013,1711.0,2964,6,1,,99,5,4.0,1.0,5.0
2964,15,6,6,2,1,1,12,1,34,1,,,,1,2013,101.0,2965,5,1,,99,6,2.0,11.0,6.0
2965,15,6,6,2,1,1,12,1,30,1,,,,1,2013,101.0,2966,5,1,,34,6,1.0,4.0,6.0
2966,15,6,6,2,1,1,7,1,18,1,,,,2,2013,101.0,2967,2,1,,99,5,4.0,5.0,5.0
2967,15,6,6,2,1,1,6,1,23,1,,,,2,2013,108.0,2968,3,1,,2,4,4.0,5.0,4.0
2968,15,6,6,21,5,2,99,1,19,1,,,,1,2013,507.0,2969,2,1,,42,6,4.0,5.0,6.0
2969,15,6,6,21,5,2,99,1,20,1,,,,1,2013,507.0,2970,3,1,,21,6,4.0,3.0,6.0
2970,15,6,6,17,5,2,99,2,24,1,,,,1,2013,511.0,2971,3,1,,42,4,1.0,2.0,4.0
2971,15,6,6,17,5,2,99,1,28,1,,,,1,2013,511.0,2972,4,1,,42,5,4.0,3.0,5.0
2972,15,6,6,13,5,2,99,1,25,1,,,,1,2013,505.0,2973,4,1,,99,6,1.0,8.0,6.0
2973,15,6,6,13,5,2,99,1,999,1,,,,1,2013,505.0,2974,11,1,,99,6,5.0,14.0,6.0
2974,15,6,6,10,6,2,99,1,40,1,,,,2,2013,601.0,2975,7,1,,99,6,3.0,99.0,6.0
2975,15,6,6,3,10,2,99,1,30,1,,,,1,2013,1002.0,2976,5,1,,32,5,3.0,2.0,5.0
2976,15,6,6,3,10,2,99,1,28,1,,,,1,2013,1002.0,2977,4,1,,42,6,4.0,1.0,6.0
2977,15,6,6,23,17,2,99,1,36,1,,,,1,2013,1701.0,2978,6,1,,34,4,3.0,9.0,4.0
2978,15,6,6,23,17,2,99,1,21,1,,,,1,2013,1701.0,2979,3,1,,99,6,4.0,99.0,6.0
2979,15,6,6,12,4,2,99,1,40,1,,,,3,2013,409.0,2980,7,1,,99,6,5.0,99.0,6.0
2980,15,6,6,15,3,2,99,1,26,2,,,,2,2013,301.0,2981,4,1,,20,4,2.0,3.0,4.0
2981,16,6,7,0,1,1,6,1,23,2,,,,2,2013,101.0,2982,3,1,,5,5,1.0,2.0,5.0
2982,16,6,7,8,1,2,99,1,999,9,,,,1,2013,107.0,2983,11,1,,3,6,7.0,7.0,6.0
2983,16,6,7,8,1,2,99,1,22,1,,,,1,2013,107.0,2984,3,1,,99,6,4.0,5.0,6.0
2984,16,6,7,16,1,2,99,2,30,1,,,,1,2013,105.0,2985,5,1,,32,6,1.0,11.0,6.0
2985,16,6,7,16,1,2,99,1,21,1,,,,1,2013,105.0,2986,3,1,,21,6,4.0,5.0,6.0
2986,16,6,7,5,1,1,7,1,23,2,,,,1,2013,101.0,2987,3,1,,21,3,4.0,1.0,3.0
2987,16,6,7,5,1,1,7,1,15,2,,,,1,2013,101.0,2988,2,2,,24,6,4.0,1.0,6.0
2988,16,6,7,16,1,1,5,1,28,1,,,,1,2013,115.0,2989,4,1,,37,2,11.0,8.0,2.0
2989,16,6,7,16,1,1,5,1,35,1,,,,1,2013,115.0,2990,6,1,,24,4,4.0,1.0,4.0
2990,16,6,7,22,1,2,99,1,26,2,,,,1,2013,117.0,2991,4,1,,21,6,1.0,9.0,6.0
2991,16,6,7,22,1,2,99,1,22,1,,,,1,2013,117.0,2992,3,1,,21,3,1.0,99.0,3.0
2992,16,6,7,13,21,2,99,1,33,1,,,,3,2013,2106.0,2993,5,1,,44,2,3.0,5.0,2.0
2993,16,6,7,20,5,2,99,1,25,1,,,,1,2013,511.0,2994,4,1,,22,2,6.0,1.0,2.0
2994,16,6,7,20,5,2,99,1,46,1,,,,1,2013,511.0,2995,8,1,,44,6,1.0,7.0,6.0
2995,16,6,7,11,6,2,99,1,20,1,,,,2,2013,603.0,2996,3,1,,99,6,4.0,99.0,6.0
2996,16,6,7,18,9,1,3,1,39,2,,,,1,2013,901.0,2997,6,1,,24,6,4.0,1.0,6.0
2997,16,6,7,18,9,1,3,1,19,2,,,,1,2013,901.0,2998,2,1,,99,6,4.0,1.0,6.0
2998,16,6,7,12,13,2,99,1,48,2,,,,1,2013,1301.0,2999,8,1,,33,6,5.0,2.0,6.0
2999,16,6,7,12,13,2,99,1,21,2,,,,1,2013,1301.0,3000,3,1,,14,6,4.0,2.0,6.0
3000,16,6,7,1,18,2,99,1,23,2,,,,1,2013,1803.0,3001,3,1,,99,6,4.0,1.0,6.0
3001,16,6,7,1,18,2,99,1,42,2,,,,1,2013,1803.0,3002,7,1,,21,6,4.0,1.0,6.0
3002,16,6,7,13,18,2,99,1,38,2,,,,3,2013,1801.0,3003,6,1,,99,6,4.0,99.0,6.0
3003,17,6,1,23,1,1,12,1,30,2,,,,2,2013,101.0,3004,5,1,,32,5,1.0,4.0,5.0
3004,17,6,1,18,1,1,12,1,23,9,,,,1,2013,101.0,3005,3,1,,47,3,1.0,4.0,3.0
3005,17,6,1,18,1,1,12,1,54,9,,,,1,2013,101.0,3006,9,1,,40,6,4.0,5.0,6.0
3006,17,6,1,22,1,1,5,1,36,9,,,,1,2013,101.0,3007,6,1,,32,4,1.0,5.0,4.0
3007,17,6,1,22,1,1,5,1,36,9,,,,1,2013,101.0,3008,6,1,,34,4,1.0,4.0,4.0
3008,17,6,1,15,1,1,7,1,51,9,,,,1,2013,101.0,3009,9,1,,44,3,3.0,5.0,3.0
3009,17,6,1,15,1,1,7,1,23,9,,,,1,2013,101.0,3010,3,1,,2,5,4.0,5.0,5.0
3010,17,6,1,20,22,2,99,1,22,2,,,,1,2013,2201.0,3011,3,1,,44,3,9.0,6.0,3.0
3011,17,6,1,20,22,2,99,1,999,9,,,,1,2013,2201.0,3012,11,9,,21,6,1.0,99.0,6.0
3012,17,6,1,6,22,2,99,1,38,9,,,,2,2013,2201.0,3013,6,1,,15,6,6.0,99.0,6.0
3013,17,6,1,8,19,2,99,1,35,9,,,,3,2013,1901.0,3014,6,1,,30,4,5.0,2.0,4.0
3014,17,6,1,0,5,2,99,1,19,9,,,,1,2013,501.0,3015,2,1,,2,5,4.0,5.0,5.0
3015,17,6,1,0,5,2,99,1,999,9,,,,1,2013,501.0,3016,11,9,,99,6,3.0,5.0,6.0
3016,17,6,1,20,14,2,99,1,40,9,,,,1,2013,1401.0,3017,7,1,,44,6,3.0,9.0,6.0
3017,17,6,1,20,14,2,99,1,24,9,,,,1,2013,1401.0,3018,3,1,,99,6,2.0,99.0,6.0
3018,18,6,2,1,1,1,8,1,48,9,,,,1,2013,101.0,3019,8,1,,99,6,3.0,99.0,6.0
3019,18,6,2,1,1,1,8,1,999,9,,,,1,2013,101.0,3020,11,1,,99,6,99.0,99.0,6.0
3020,18,6,2,17,1,1,6,1,43,9,,,,1,2013,101.0,3021,7,1,,3,6,12.0,1.0,6.0
3021,18,6,2,17,1,1,6,1,25,9,,,,1,2013,101.0,3022,4,1,,3,6,12.0,1.0,6.0
3022,18,6,2,17,1,1,6,1,32,9,,,,1,2013,101.0,3023,5,1,,99,6,1.0,99.0,6.0
3023,18,6,2,18,1,1,6,1,57,9,,,,1,2013,101.0,3024,10,1,,99,6,99.0,99.0,6.0
3024,18,6,2,18,1,1,6,1,999,9,,,,1,2013,101.0,3025,11,1,,99,6,99.0,99.0,6.0
3025,18,6,2,1,1,1,12,1,34,9,,,,1,2013,101.0,3026,5,1,,32,6,1.0,2.0,6.0
3026,18,6,2,1,1,1,12,1,22,9,,,,1,2013,101.0,3027,3,1,,13,6,2.0,4.0,6.0
3027,18,6,2,19,1,1,11,1,37,9,,,,2,2013,101.0,3028,6,1,,34,4,2.0,10.0,4.0
3028,18,6,2,4,12,2,99,1,33,9,,,,2,2013,1201.0,3029,5,1,,13,6,1.0,8.0,6.0
3029,18,6,2,22,12,2,99,1,999,9,,,,3,2013,1201.0,3030,11,1,,13,6,5.0,6.0,6.0
3030,18,6,2,13,18,2,99,2,48,9,,,,1,2013,1801.0,3031,8,1,,44,4,2.0,3.0,4.0
3031,18,6,2,13,18,2,99,1,39,9,,,,1,2013,1801.0,3032,6,1,,14,6,4.0,5.0,6.0
3032,18,6,2,6,17,2,99,1,26,9,,,,3,2013,1701.0,3033,4,1,,99,6,4.0,99.0,6.0
3033,18,6,2,14,4,2,99,1,26,9,,,,3,2013,401.0,3034,4,1,,15,4,5.0,2.0,4.0
3034,19,6,3,4,1,2,99,1,32,9,,,,1,2013,105.0,3035,5,1,,44,3,3.0,3.0,3.0
3035,19,6,3,4,1,2,99,1,34,9,,,,1,2013,105.0,3036,5,1,,99,3,6.0,3.0,3.0
3036,19,6,3,11,5,2,99,1,54,9,,,,1,2013,501.0,3037,9,1,,22,3,12.0,12.0,3.0
3037,19,6,3,11,5,2,99,1,29,9,,,,1,2013,501.0,3038,4,1,,2,5,4.0,1.0,5.0
3038,19,6,3,6,5,2,99,1,24,9,,,,1,2013,501.0,3039,3,1,,2,6,4.0,1.0,6.0
3039,19,6,3,6,5,2,99,1,999,9,,,,1,2013,501.0,3040,11,1,,99,6,12.0,99.0,6.0
3040,19,6,3,6,10,2,99,1,20,9,,,,2,2013,1001.0,3041,3,1,,32,4,1.0,4.0,4.0
3041,19,6,3,22,11,2,99,1,42,9,,,,1,2013,1101.0,3042,7,1,,99,3,5.0,2.0,3.0
3042,19,6,3,22,11,2,99,1,27,9,,,,1,2013,1101.0,3043,4,1,,37,6,2.0,2.0,6.0
3043,19,6,3,14,9,2,99,1,36,9,,,,1,2013,901.0,3044,6,1,,34,4,9.0,99.0,4.0
3044,19,6,3,14,9,2,99,1,33,9,,,,1,2013,901.0,3045,5,1,,30,4,9.0,4.0,4.0
3045,19,6,3,18,9,2,99,1,44,9,,,,2,2013,901.0,3046,7,1,,44,2,3.0,4.0,2.0
3046,19,6,3,2,12,2,99,1,62,9,,,,2,2013,1201.0,3047,10,1,,44,2,3.0,8.0,2.0
3047,19,6,3,22,12,2,99,1,52,9,,,,2,2013,1201.0,3048,9,1,,44,3,3.0,4.0,3.0
3048,19,6,3,17,13,2,99,1,27,9,,,,3,2013,1301.0,3049,4,1,,2,6,4.0,4.0,6.0
3049,19,6,3,18,15,2,99,1,46,9,,,,1,2013,1501.0,3050,8,1,,99,4,9.0,4.0,4.0
3050,19,6,3,18,15,2,99,1,999,9,,,,1,2013,1501.0,3051,11,9,,42,6,4.0,99.0,6.0
3051,19,6,3,18,15,2,99,1,999,9,,,,1,2013,1501.0,3052,11,9,,42,6,4.0,99.0,6.0
3052,19,6,3,20,14,2,99,1,33,9,,,,1,2013,1401.0,3053,5,1,,21,4,4.0,1.0,4.0
3053,19,6,3,20,14,2,99,1,37,9,,,,1,2013,1401.0,3054,6,1,,42,5,2.0,5.0,5.0
3054,20,6,4,6,1,1,1,1,31,9,,,,1,2013,101.0,3055,5,1,,20,4,1.0,2.0,4.0
3055,20,6,4,6,1,1,1,1,24,9,,,,1,2013,101.0,3056,3,1,,32,3,1.0,3.0,3.0
3056,20,6,4,5,1,1,13,1,44,9,,,,1,2013,101.0,3057,7,1,,15,3,6.0,2.0,3.0
3057,20,6,4,5,1,1,13,1,24,9,,,,1,2013,101.0,3058,3,1,,46,6,1.0,4.0,6.0
3058,20,6,4,15,1,1,4,1,19,9,,,,1,2013,108.0,3059,2,1,,21,4,1.0,9.0,4.0
3059,20,6,4,15,1,1,4,1,41,9,,,,1,2013,108.0,3060,7,1,,14,5,4.0,3.0,5.0
3060,20,6,4,5,20,2,99,1,19,9,,,,1,2013,2001.0,3061,2,1,,44,2,3.0,1.0,2.0
3061,20,6,4,5,20,2,99,1,19,9,,,,1,2013,2001.0,3062,2,1,,42,5,4.0,5.0,5.0
3062,20,6,4,19,6,2,99,1,53,9,,,,1,2013,601.0,3063,9,1,,5,5,3.0,5.0,5.0
3063,20,6,4,19,6,2,99,1,24,9,,,,1,2013,601.0,3064,3,1,,99,6,4.0,5.0,6.0
3064,20,6,4,15,10,1,2,1,19,9,,,,1,2013,1001.0,3065,2,1,,2,5,4.0,1.0,5.0
3065,20,6,4,15,10,1,2,1,26,9,,,,1,2013,1001.0,3066,4,1,,40,4,4.0,5.0,4.0
3066,20,6,4,22,9,2,99,1,33,9,,,,1,2013,901.0,3067,5,1,,26,3,3.0,5.0,3.0
3067,20,6,4,22,9,2,99,2,38,9,,,,1,2013,901.0,3068,6,1,,44,2,2.0,11.0,2.0
3068,20,6,4,15,9,2,99,1,39,9,,,,1,2013,901.0,3069,6,1,,99,6,5.0,99.0,6.0
3069,20,6,4,15,9,2,99,1,30,9,,,,1,2013,901.0,3070,5,1,,44,6,3.0,2.0,6.0
3070,20,6,4,17,9,2,99,1,57,9,,,,1,2013,917.0,3071,10,1,,37,6,2.0,9.0,6.0
3071,20,6,4,17,9,2,99,1,999,9,,,,1,2013,917.0,3072,11,1,,99,6,1.0,6.0,6.0
3072,20,6,4,10,12,2,99,1,25,9,,,,3,2013,1201.0,3073,4,1,,44,2,3.0,3.0,2.0
3073,20,6,4,12,15,2,99,1,66,9,,,,1,2013,1501.0,3074,10,1,,32,4,3.0,1.0,4.0
3074,20,6,4,12,15,2,99,2,28,9,,,,1,2013,1501.0,3075,4,1,,99,5,4.0,1.0,5.0
3075,21,6,5,10,1,1,1,1,48,9,,,,1,2013,101.0,3076,8,1,,99,6,12.0,3.0,6.0
3076,21,6,5,10,1,1,1,1,29,9,,,,1,2013,101.0,3077,4,1,,31,6,4.0,1.0,6.0
3077,21,6,5,4,1,1,18,1,999,9,,,,2,2013,101.0,3078,11,1,,15,6,5.0,2.0,6.0
3078,21,6,5,22,1,2,99,1,38,9,,,,2,2013,115.0,3079,6,1,,31,6,4.0,1.0,6.0
3079,21,6,5,6,22,2,99,1,24,9,,,,2,2013,2201.0,3080,3,1,,41,4,4.0,1.0,4.0
3080,21,6,5,15,5,2,99,1,43,9,,,,1,2013,501.0,3081,7,1,,22,3,7.0,3.0,3.0
3081,21,6,5,15,5,2,99,1,999,9,,,,1,2013,501.0,3082,11,1,,33,6,5.0,2.0,6.0
3082,21,6,5,9,5,2,99,1,39,9,,,,1,2013,501.0,3083,6,1,,99,6,3.0,99.0,6.0
3083,21,6,5,9,5,2,99,1,36,9,,,,1,2013,501.0,3084,6,1,,15,4,5.0,1.0,4.0
3084,21,6,5,4,18,2,99,1,27,9,,,,1,2013,1801.0,3085,4,1,,99,6,3.0,99.0,6.0
3085,21,6,5,4,18,2,99,1,31,9,,,,1,2013,1801.0,3086,5,1,,99,6,6.0,2.0,6.0
3086,22,6,6,21,1,1,9,1,28,9,,,,1,2013,101.0,3087,4,1,,21,4,1.0,1.0,4.0
3087,22,6,6,21,1,1,9,1,24,9,,,,1,2013,101.0,3088,3,1,,34,4,1.0,4.0,4.0
3088,22,6,6,2,1,1,4,1,30,9,,,,2,2013,101.0,3089,5,1,,1,5,1.0,4.0,5.0
3089,22,6,6,10,1,1,9,1,23,9,,,,1,2013,101.0,3090,3,1,,42,4,4.0,5.0,4.0
3090,22,6,6,10,1,1,9,1,999,9,,,,1,2013,101.0,3091,11,1,,99,6,1.0,99.0,6.0
3091,22,6,6,20,1,1,10,1,40,1,,,,1,2013,101.0,3092,7,1,,20,6,10.0,2.0,6.0
3092,22,6,6,20,1,1,10,1,24,1,,,,1,2013,101.0,3093,3,1,,99,6,4.0,1.0,6.0
3093,22,6,6,16,1,1,11,1,29,1,,,,1,2013,101.0,3094,4,1,,42,6,4.0,4.0,6.0
3094,22,6,6,16,1,1,11,1,999,9,,,,1,2013,101.0,3095,11,1,,99,6,1.0,99.0,6.0
3095,22,6,6,15,1,1,12,1,999,1,,,,3,2013,101.0,3096,11,1,,99,6,4.0,1.0,6.0
3096,22,6,6,19,1,1,5,1,33,1,,,,1,2013,115.0,3097,5,1,,23,5,5.0,2.0,5.0
3097,22,6,6,19,1,1,5,1,31,1,,,,1,2013,115.0,3098,5,1,,34,3,1.0,5.0,3.0
3098,22,6,6,15,1,1,6,1,52,1,,,,1,2013,108.0,3099,9,1,,44,2,1.0,8.0,2.0
3099,22,6,6,15,1,1,6,1,29,1,,,,1,2013,108.0,3100,4,1,,21,2,4.0,5.0,2.0
3100,22,6,6,19,1,1,4,1,44,1,,,,2,2013,108.0,3101,7,1,,99,6,1.0,1.0,6.0
3101,22,6,6,21,21,2,99,1,28,2,,,,1,2013,2101.0,3102,4,1,,99,6,4.0,3.0,6.0
3102,22,6,6,21,21,2,99,1,25,2,,,,1,2013,2101.0,3103,4,1,,42,6,4.0,3.0,6.0
3103,22,6,6,15,5,2,99,1,30,1,,,,1,2013,509.0,3104,5,1,,17,3,1.0,2.0,3.0
3104,22,6,6,15,5,2,99,1,999,1,,,,1,2013,509.0,3105,11,1,,44,6,1.0,3.0,6.0
3105,22,6,6,19,10,2,99,1,47,1,,,,2,2013,1014.0,3106,8,1,,44,3,3.0,10.0,3.0
3106,22,6,6,22,10,2,99,1,32,9,,,,1,2013,1014.0,3107,5,1,,32,6,3.0,4.0,6.0
3107,22,6,6,22,10,2,99,1,30,9,,,,1,2013,1014.0,3108,5,1,,2,6,4.0,1.0,6.0
3108,23,6,7,18,1,1,1,1,999,9,,,,1,2013,101.0,3109,11,1,,99,6,99.0,99.0,6.0
3109,23,6,7,18,1,1,1,1,32,1,,,,1,2013,101.0,3110,5,1,,99,6,4.0,5.0,6.0
3110,23,6,7,4,1,2,99,1,36,2,,,,2,2013,116.0,3111,6,1,,13,4,1.0,9.0,4.0
3111,23,6,7,4,1,1,10,1,24,1,,,,2,2013,101.0,3112,3,1,,14,6,4.0,5.0,6.0
3112,23,6,7,1,1,1,9,1,33,1,,,,1,2013,101.0,3113,5,1,,38,4,1.0,4.0,4.0
3113,23,6,7,1,1,1,9,1,19,1,,,,1,2013,101.0,3114,2,1,,2,6,4.0,1.0,6.0
3114,23,6,7,20,1,1,8,1,35,2,,,,1,2013,101.0,3115,6,1,,20,4,10.0,2.0,4.0
3115,23,6,7,20,1,1,8,1,24,1,,,,1,2013,101.0,3116,3,1,,21,3,2.0,4.0,3.0
3116,23,6,7,16,1,2,99,1,34,1,,,,1,2013,116.0,3117,5,1,,20,6,10.0,2.0,6.0
3117,23,6,7,16,1,2,99,1,19,1,,,,1,2013,116.0,3118,2,1,,24,4,4.0,3.0,4.0
3118,23,6,7,20,1,2,99,1,36,2,,,,1,2013,116.0,3119,6,1,,13,3,7.0,14.0,3.0
3119,23,6,7,20,1,2,99,1,22,1,,,,1,2013,116.0,3120,3,1,,99,4,4.0,1.0,4.0
3120,23,6,7,22,22,2,99,1,26,2,,,,2,2013,2202.0,3121,4,1,,21,6,1.0,3.0,6.0
3121,23,6,7,5,22,2,99,1,40,1,,,,3,2013,2203.0,3122,7,1,,99,6,1.0,99.0,6.0
3122,23,6,7,19,21,2,99,1,42,1,,,,2,2013,2101.0,3123,7,1,,21,3,1.0,7.0,3.0
3123,23,6,7,13,20,2,99,1,21,1,,,,1,2013,2009.0,3124,3,1,,44,2,1.0,4.0,2.0
3124,23,6,7,13,20,2,99,1,39,1,,,,1,2013,2009.0,3125,6,1,,44,4,1.0,7.0,4.0
3125,23,6,7,14,20,2,99,1,23,1,,,,1,2013,2001.0,3126,3,1,,21,5,4.0,5.0,5.0
3126,23,6,7,14,20,2,99,1,17,1,,,,1,2013,2001.0,3127,2,2,,42,4,4.0,1.0,4.0
3127,23,6,7,23,5,2,99,1,37,2,,,,1,2013,506.0,3128,6,1,,22,2,7.0,7.0,2.0
3128,23,6,7,23,5,2,99,1,27,1,,,,1,2013,506.0,3129,4,1,,15,3,5.0,2.0,3.0
3129,23,6,7,10,5,2,99,1,47,1,,,,1,2013,504.0,3130,8,1,,15,2,6.0,6.0,2.0
3130,23,6,7,10,5,2,99,1,53,1,,,,1,2013,504.0,3131,9,1,,23,6,2.0,11.0,6.0
3131,23,6,7,10,6,2,99,1,24,1,,,,1,2013,602.0,3132,3,1,,32,4,1.0,4.0,4.0
3132,23,6,7,10,6,2,99,1,38,1,,,,1,2013,602.0,3133,6,1,,99,4,4.0,4.0,4.0
3133,23,6,7,17,6,2,99,1,19,1,,,,1,2013,606.0,3134,2,1,,2,5,14.0,1.0,5.0
3134,23,6,7,17,6,2,99,1,31,1,,,,1,2013,606.0,3135,5,1,,44,3,1.0,5.0,3.0
3135,23,6,7,1,12,2,99,1,999,1,,,,1,2013,1201.0,3136,11,1,,21,5,4.0,1.0,5.0
3136,23,6,7,1,12,2,99,1,999,1,,,,1,2013,1201.0,3137,11,1,,44,6,1.0,3.0,6.0
3137,23,6,7,20,17,2,99,1,48,1,,,,2,2013,1701.0,3138,8,1,,23,5,3.0,1.0,5.0
3138,23,6,7,22,7,2,99,1,29,2,,,,1,2013,701.0,3139,4,1,,42,6,4.0,3.0,6.0
3139,23,6,7,22,7,2,99,1,30,1,,,,1,2013,701.0,3140,5,1,,44,4,9.0,3.0,4.0
3140,24,6,1,7,1,1,1,1,18,1,,,,1,2013,101.0,3141,2,1,,42,4,4.0,3.0,4.0
3141,24,6,1,7,1,1,1,1,33,1,,,,1,2013,101.0,3142,5,1,,44,5,3.0,4.0,5.0
3142,24,6,1,19,1,1,1,1,28,1,,,,1,2013,101.0,3143,4,1,,44,5,3.0,5.0,5.0
3143,24,6,1,19,1,1,1,1,26,1,,,,1,2013,101.0,3144,4,1,,42,6,3.0,99.0,6.0
3144,24,6,1,20,1,1,6,1,29,2,,,,1,2013,101.0,3145,4,1,,24,6,4.0,1.0,6.0
3145,24,6,1,20,1,1,6,1,28,1,,,,1,2013,101.0,3146,4,1,,99,6,4.0,99.0,6.0
3146,24,6,1,20,1,1,6,1,26,1,,,,1,2013,101.0,3147,4,1,,99,6,4.0,99.0,6.0
3147,24,6,1,21,1,1,7,1,35,2,,,,1,2013,117.0,3148,6,1,,42,6,1.0,6.0,6.0
3148,24,6,1,21,1,1,7,1,22,1,,,,1,2013,117.0,3149,3,1,,2,6,4.0,1.0,6.0
3149,24,6,1,1,1,2,1,1,38,2,,,,1,2013,108.0,3150,6,1,,37,6,1.0,1.0,6.0
3150,24,6,1,1,1,2,1,1,37,1,,,,1,2013,108.0,3151,6,1,,37,3,1.0,4.0,3.0
3151,24,6,1,17,6,2,99,1,20,2,,,,2,2013,605.0,3152,3,1,,13,4,3.0,5.0,4.0
3152,24,6,1,20,10,2,99,1,38,1,,,,1,2013,1004.0,3153,6,1,,99,6,7.0,5.0,6.0
3153,24,6,1,20,10,2,99,2,22,1,,,,1,2013,1004.0,3154,3,1,,21,6,4.0,1.0,6.0
3154,24,6,1,14,13,2,99,1,14,1,,,,3,2013,1302.0,3155,1,2,,99,6,3.0,99.0,6.0
3155,25,6,2,20,1,2,99,1,19,2,,,,2,2013,105.0,3156,2,1,,2,4,14.0,1.0,4.0
3156,25,6,2,14,1,2,99,2,25,1,,,,3,2013,104.0,3157,4,1,,99,6,4.0,99.0,6.0
3157,25,6,2,10,1,2,99,1,999,1,,,,3,2013,104.0,3158,11,1,,13,6,5.0,6.0,6.0
3158,25,6,2,16,22,2,99,1,27,1,,,,1,2013,2216.0,3159,4,1,,44,6,9.0,4.0,6.0
3159,25,6,2,16,22,2,99,1,29,1,,,,1,2013,2216.0,3160,4,1,,44,4,9.0,3.0,4.0
3160,25,6,2,20,22,2,99,1,23,1,,,,2,2013,2205.0,3161,3,1,,99,6,4.0,99.0,6.0
3161,25,6,2,20,5,2,99,1,39,1,,,,1,2013,501.0,3162,6,1,,44,6,1.0,2.0,6.0
3162,25,6,2,20,5,2,99,1,38,1,,,,1,2013,501.0,3163,6,1,,23,5,1.0,5.0,5.0
3163,25,6,2,16,10,2,99,1,999,1,,,,2,2013,1001.0,3164,11,1,,2,6,14.0,1.0,6.0
3164,25,6,2,8,7,2,99,1,999,1,,,,3,2013,705.0,3165,11,1,,44,4,9.0,4.0,4.0
3165,26,6,3,18,10,2,99,1,19,2,,,,1,2013,1001.0,3166,2,1,,2,6,14.0,1.0,6.0
3166,26,6,3,18,10,2,99,1,22,1,,,,1,2013,1001.0,3167,3,1,,2,6,14.0,1.0,6.0
3167,26,6,3,18,10,2,99,1,23,1,,,,1,2013,1001.0,3168,3,1,,2,5,14.0,1.0,5.0
3168,26,6,3,8,9,2,99,2,27,9,,,,1,2013,901.0,3169,4,1,,41,6,4.0,8.0,6.0
3169,26,6,3,8,9,2,99,1,27,9,,,,1,2013,901.0,3170,4,1,,36,6,4.0,1.0,6.0
3170,27,6,4,8,1,1,1,1,43,9,,,,1,2013,101.0,3171,7,1,,34,6,1.0,1.0,6.0
3171,27,6,4,8,1,1,1,1,24,9,,,,1,2013,101.0,3172,3,1,,37,6,4.0,1.0,6.0
3172,27,6,4,20,1,2,99,2,34,9,,,,4,2013,102.0,3173,5,1,,44,6,9.0,14.0,6.0
3173,27,6,4,19,1,2,99,1,27,9,,,,1,2013,110.0,3174,4,1,,32,5,3.0,4.0,5.0
3174,27,6,4,19,1,2,99,1,25,9,,,,1,2013,110.0,3175,4,1,,44,3,1.0,6.0,3.0
3175,27,6,4,21,1,1,4,1,24,9,,,,1,2013,108.0,3176,3,1,,23,3,5.0,2.0,3.0
3176,27,6,4,21,1,1,4,1,25,9,,,,1,2013,108.0,3177,4,1,,42,6,4.0,5.0,6.0
3177,27,6,4,20,22,2,99,1,17,9,,,,2,2013,2201.0,3178,2,2,,26,6,3.0,2.0,6.0
3178,27,6,4,7,21,2,99,1,38,9,,,,1,2013,2102.0,3179,6,1,,44,5,9.0,2.0,5.0
3179,27,6,4,7,21,2,99,1,22,9,,,,1,2013,2102.0,3180,3,1,,2,5,4.0,1.0,5.0
3180,27,6,4,13,5,2,99,1,52,9,,,,1,2013,501.0,3181,9,1,,99,6,12.0,99.0,6.0
3181,27,6,4,13,5,2,99,1,999,9,,,,1,2013,501.0,3182,11,9,,99,6,12.0,99.0,6.0
3182,27,6,4,22,9,2,99,1,36,2,,,,1,2013,901.0,3183,6,1,,42,6,4.0,99.0,6.0
3183,27,6,4,22,9,2,99,1,24,1,,,,1,2013,901.0,3184,3,1,,46,6,3.0,99.0,6.0
3184,27,6,4,5,9,2,99,1,24,2,,,,3,2013,901.0,3185,3,1,,44,6,1.0,10.0,6.0
3185,27,6,4,18,17,1,1,1,25,9,,,,1,2013,1701.0,3186,4,1,,20,4,2.0,3.0,4.0
3186,27,6,4,18,17,1,1,1,999,9,,,,1,2013,1701.0,3187,11,9,,21,5,4.0,1.0,5.0
3187,27,6,4,15,14,2,99,1,999,9,,,,4,2013,1401.0,3188,11,9,,44,6,3.0,99.0,6.0
3188,28,6,5,22,1,1,6,1,31,9,,,,1,2013,101.0,3189,5,1,,20,4,1.0,2.0,4.0
3189,28,6,5,22,1,1,6,1,31,9,,,,1,2013,101.0,3190,5,1,,21,3,1.0,3.0,3.0
3190,28,6,5,5,1,1,13,2,999,9,,,,1,2013,101.0,3191,11,1,,44,3,3.0,2.0,3.0
3191,28,6,5,5,1,1,13,1,999,9,,,,1,2013,101.0,3192,11,1,,44,4,1.0,99.0,4.0
3192,28,6,5,5,1,1,13,2,999,9,,,,1,2013,101.0,3193,11,1,,44,6,1.0,6.0,6.0
3193,28,6,5,23,1,2,13,1,999,9,,,,3,2013,101.0,3194,11,1,,99,6,99.0,99.0,6.0
3194,28,6,5,2,1,1,11,1,21,9,,,,2,2013,101.0,3195,3,1,,99,4,4.0,1.0,4.0
3195,28,6,5,22,10,2,99,1,26,9,,,,2,2013,1001.0,3196,4,1,,2,4,4.0,1.0,4.0
3196,28,6,5,17,9,2,99,1,33,9,,,,1,2013,901.0,3197,5,1,,44,6,9.0,4.0,6.0
3197,28,6,5,17,9,2,99,1,59,9,,,,1,2013,901.0,3198,10,1,,21,6,4.0,4.0,6.0
3198,28,6,5,20,18,2,99,1,46,9,,,,1,2013,1801.0,3199,8,1,,32,3,3.0,8.0,3.0
3199,28,6,5,20,18,2,99,1,22,9,,,,1,2013,1801.0,3200,3,1,,32,4,1.0,11.0,4.0
3200,28,6,5,14,17,2,99,1,37,9,,,,1,2013,1701.0,3201,6,1,,44,4,9.0,3.0,4.0
3201,28,6,5,14,17,2,99,1,27,9,,,,1,2013,1701.0,3202,4,1,,24,5,4.0,1.0,5.0
3202,28,6,5,14,17,2,99,1,51,9,,,,1,2013,1701.0,3203,9,1,,40,4,4.0,9.0,4.0
3203,29,6,6,4,1,1,1,1,31,9,,,,3,2013,101.0,3204,5,1,,99,6,4.0,1.0,6.0
3204,29,6,6,12,1,2,99,1,30,9,,,,1,2013,105.0,3205,5,1,,40,6,4.0,1.0,6.0
3205,29,6,6,12,1,2,99,1,999,9,,,,1,2013,105.0,3206,11,1,,99,6,1.0,5.0,6.0
3206,29,6,6,15,1,2,99,2,29,9,,,,3,2013,102.0,3207,4,1,,5,4,2.0,4.0,4.0
3207,29,6,6,18,1,1,10,1,41,9,,,,1,2013,101.0,3208,7,1,,99,6,1.0,99.0,6.0
3208,29,6,6,18,1,1,10,1,35,9,,,,1,2013,101.0,3209,6,1,,42,6,4.0,9.0,6.0
3209,29,6,6,6,1,1,7,1,22,9,,,,1,2013,101.0,3210,3,1,,34,6,1.0,4.0,6.0
3210,29,6,6,6,1,1,7,1,26,9,,,,1,2013,101.0,3211,4,1,,13,6,5.0,2.0,6.0
3211,29,6,6,10,1,1,12,1,24,9,,,,1,2013,101.0,3212,3,1,,32,2,3.0,3.0,2.0
3212,29,6,6,10,1,1,12,2,23,9,,,,1,2013,101.0,3213,3,1,,32,5,1.0,5.0,5.0
3213,29,6,6,22,1,2,99,1,28,9,,,,1,2013,115.0,3214,4,1,,11,6,3.0,2.0,6.0
3214,29,6,6,22,1,2,99,1,28,9,,,,1,2013,115.0,3215,4,1,,24,6,4.0,4.0,6.0
3215,29,6,6,16,1,2,99,1,22,9,,,,2,2013,110.0,3216,3,1,,3,6,12.0,7.0,6.0
3216,29,6,6,1,5,2,99,2,24,9,,,,2,2013,501.0,3217,3,1,,42,6,4.0,5.0,6.0
3217,29,6,6,18,10,2,99,1,30,9,,,,1,2013,1001.0,3218,5,1,,2,4,4.0,1.0,4.0
3218,29,6,6,18,10,2,99,1,28,9,,,,1,2013,1001.0,3219,4,1,,37,6,4.0,5.0,6.0
3219,29,6,6,2,9,2,99,1,41,9,,,,1,2013,901.0,3220,7,1,,99,6,99.0,99.0,6.0
3220,29,6,6,2,9,2,99,1,22,9,,,,1,2013,901.0,3221,3,1,,99,6,9.0,99.0,6.0
3221,29,6,6,7,9,2,99,9,999,9,,,,3,2013,901.0,3222,11,9,,22,6,9.0,8.0,6.0
3222,29,6,6,7,12,1,2,1,24,9,,,,1,2013,1201.0,3223,3,1,,44,6,10.0,6.0,6.0
3223,29,6,6,7,12,1,2,1,41,9,,,,1,2013,1201.0,3224,7,1,,33,2,5.0,1.0,2.0
3224,29,6,6,12,13,2,99,1,26,9,,,,1,2013,1301.0,3225,4,1,,99,5,5.0,2.0,5.0
3225,29,6,6,12,13,2,99,1,999,9,,,,1,2013,1301.0,3226,11,9,,21,4,4.0,99.0,4.0
3226,29,6,6,4,16,2,99,2,22,9,,,,2,2013,1601.0,3227,3,1,,99,6,3.0,99.0,6.0
3227,29,6,6,3,15,2,99,1,20,9,,,,1,2013,1501.0,3228,3,1,,29,1,6.0,6.0,1.0
3228,29,6,6,3,15,2,99,1,32,9,,,,1,2013,1501.0,3229,5,1,,44,5,3.0,4.0,5.0
3229,29,6,6,21,3,2,99,1,62,9,,,,1,2013,301.0,3230,10,1,,99,3,2.0,99.0,3.0
3230,29,6,6,21,3,2,99,1,30,9,,,,1,2013,301.0,3231,5,1,,32,3,1.0,5.0,3.0
3231,30,6,7,3,1,1,1,1,999,9,,,,1,2013,101.0,3232,11,1,,99,6,1.0,99.0,6.0
3232,30,6,7,3,1,1,1,1,22,9,,,,1,2013,101.0,3233,3,1,,2,6,4.0,3.0,6.0
3233,30,6,7,1,1,1,6,1,999,9,,,,1,2013,101.0,3234,11,1,,21,6,1.0,99.0,6.0
3234,30,6,7,1,1,1,6,1,19,9,,,,1,2013,101.0,3235,2,1,,40,6,4.0,5.0,6.0
3235,30,6,7,14,1,1,6,1,999,9,,,,1,2013,101.0,3236,11,1,,99,6,99.0,99.0,6.0
3236,30,6,7,14,1,1,6,1,21,9,,,,1,2013,101.0,3237,3,1,,99,6,4.0,99.0,6.0
3237,30,6,7,21,1,1,12,1,24,9,,,,3,2013,101.0,3238,3,1,,99,6,4.0,5.0,6.0
3238,30,6,7,17,1,1,12,1,32,9,,,,1,2013,101.0,3239,5,1,,30,3,1.0,4.0,3.0
3239,30,6,7,17,1,1,12,1,41,9,,,,1,2013,101.0,3240,7,1,,21,4,1.0,99.0,4.0
3240,30,6,7,1,1,1,11,1,17,9,,,,1,2013,101.0,3241,2,2,,20,4,2.0,5.0,4.0
3241,30,6,7,1,1,1,11,1,49,9,,,,1,2013,101.0,3242,8,1,,2,4,4.0,5.0,4.0
3242,30,6,7,17,1,2,99,1,35,9,,,,1,2013,115.0,3243,6,1,,4,4,1.0,4.0,4.0
3243,30,6,7,17,1,2,99,1,24,9,,,,1,2013,115.0,3244,3,1,,2,4,4.0,1.0,4.0
3244,30,6,7,1,19,2,99,1,19,9,,,,1,2013,1901.0,3245,2,1,,42,6,4.0,5.0,6.0
3245,30,6,7,1,19,2,99,1,29,9,,,,1,2013,1901.0,3246,4,1,,22,4,5.0,2.0,4.0
3246,30,6,7,7,19,2,99,1,38,9,,,,1,2013,1901.0,3247,6,1,,37,3,1.0,4.0,3.0
3247,30,6,7,7,19,2,99,1,999,9,,,,1,2013,1901.0,3248,11,1,,15,3,6.0,2.0,3.0
3248,30,6,7,22,5,2,99,1,999,9,,,,2,2013,501.0,3249,11,9,,14,6,4.0,5.0,6.0
3249,30,6,7,22,10,2,99,1,20,2,,,,3,2013,1001.0,3250,3,1,,21,6,4.0,99.0,6.0
3250,30,6,7,6,13,2,99,1,25,9,,,,4,2013,1301.0,3251,4,1,,99,6,3.0,99.0,6.0
3251,30,6,7,11,15,2,99,1,28,9,,,,3,2013,1501.0,3252,4,1,,24,6,4.0,5.0,6.0
3252,30,6,7,17,18,2,99,9,999,9,,,,1,2013,1801.0,3253,11,9,,44,6,3.0,3.0,6.0
3253,30,6,7,17,18,2,99,9,999,9,,,,1,2013,1801.0,3254,11,9,,99,6,3.0,1.0,6.0
3254,30,6,7,17,7,2,99,1,39,9,,,,2,2013,710.0,3255,6,1,,5,4,2.0,5.0,4.0
3255,30,6,7,19,3,2,99,1,34,9,,,,1,2013,301.0,3256,5,1,,32,4,3.0,1.0,4.0
3256,30,6,7,19,3,2,99,2,58,9,,,,1,2013,301.0,3257,10,1,,30,4,1.0,4.0,4.0
3257,1,7,1,7,1,1,1,1,37,1,,,,2,2013,101.0,3258,6,1,,40,1,4.0,99.0,1.0
3258,1,7,1,13,1,1,3,1,49,1,,,,1,2013,101.0,3259,8,1,,17,6,1.0,1.0,6.0
3259,1,7,1,13,1,1,3,1,999,1,,,,1,2013,101.0,3260,11,1,,37,6,1.0,4.0,6.0
3260,1,7,1,16,1,1,1,1,35,2,,,,1,2013,101.0,3261,6,1,,46,3,1.0,1.0,3.0
3261,1,7,1,16,1,1,1,2,45,1,,,,1,2013,101.0,3262,8,1,,44,2,2.0,1.0,2.0
3262,1,7,1,4,1,1,21,1,28,1,,,,2,2013,101.0,3263,4,1,,45,5,4.0,5.0,5.0
3263,1,7,1,1,1,1,7,1,47,1,,,,2,2013,101.0,3264,8,1,,34,4,3.0,4.0,4.0
3264,1,7,1,7,1,1,7,1,22,2,,,,1,2013,101.0,3265,3,1,,34,3,1.0,9.0,3.0
3265,1,7,1,7,1,1,7,1,25,2,,,,1,2013,101.0,3266,4,1,,13,3,5.0,2.0,3.0
3266,1,7,1,7,1,1,7,1,28,1,,,,1,2013,101.0,3267,4,1,,2,5,4.0,5.0,5.0
3267,1,7,1,11,1,1,11,1,56,1,,,,1,2013,101.0,3268,10,1,,21,6,4.0,1.0,6.0
3268,1,7,1,11,1,1,11,1,999,1,,,,1,2013,101.0,3269,11,1,,99,6,1.0,99.0,6.0
3269,1,7,1,10,1,1,21,1,999,9,,,,1,2013,101.0,3270,11,1,,99,6,1.0,99.0,6.0
3270,1,7,1,10,1,1,21,1,26,1,,,,1,2013,101.0,3271,4,1,,2,6,4.0,5.0,6.0
3271,1,7,1,3,1,2,99,1,24,2,,,,2,2013,115.0,3272,3,1,,32,5,3.0,4.0,5.0
3272,1,7,1,21,1,1,9,1,25,1,,,,1,2013,117.0,3273,4,1,,99,6,4.0,5.0,6.0
3273,1,7,1,21,1,1,9,1,999,1,,,,1,2013,117.0,3274,11,1,,99,6,1.0,99.0,6.0
3274,1,7,1,6,22,2,99,1,999,1,,,,1,2013,2205.0,3275,11,1,,37,6,2.0,5.0,6.0
3275,1,7,1,6,22,2,99,1,22,1,,,,1,2013,2205.0,3276,3,1,,42,6,4.0,1.0,6.0
3276,1,7,1,23,5,2,99,1,999,1,,,,1,2013,502.0,3277,11,1,,44,6,9.0,3.0,6.0
3277,1,7,1,23,5,2,99,1,23,2,,,,1,2013,502.0,3278,3,1,,14,6,4.0,5.0,6.0
3278,1,7,1,4,6,2,99,1,24,1,,,,3,2013,603.0,3279,3,1,,34,3,1.0,8.0,3.0
3279,1,7,1,11,6,2,99,1,62,1,,,,3,2013,606.0,3280,10,1,,44,2,3.0,5.0,2.0
3280,1,7,1,21,10,2,99,1,33,2,,,,1,2013,1001.0,3281,5,1,,44,6,1.0,99.0,6.0
3281,1,7,1,21,10,2,99,1,43,1,,,,1,2013,1001.0,3282,7,1,,99,5,2.0,5.0,5.0
3282,1,7,1,16,18,2,99,1,50,1,,,,1,2013,1801.0,3283,9,1,,15,6,6.0,2.0,6.0
3283,1,7,1,16,18,2,99,2,26,1,,,,1,2013,1801.0,3284,4,1,,42,6,4.0,5.0,6.0
3284,2,7,2,15,1,1,3,1,21,1,,,,1,2013,101.0,3285,3,1,,18,2,5.0,3.0,2.0
3285,2,7,2,15,1,1,3,1,30,1,,,,1,2013,101.0,3286,5,1,,2,4,4.0,5.0,4.0
3286,2,7,2,5,1,1,12,1,34,1,,,,1,2013,101.0,3287,5,1,,15,4,6.0,1.0,4.0
3287,2,7,2,5,1,1,12,1,28,1,,,,1,2013,101.0,3288,4,1,,33,2,6.0,7.0,2.0
3288,2,7,2,21,1,1,11,1,19,1,,,,2,2013,101.0,3289,2,1,,34,4,1.0,3.0,4.0
3289,2,7,2,23,1,1,4,1,47,2,,,,1,2013,108.0,3290,8,1,,34,4,2.0,2.0,4.0
3290,2,7,2,23,1,1,4,1,23,1,,,,1,2013,108.0,3291,3,1,,42,6,4.0,14.0,6.0
3291,2,7,2,0,1,1,8,1,20,1,,,,3,2013,108.0,3292,3,1,,99,6,3.0,99.0,6.0
3292,2,7,2,8,9,2,99,1,31,1,,,,2,2013,901.0,3293,5,1,,99,6,4.0,4.0,6.0
3293,2,7,2,19,8,2,99,1,22,1,,,,3,2013,801.0,3294,3,1,,32,4,1.0,4.0,4.0
3294,2,7,2,11,15,2,99,1,35,1,,,,2,2013,1508.0,3295,6,1,,99,6,4.0,99.0,6.0
3295,2,7,2,20,18,2,99,1,42,1,,,,1,2013,1801.0,3296,7,1,,42,5,4.0,1.0,5.0
3296,2,7,2,20,18,2,99,1,22,1,,,,1,2013,1801.0,3297,3,1,,2,4,4.0,14.0,4.0
3297,2,7,2,2,14,2,99,1,23,1,,,,2,2013,1401.0,3298,3,1,,44,4,3.0,1.0,4.0
3298,3,7,3,20,22,2,99,1,38,1,,,,1,2013,2216.0,3299,6,1,,99,6,5.0,99.0,6.0
3299,3,7,3,20,22,2,99,1,54,2,,,,1,2013,2216.0,3300,9,1,,44,6,3.0,3.0,6.0
3300,3,7,3,20,20,2,99,1,25,1,,,,1,2013,2004.0,3301,4,1,,21,6,4.0,5.0,6.0
3301,3,7,3,20,20,2,99,1,17,1,,,,1,2013,2004.0,3302,2,2,,2,6,14.0,1.0,6.0
3302,3,7,3,15,6,2,99,1,22,2,,,,1,2013,601.0,3303,3,1,,30,4,5.0,2.0,4.0
3303,3,7,3,15,6,2,99,1,20,1,,,,1,2013,601.0,3304,3,1,,44,3,3.0,2.0,3.0
3304,3,7,3,13,12,2,99,1,38,1,,,,3,2013,1229.0,3305,6,1,,44,6,3.0,2.0,6.0
3305,3,7,3,22,17,2,99,1,23,1,,,,1,2013,1707.0,3306,3,1,,44,6,3.0,2.0,6.0
3306,3,7,3,22,17,2,99,1,38,1,,,,1,2013,1707.0,3307,6,1,,44,6,3.0,4.0,6.0
3307,4,7,4,4,1,1,10,2,35,2,,,,1,2013,101.0,3308,6,1,,47,6,2.0,4.0,6.0
3308,4,7,4,4,1,1,10,1,42,1,,,,1,2013,101.0,3309,7,1,,19,6,5.0,2.0,6.0
3309,4,7,4,21,9,1,2,1,50,2,,,,1,2013,901.0,3310,9,1,,99,6,1.0,8.0,6.0
3310,4,7,4,21,9,1,2,1,21,1,,,,1,2013,901.0,3311,3,1,,41,5,4.0,3.0,5.0
3311,5,7,5,21,1,1,1,1,27,9,,,,1,2013,101.0,3312,4,1,,2,6,4.0,3.0,6.0
3312,5,7,5,21,1,1,1,1,999,9,,,,1,2013,101.0,3313,11,1,,99,6,99.0,99.0,6.0
3313,5,7,5,23,1,2,18,1,28,9,,,,3,2013,101.0,3314,4,1,,99,6,4.0,4.0,6.0
3314,5,7,5,8,1,2,99,1,999,9,,,,1,2013,102.0,3315,11,1,,99,6,99.0,99.0,6.0
3315,5,7,5,8,1,2,99,1,26,9,,,,1,2013,102.0,3316,4,1,,99,6,4.0,99.0,6.0
3316,5,7,5,23,1,2,99,1,27,9,,,,1,2013,115.0,3317,4,1,,21,6,4.0,1.0,6.0
3317,5,7,5,23,1,2,99,1,999,9,,,,1,2013,115.0,3318,11,1,,99,6,99.0,99.0,6.0
3318,5,7,5,23,1,2,99,1,25,9,,,,3,2013,110.0,3319,4,1,,2,6,4.0,5.0,6.0
3319,5,7,5,19,1,1,10,1,35,9,,,,1,2013,108.0,3320,6,1,,99,6,4.0,99.0,6.0
3320,5,7,5,19,1,1,10,1,999,9,,,,1,2013,108.0,3321,11,1,,99,6,3.0,99.0,6.0
3321,5,7,5,2,9,1,3,1,41,9,,,,2,2013,901.0,3322,7,1,,32,6,3.0,1.0,6.0
3322,5,7,5,7,9,2,99,1,36,9,,,,1,2013,901.0,3323,6,1,,40,6,4.0,6.0,6.0
3323,5,7,5,7,9,2,99,1,19,9,,,,1,2013,920.0,3324,2,1,,24,6,4.0,5.0,6.0
3324,5,7,5,10,9,1,3,1,21,9,,,,1,2013,901.0,3325,3,1,,32,3,1.0,9.0,3.0
3325,5,7,5,10,9,1,3,2,27,9,,,,1,2013,901.0,3326,4,1,,44,4,1.0,2.0,4.0
3326,5,7,5,19,17,2,99,1,28,9,,,,1,2013,1701.0,3327,4,1,,2,4,4.0,1.0,4.0
3327,5,7,5,19,17,2,99,1,999,9,,,,1,2013,1701.0,3328,11,1,,44,4,1.0,4.0,4.0
3328,5,7,5,22,3,2,99,1,999,9,,,,1,2013,301.0,3329,11,1,,32,6,1.0,2.0,6.0
3329,5,7,5,22,3,2,99,1,999,9,,,,1,2013,301.0,3330,11,1,,99,4,3.0,4.0,4.0
3330,6,7,6,0,1,1,3,1,20,9,,,,1,2013,101.0,3331,3,1,,5,6,2.0,9.0,6.0
3331,6,7,6,0,1,1,3,2,29,9,,,,1,2013,101.0,3332,4,1,,99,6,4.0,99.0,6.0
3332,6,7,6,22,1,1,1,1,28,9,,,,1,2013,101.0,3333,4,1,,5,4,1.0,1.0,4.0
3333,6,7,6,22,1,1,1,1,43,9,,,,1,2013,101.0,3334,7,1,,20,4,1.0,3.0,4.0
3334,6,7,6,2,1,1,1,1,25,9,,,,1,2013,101.0,3335,4,1,,44,4,1.0,4.0,4.0
3335,6,7,6,2,1,1,1,1,26,9,,,,1,2013,101.0,3336,4,1,,44,3,1.0,2.0,3.0
3336,6,7,6,4,1,1,1,1,25,9,,,,2,2013,101.0,3337,4,1,,37,6,1.0,9.0,6.0
3337,6,7,6,3,1,1,11,1,37,2,,,,1,2013,101.0,3338,6,1,,34,6,1.0,2.0,6.0
3338,6,7,6,3,1,1,11,1,999,9,,,,1,2013,101.0,3339,11,1,,32,6,1.0,4.0,6.0
3339,6,7,6,22,1,1,12,1,32,9,,,,1,2013,101.0,3340,5,1,,99,6,1.0,4.0,6.0
3340,6,7,6,22,1,1,12,2,25,9,,,,1,2013,101.0,3341,4,1,,42,6,4.0,5.0,6.0
3341,6,7,6,2,1,2,99,1,24,9,,,,2,2013,115.0,3342,3,1,,24,5,4.0,7.0,5.0
3342,6,7,6,17,1,2,99,1,30,9,,,,1,2013,115.0,3343,5,1,,44,3,1.0,4.0,3.0
3343,6,7,6,17,1,2,99,1,24,9,,,,1,2013,115.0,3344,3,1,,99,6,4.0,5.0,6.0
3344,6,7,6,3,1,1,6,1,23,2,,,,2,2013,108.0,3345,3,1,,4,3,1.0,4.0,3.0
3345,6,7,6,4,1,1,3,1,25,2,,,,2,2013,108.0,3346,4,1,,32,6,1.0,11.0,6.0
3346,6,7,6,1,1,1,4,1,999,9,,,,3,2013,108.0,3347,11,1,,2,4,4.0,5.0,4.0
3347,6,7,6,11,1,2,99,1,58,9,,,,1,2013,110.0,3348,10,1,,99,6,1.0,3.0,6.0
3348,6,7,6,11,1,2,99,1,29,9,,,,1,2013,110.0,3349,4,1,,40,6,4.0,7.0,6.0
3349,6,7,6,20,13,2,99,1,31,9,,,,1,2013,1301.0,3350,5,1,,19,6,5.0,99.0,6.0
3350,6,7,6,20,13,2,99,1,31,9,,,,1,2013,1301.0,3351,5,1,,42,6,2.0,6.0,6.0
3351,6,7,6,16,16,2,99,1,37,9,,,,1,2013,1601.0,3352,6,1,,44,4,12.0,2.0,4.0
3352,6,7,6,16,16,2,99,1,43,9,,,,1,2013,1601.0,3353,7,1,,24,6,4.0,1.0,6.0
3353,7,7,7,2,1,1,3,1,36,9,,,,1,2013,101.0,3354,6,1,,32,4,1.0,5.0,4.0
3354,7,7,7,2,1,1,3,1,38,9,,,,1,2013,101.0,3355,6,1,,44,4,1.0,4.0,4.0
3355,7,7,7,3,1,1,1,1,36,9,,,,1,2013,101.0,3356,6,1,,20,5,1.0,2.0,5.0
3356,7,7,7,3,1,1,1,1,26,9,,,,1,2013,101.0,3357,4,1,,21,6,4.0,5.0,6.0
3357,7,7,7,3,1,2,18,1,22,9,,,,2,2013,101.0,3358,3,1,,99,6,4.0,99.0,6.0
3358,7,7,7,0,1,1,7,1,30,9,,,,2,2013,101.0,3359,5,1,,39,3,1.0,6.0,3.0
3359,7,7,7,23,1,1,7,1,999,2,,,,2,2013,101.0,3360,11,1,,99,6,4.0,5.0,6.0
3360,7,7,7,17,22,2,99,1,30,9,,,,1,2013,2201.0,3361,5,1,,2,6,4.0,99.0,6.0
3361,7,7,7,17,22,2,99,1,19,9,,,,1,2013,2201.0,3362,2,1,,42,6,4.0,4.0,6.0
3362,7,7,7,13,19,2,99,1,23,9,,,,1,2013,1901.0,3363,3,1,,99,6,4.0,99.0,6.0
3363,7,7,7,13,19,2,99,1,999,9,,,,1,2013,1901.0,3364,11,1,,99,6,4.0,99.0,6.0
3364,7,7,7,23,5,2,99,1,23,9,,,,3,2013,501.0,3365,3,1,,99,6,4.0,5.0,6.0
3365,7,7,7,20,5,2,99,1,29,2,,,,1,2013,501.0,3366,4,1,,36,4,99.0,2.0,4.0
3366,7,7,7,20,5,2,99,1,16,9,,,,1,2013,501.0,3367,2,2,,41,4,4.0,1.0,4.0
3367,7,7,7,23,5,2,99,1,63,9,,,,2,2013,505.0,3368,10,1,,34,6,1.0,2.0,6.0
3368,7,7,7,23,9,1,1,1,20,9,,,,2,2013,901.0,3369,3,1,,46,6,1.0,2.0,6.0
3369,7,7,7,7,13,2,99,1,29,9,,,,3,2013,1301.0,3370,4,1,,44,2,3.0,1.0,2.0
3370,7,7,7,22,15,2,99,1,24,9,,,,1,2013,1501.0,3371,3,1,,99,2,6.0,2.0,2.0
3371,7,7,7,22,15,2,99,1,49,9,,,,1,2013,1501.0,3372,8,1,,99,6,4.0,99.0,6.0
3372,8,7,1,16,1,1,7,1,39,9,,,,1,2013,101.0,3373,6,1,,34,2,9.0,9.0,2.0
3373,8,7,1,16,1,1,7,2,21,9,,,,1,2013,101.0,3374,3,1,,44,2,1.0,4.0,2.0
3374,8,7,1,7,1,1,7,1,27,9,,,,2,2013,101.0,3375,4,1,,20,6,9.0,6.0,6.0
3375,8,7,1,17,1,2,99,1,29,9,,,,1,2013,115.0,3376,4,1,,15,6,6.0,2.0,6.0
3376,8,7,1,17,1,2,99,1,29,9,,,,1,2013,115.0,3377,4,1,,40,6,4.0,99.0,6.0
3377,8,7,1,8,6,2,99,1,30,9,,,,1,2013,601.0,3378,5,1,,99,6,3.0,99.0,6.0
3378,8,7,1,8,6,2,99,2,26,9,,,,1,2013,601.0,3379,4,1,,2,6,4.0,3.0,6.0
3379,8,7,1,20,9,2,99,1,25,9,,,,1,2013,901.0,3380,4,1,,20,4,2.0,4.0,4.0
3380,8,7,1,20,9,2,99,1,32,9,,,,1,2013,901.0,3381,5,1,,22,3,12.0,2.0,3.0
3381,8,7,1,9,9,2,99,1,42,9,,,,1,2013,901.0,3382,7,1,,22,3,12.0,5.0,3.0
3382,8,7,1,9,9,2,99,1,38,9,,,,1,2013,901.0,3383,6,1,,99,2,5.0,5.0,2.0
3383,8,7,1,19,16,2,99,1,25,9,,,,4,2013,1601.0,3384,4,1,,44,6,3.0,11.0,6.0
3384,8,7,1,8,17,2,99,1,58,9,,,,1,2013,1701.0,3385,10,1,,99,6,4.0,99.0,6.0
3385,8,7,1,8,17,2,99,1,999,9,,,,1,2013,1701.0,3386,11,1,,99,6,1.0,99.0,6.0
3386,8,7,1,1,4,2,99,1,23,9,,,,1,2013,401.0,3387,3,1,,21,3,1.0,16.0,3.0
3387,8,7,1,1,4,2,99,1,40,9,,,,1,2013,401.0,3388,7,1,,44,3,3.0,2.0,3.0
3388,9,7,2,13,22,2,99,1,30,9,,,,2,2013,2201.0,3389,5,1,,24,5,4.0,1.0,5.0
3389,9,7,2,3,20,1,99,1,47,2,,,,2,2013,2001.0,3390,8,1,,99,5,4.0,3.0,5.0
3390,9,7,2,23,5,2,99,1,34,2,,,,4,2013,505.0,3391,5,1,,44,6,1.0,2.0,6.0
3391,9,7,2,20,1,1,21,1,55,1,,,,1,2013,101.0,3392,10,1,,13,3,11.0,5.0,3.0
3392,9,7,2,20,1,1,21,1,32,1,,,,1,2013,101.0,3393,5,1,,46,6,4.0,2.0,6.0
3393,9,7,2,8,6,2,99,1,999,9,,,,3,2013,604.0,3394,11,1,,44,6,3.0,7.0,6.0
3394,9,7,2,17,10,2,99,1,34,2,,,,1,2013,1001.0,3395,5,1,,2,5,14.0,1.0,5.0
3395,9,7,2,17,10,2,99,1,32,1,,,,1,2013,1001.0,3396,5,1,,34,2,9.0,11.0,2.0
3396,9,7,2,10,1,1,5,1,32,1,,,,1,2013,108.0,3397,5,1,,44,6,1.0,6.0,6.0
3397,9,7,2,10,1,1,5,1,47,1,,,,1,2013,108.0,3398,8,1,,99,6,4.0,4.0,6.0
3398,10,7,3,7,1,1,9,1,62,1,,,,1,2013,101.0,3399,10,1,,20,6,1.0,6.0,6.0
3399,10,7,3,7,1,1,9,1,23,1,,,,1,2013,101.0,3400,3,1,,20,6,7.0,99.0,6.0
3400,10,7,3,10,1,1,4,1,40,1,,,,2,2013,101.0,3401,7,1,,99,6,4.0,99.0,6.0
3401,10,7,3,10,1,1,9,1,22,1,,,,2,2013,101.0,3402,3,1,,99,6,4.0,99.0,6.0
3402,10,7,3,3,1,1,16,1,20,1,,,,3,2013,101.0,3403,3,1,,42,6,2.0,2.0,6.0
3403,10,7,3,8,1,1,12,1,56,1,,,,2,2013,101.0,3404,10,1,,99,6,4.0,99.0,6.0
3404,10,7,3,19,1,2,99,1,22,1,,,,1,2013,117.0,3405,3,1,,40,6,4.0,5.0,6.0
3405,10,7,3,19,1,2,99,1,43,1,,,,1,2013,117.0,3406,7,1,,30,5,2.0,4.0,5.0
3406,10,7,3,4,1,1,1,1,47,1,,,,3,2013,115.0,3407,8,1,,99,6,4.0,99.0,6.0
3407,10,7,3,20,1,1,7,1,53,1,,,,1,2013,108.0,3408,9,1,,99,4,4.0,1.0,4.0
3408,10,7,3,20,1,1,7,1,28,1,,,,1,2013,108.0,3409,4,1,,42,4,4.0,4.0,4.0
3409,10,7,3,8,19,2,99,1,55,1,,,,1,2013,1904.0,3410,10,1,,33,4,12.0,4.0,4.0
3410,10,7,3,8,19,2,99,1,49,1,,,,1,2013,1904.0,3411,8,1,,99,6,4.0,99.0,6.0
3411,10,7,3,16,5,2,99,1,47,1,,,,3,2013,511.0,3412,8,1,,42,6,2.0,6.0,6.0
3412,10,7,3,23,6,2,99,1,21,2,,,,1,2013,603.0,3413,3,1,,23,3,3.0,2.0,3.0
3413,10,7,3,23,6,2,99,1,35,1,,,,1,2013,603.0,3414,6,1,,44,3,3.0,6.0,3.0
3414,10,7,3,21,17,2,99,1,35,1,,,,2,2013,1701.0,3415,6,1,,99,6,4.0,99.0,6.0
3415,10,7,3,5,3,2,99,1,999,1,,,,1,2013,304.0,3416,11,1,,13,6,7.0,7.0,6.0
3416,10,7,3,5,3,2,99,1,999,1,,,,1,2013,304.0,3417,11,1,,13,6,3.0,99.0,6.0
3417,10,7,3,19,3,2,99,1,999,2,,,,3,2013,301.0,3418,11,1,,99,6,7.0,11.0,6.0
3418,11,7,4,19,1,2,99,1,20,1,,,,2,2013,106.0,3419,3,1,,3,6,12.0,1.0,6.0
3419,11,7,4,22,1,1,5,2,20,1,,,,1,2013,101.0,3420,3,1,,44,6,1.0,4.0,6.0
3420,11,7,4,22,1,1,5,1,65,1,,,,1,2013,101.0,3421,10,1,,20,4,1.0,16.0,4.0
3421,11,7,4,16,1,1,1,1,33,1,,,,1,2013,115.0,3422,5,1,,5,6,1.0,99.0,6.0
3422,11,7,4,16,1,1,1,1,61,1,,,,1,2013,115.0,3423,10,1,,40,6,4.0,3.0,6.0
3423,11,7,4,22,1,2,99,1,27,2,,,,1,2013,115.0,3424,4,1,,44,6,3.0,3.0,6.0
3424,11,7,4,22,1,2,99,1,24,1,,,,1,2013,115.0,3425,3,1,,99,3,1.0,4.0,3.0
3425,11,7,4,19,1,2,99,1,28,1,,,,3,2013,115.0,3426,4,1,,99,6,4.0,99.0,6.0
3426,11,7,4,0,1,1,7,1,20,2,,,,2,2013,108.0,3427,3,1,,24,6,4.0,1.0,6.0
3427,11,7,4,17,1,1,2,1,27,1,,,,3,2013,108.0,3428,4,1,,99,6,4.0,99.0,6.0
3428,11,7,4,17,1,1,6,2,25,1,,,,3,2013,108.0,3429,4,1,,99,6,4.0,99.0,6.0
3429,11,7,4,22,10,2,99,1,19,2,,,,2,2013,1002.0,3430,2,1,,13,4,2.0,14.0,4.0
3430,11,7,4,21,9,2,99,1,42,2,,,,1,2013,901.0,3431,7,1,,34,6,2.0,3.0,6.0
3431,11,7,4,21,9,2,99,2,53,1,,,,1,2013,901.0,3432,9,1,,34,6,3.0,5.0,6.0
3432,11,7,4,21,12,2,99,1,59,1,,,,1,2013,1222.0,3433,10,1,,99,6,5.0,99.0,6.0
3433,11,7,4,21,12,2,99,1,34,1,,,,1,2013,1222.0,3434,5,1,,22,3,5.0,1.0,3.0
3434,11,7,4,21,12,2,99,2,999,1,,,,1,2013,1222.0,3435,11,1,,44,6,1.0,4.0,6.0
3435,12,7,5,1,1,1,10,1,33,1,,,,1,2013,101.0,3436,5,1,,37,6,10.0,2.0,6.0
3436,12,7,5,1,1,1,10,1,30,9,,,,1,2013,101.0,3437,5,1,,99,6,1.0,2.0,6.0
3437,12,7,5,21,1,2,99,1,20,9,,,,2,2013,115.0,3438,3,1,,42,6,4.0,1.0,6.0
3438,12,7,5,21,1,2,99,1,20,9,,,,2,2013,115.0,3439,3,1,,42,6,4.0,1.0,6.0
3439,12,7,5,4,13,1,8,1,25,2,,,,3,2013,1301.0,3440,4,1,,40,6,4.0,5.0,6.0
3440,12,7,5,10,2,2,99,1,61,1,,,,1,2013,204.0,3441,10,1,,20,6,1.0,4.0,6.0
3441,12,7,5,10,2,2,99,1,28,1,,,,1,2013,204.0,3442,4,1,,42,5,4.0,5.0,5.0
3442,12,7,5,14,17,2,99,1,23,2,,,,1,2013,1712.0,3443,3,1,,42,6,4.0,6.0,6.0
3443,12,7,5,14,17,2,99,2,17,1,,,,1,2013,1712.0,3444,2,2,,21,5,4.0,1.0,5.0
3444,12,7,5,21,7,2,99,1,20,2,,,,2,2013,719.0,3445,3,1,,44,6,3.0,1.0,6.0
3445,12,7,5,10,1,2,99,1,28,2,,,,1,2013,115.0,3446,4,1,,32,6,1.0,4.0,6.0
3446,12,7,5,10,1,2,99,1,999,2,,,,1,2013,115.0,3447,11,1,,2,5,4.0,4.0,5.0
3447,12,7,5,23,1,1,1,2,35,2,,,,1,2013,101.0,3448,6,1,,13,4,1.0,7.0,4.0
3448,12,7,5,23,1,1,1,1,29,1,,,,1,2013,101.0,3449,4,1,,37,4,1.0,2.0,4.0
3449,13,7,6,0,1,1,1,1,25,2,,,,1,2013,101.0,3450,4,1,,32,3,1.0,2.0,3.0
3450,13,7,6,0,1,1,1,1,999,9,,,,1,2013,101.0,3451,11,1,,34,6,1.0,7.0,6.0
3451,13,7,6,3,1,1,99,1,23,2,,,,1,2013,105.0,3452,3,1,,32,6,1.0,4.0,6.0
3452,13,7,6,3,1,1,99,1,37,1,,,,1,2013,105.0,3453,6,1,,44,6,3.0,5.0,6.0
3453,13,7,6,5,1,2,99,1,34,2,,,,1,2013,103.0,3454,5,1,,37,6,1.0,3.0,6.0
3454,13,7,6,5,1,2,99,2,45,1,,,,1,2013,103.0,3455,8,1,,32,6,1.0,3.0,6.0
3455,13,7,6,5,1,2,99,1,999,9,,,,1,2013,103.0,3456,11,1,,21,3,1.0,6.0,3.0
3456,13,7,6,3,1,1,11,1,34,9,,,,1,2013,101.0,3457,5,1,,20,6,2.0,2.0,6.0
3457,13,7,6,3,1,1,11,1,23,9,,,,1,2013,101.0,3458,3,1,,20,6,2.0,3.0,6.0
3458,13,7,6,5,1,1,11,1,30,9,,,,1,2013,101.0,3459,5,1,,33,6,5.0,6.0,6.0
3459,13,7,6,5,1,1,11,1,34,9,,,,1,2013,101.0,3460,5,1,,37,6,3.0,5.0,6.0
3460,13,7,6,16,1,1,12,1,23,2,,,,3,2013,101.0,3461,3,1,,21,6,1.0,1.0,6.0
3461,13,7,6,22,1,2,99,1,33,9,,,,3,2013,116.0,3462,5,1,,24,6,4.0,5.0,6.0
3462,13,7,6,21,22,1,1,1,27,2,,,,1,2013,2201.0,3463,4,1,,44,6,3.0,4.0,6.0
3463,13,7,6,21,22,1,1,1,999,9,,,,1,2013,2201.0,3464,11,1,,44,6,3.0,99.0,6.0
3464,13,7,6,13,19,2,99,1,21,2,,,,1,2013,1903.0,3465,3,1,,37,6,1.0,2.0,6.0
3465,13,7,6,13,19,2,99,1,50,1,,,,1,2013,1903.0,3466,9,1,,4,6,1.0,5.0,6.0
3466,13,7,6,21,5,2,99,1,24,2,,,,3,2013,501.0,3467,3,1,,5,6,1.0,99.0,6.0
3467,13,7,6,21,10,2,99,1,19,2,,,,4,2013,1015.0,3468,2,1,,2,6,4.0,1.0,6.0
3468,13,7,6,17,9,2,99,1,999,9,,,,1,2013,919.0,3469,11,1,,99,6,3.0,99.0,6.0
3469,13,7,6,17,9,2,99,1,21,1,,,,1,2013,919.0,3470,3,1,,21,6,4.0,5.0,6.0
3470,13,7,6,14,7,2,99,1,39,1,,,,1,2013,706.0,3471,6,1,,44,6,9.0,6.0,6.0
3471,13,7,6,21,4,2,99,1,31,1,,,,2,2013,406.0,3472,5,1,,44,3,3.0,1.0,3.0
3472,13,7,6,21,4,2,99,1,999,9,,,,2,2013,406.0,3473,11,1,,33,6,5.0,2.0,6.0
3473,14,7,7,16,1,1,7,1,20,9,,,,1,2013,101.0,3474,3,1,,99,6,4.0,1.0,6.0
3474,14,7,7,16,1,1,7,1,999,9,,,,1,2013,101.0,3475,11,1,,24,6,4.0,5.0,6.0
3475,14,7,7,2,1,1,8,1,25,9,,,,1,2013,108.0,3476,4,1,,44,6,1.0,3.0,6.0
3476,14,7,7,2,1,1,8,1,30,9,,,,1,2013,108.0,3477,5,1,,37,6,3.0,4.0,6.0
3477,14,7,7,17,5,2,99,1,34,9,,,,1,2013,501.0,3478,5,1,,37,6,3.0,1.0,6.0
3478,14,7,7,17,5,2,99,1,26,9,,,,1,2013,501.0,3479,4,1,,13,6,3.0,2.0,6.0
3479,14,7,7,17,5,2,99,1,32,9,,,,1,2013,501.0,3480,5,1,,32,6,3.0,4.0,6.0
3480,14,7,7,23,5,2,99,1,25,9,,,,1,2013,511.0,3481,4,1,,37,6,3.0,2.0,6.0
3481,14,7,7,23,5,2,99,1,24,9,,,,1,2013,511.0,3482,3,1,,42,6,4.0,3.0,6.0
3482,14,7,7,23,8,2,99,1,34,9,,,,1,2013,801.0,3483,5,1,,44,6,3.0,5.0,6.0
3483,14,7,7,23,8,2,99,2,34,9,,,,1,2013,801.0,3484,5,1,,5,6,1.0,4.0,6.0
3484,15,7,1,20,1,1,6,1,24,9,,,,1,2013,105.0,3485,3,1,,39,6,9.0,2.0,6.0
3485,15,7,1,20,1,1,6,1,20,9,,,,1,2013,105.0,3486,3,1,,99,5,4.0,1.0,5.0
3486,15,7,1,11,1,2,99,2,23,9,,,,1,2013,102.0,3487,3,1,,37,5,1.0,4.0,5.0
3487,15,7,1,11,1,2,99,1,23,9,,,,1,2013,102.0,3488,3,1,,2,4,4.0,5.0,4.0
3488,15,7,1,12,1,2,99,1,28,9,,,,1,2013,115.0,3489,4,1,,22,3,12.0,1.0,3.0
3489,15,7,1,12,1,2,99,1,32,9,,,,1,2013,115.0,3490,5,1,,2,6,4.0,1.0,6.0
3490,15,7,1,10,10,2,99,1,16,9,,,,1,2013,1001.0,3491,2,2,,21,6,4.0,5.0,6.0
3491,15,7,1,10,10,2,99,1,36,9,,,,1,2013,1001.0,3492,6,1,,2,6,4.0,3.0,6.0
3492,15,7,1,23,18,2,99,1,24,9,,,,1,2013,1801.0,3493,3,1,,42,6,4.0,5.0,6.0
3493,15,7,1,23,18,2,99,1,23,9,,,,1,2013,1801.0,3494,3,1,,14,6,4.0,1.0,6.0
3494,15,7,1,1,14,2,99,1,40,9,,,,1,2013,1401.0,3495,7,1,,44,4,3.0,4.0,4.0
3495,15,7,1,1,14,2,99,1,29,9,,,,1,2013,1401.0,3496,4,1,,46,4,1.0,4.0,4.0
3496,16,7,2,15,1,1,18,1,24,9,,,,1,2013,101.0,3497,3,1,,99,6,4.0,3.0,6.0
3497,16,7,2,15,1,1,18,1,999,9,,,,1,2013,101.0,3498,11,1,,99,6,99.0,99.0,6.0
3498,16,7,2,23,1,2,99,1,30,9,,,,1,2013,115.0,3499,5,1,,24,5,4.0,5.0,5.0
3499,16,7,2,23,1,2,99,1,57,9,,,,1,2013,115.0,3500,10,1,,13,6,12.0,6.0,6.0
3500,16,7,2,17,1,1,8,1,28,9,,,,1,2013,110.0,3501,4,1,,40,6,4.0,1.0,6.0
3501,16,7,2,17,1,1,8,1,22,9,,,,1,2013,110.0,3502,3,1,,44,6,3.0,1.0,6.0
3502,16,7,2,17,19,2,99,1,56,9,,,,1,2013,1901.0,3503,10,1,,32,3,3.0,9.0,3.0
3503,16,7,2,17,19,2,99,2,28,9,,,,1,2013,1901.0,3504,4,1,,14,4,4.0,5.0,4.0
3504,16,7,2,0,16,2,99,1,27,9,,,,1,2013,1601.0,3505,4,1,,44,5,3.0,2.0,5.0
3505,16,7,2,0,16,2,99,1,999,9,,,,1,2013,1601.0,3506,11,1,,5,6,1.0,9.0,6.0
3506,16,7,2,23,14,2,99,1,26,9,,,,2,2013,1401.0,3507,4,1,,32,6,1.0,11.0,6.0
3507,16,7,2,0,7,2,99,1,28,9,,,,1,2013,701.0,3508,4,1,,42,6,4.0,3.0,6.0
3508,16,7,2,0,7,2,99,1,21,9,,,,1,2013,701.0,3509,3,1,,44,6,3.0,3.0,6.0
3509,17,7,3,23,1,1,9,1,28,9,,,,1,2013,101.0,3510,4,1,,13,6,2.0,4.0,6.0
3510,17,7,3,23,1,1,9,1,47,9,,,,1,2013,101.0,3511,8,1,,44,6,10.0,6.0,6.0
3511,17,7,3,1,1,2,99,1,25,9,,,,1,2013,102.0,3512,4,1,,32,4,1.0,5.0,4.0
3512,17,7,3,1,1,2,99,1,23,9,,,,1,2013,102.0,3513,3,1,,44,5,9.0,2.0,5.0
3513,17,7,3,20,1,1,12,1,23,9,,,,1,2013,101.0,3514,3,1,,42,6,4.0,1.0,6.0
3514,17,7,3,20,1,1,12,1,999,9,,,,1,2013,101.0,3515,11,1,,99,6,99.0,99.0,6.0
3515,17,7,3,16,1,1,5,1,27,9,,,,1,2013,115.0,3516,4,1,,99,6,4.0,3.0,6.0
3516,17,7,3,16,1,1,5,1,32,9,,,,1,2013,115.0,3517,5,1,,44,6,3.0,4.0,6.0
3517,17,7,3,19,21,2,99,1,31,9,,,,2,2013,2101.0,3518,5,1,,13,6,2.0,1.0,6.0
3518,17,7,3,17,6,2,99,1,37,9,,,,1,2013,601.0,3519,6,1,,42,3,2.0,5.0,3.0
3519,17,7,3,17,6,2,99,1,24,9,,,,1,2013,601.0,3520,3,1,,99,6,4.0,5.0,6.0
3520,17,7,3,9,6,2,99,1,35,9,,,,1,2013,601.0,3521,6,1,,2,6,4.0,99.0,6.0
3521,17,7,3,9,6,2,99,1,999,9,,,,1,2013,601.0,3522,11,1,,99,6,3.0,99.0,6.0
3522,17,7,3,20,18,2,99,1,40,9,,,,1,2013,1801.0,3523,7,1,,21,6,4.0,2.0,6.0
3523,17,7,3,20,18,2,99,1,999,9,,,,1,2013,1801.0,3524,11,1,,99,6,6.0,1.0,6.0
3524,17,7,3,23,18,2,99,1,26,9,,,,1,2013,1801.0,3525,4,1,,15,6,6.0,1.0,6.0
3525,17,7,3,23,18,2,99,1,50,9,,,,1,2013,1801.0,3526,9,1,,99,6,12.0,2.0,6.0
3526,18,7,4,14,1,1,1,1,51,9,,,,1,2013,101.0,3527,9,1,,2,6,4.0,5.0,6.0
3527,18,7,4,14,1,1,1,1,61,9,,,,1,2013,101.0,3528,10,1,,46,5,2.0,4.0,5.0
3528,18,7,4,2,1,1,3,1,35,2,,,,2,2013,110.0,3529,6,1,,23,6,3.0,4.0,6.0
3529,18,7,4,2,22,2,99,1,28,9,,,,4,2013,2201.0,3530,4,1,,32,6,1.0,11.0,6.0
3530,18,7,4,9,20,2,99,1,16,9,,,,3,2013,2001.0,3531,2,2,,99,6,4.0,99.0,6.0
3531,18,7,4,11,5,2,99,1,36,9,,,,2,2013,501.0,3532,6,1,,13,6,3.0,6.0,6.0
3532,18,7,4,21,5,2,99,1,38,9,,,,1,2013,501.0,3533,6,1,,44,6,3.0,5.0,6.0
3533,18,7,4,21,5,2,99,1,999,9,,,,1,2013,501.0,3534,11,1,,99,6,2.0,99.0,6.0
3534,18,7,4,16,10,2,99,1,40,9,,,,1,2013,1001.0,3535,7,1,,99,2,12.0,2.0,2.0
3535,18,7,4,16,10,2,99,1,36,9,,,,1,2013,1001.0,3536,6,1,,42,6,4.0,5.0,6.0
3536,18,7,4,0,11,1,1,1,999,9,,,,1,2013,1101.0,3537,11,1,,32,6,1.0,99.0,6.0
3537,18,7,4,0,11,1,1,1,23,9,,,,1,2013,1101.0,3538,3,1,,42,6,4.0,99.0,6.0
3538,18,7,4,19,9,2,99,1,25,9,,,,1,2013,901.0,3539,4,1,,44,5,3.0,2.0,5.0
3539,18,7,4,19,9,2,99,1,27,9,,,,1,2013,901.0,3540,4,1,,44,5,3.0,2.0,5.0
3540,18,7,4,16,12,2,99,1,29,9,,,,1,2013,1201.0,3541,4,1,,99,6,3.0,99.0,6.0
3541,18,7,4,16,12,2,99,1,999,9,,,,1,2013,1201.0,3542,11,1,,99,6,99.0,99.0,6.0
3542,18,7,4,13,16,2,99,1,34,9,,,,1,2013,1601.0,3543,5,1,,20,4,1.0,2.0,4.0
3543,18,7,4,13,16,2,99,1,28,9,,,,1,2013,1601.0,3544,4,1,,32,6,1.0,5.0,6.0
3544,19,7,5,9,1,1,1,1,30,1,,,,1,2013,101.0,3545,5,1,,33,3,12.0,1.0,3.0
3545,19,7,5,9,1,1,1,2,35,1,,,,1,2013,101.0,3546,6,1,,44,3,1.0,9.0,3.0
3546,19,7,5,17,1,1,4,1,54,1,,,,1,2013,101.0,3547,9,1,,5,3,1.0,2.0,3.0
3547,19,7,5,17,1,1,4,1,22,1,,,,1,2013,101.0,3548,3,1,,2,4,4.0,3.0,4.0
3548,19,7,5,18,1,1,8,1,30,2,,,,1,2013,101.0,3549,5,1,,37,4,1.0,3.0,4.0
3549,19,7,5,18,1,1,8,1,48,1,,,,1,2013,101.0,3550,8,1,,37,2,1.0,4.0,2.0
3550,19,7,5,16,1,1,13,1,999,9,,,,3,2013,101.0,3551,11,1,,22,3,12.0,2.0,3.0
3551,19,7,5,22,1,1,12,1,33,2,,,,1,2013,101.0,3552,5,1,,20,3,1.0,2.0,3.0
3552,19,7,5,22,1,1,12,2,31,1,,,,1,2013,101.0,3553,5,1,,14,4,4.0,5.0,4.0
3553,19,7,5,18,1,1,7,1,999,9,,,,1,2013,101.0,3554,11,1,,99,6,1.0,2.0,6.0
3554,19,7,5,18,1,1,7,1,20,1,,,,1,2013,101.0,3555,3,1,,44,4,1.0,4.0,4.0
3555,19,7,5,0,1,2,99,1,999,1,,,,3,2013,114.0,3556,11,1,,2,6,4.0,5.0,6.0
3556,19,7,5,18,1,1,4,1,46,1,,,,1,2013,108.0,3557,8,1,,37,2,3.0,5.0,2.0
3557,19,7,5,18,1,1,4,1,999,1,,,,1,2013,108.0,3558,11,1,,21,6,4.0,1.0,6.0
3558,19,7,5,1,5,2,99,1,19,9,,,,1,2013,502.0,3559,2,1,,99,6,4.0,99.0,6.0
3559,19,7,5,1,5,2,99,1,999,9,,,,1,2013,502.0,3560,11,1,,99,6,5.0,99.0,6.0
3560,19,7,5,21,9,1,1,1,25,1,,,,2,2013,901.0,3561,4,1,,42,6,2.0,3.0,6.0
3561,19,7,5,21,13,2,99,1,26,2,,,,1,2013,1323.0,3562,4,1,,34,3,5.0,2.0,3.0
3562,19,7,5,21,13,2,99,1,26,1,,,,1,2013,1323.0,3563,4,1,,44,3,3.0,2.0,3.0
3563,19,7,5,6,18,2,99,2,24,1,,,,1,2013,1801.0,3564,3,1,,32,5,3.0,4.0,5.0
3564,19,7,5,6,18,2,99,2,999,1,,,,1,2013,1801.0,3565,11,1,,99,6,4.0,3.0,6.0
3565,19,7,5,17,7,2,99,1,45,2,,,,1,2013,719.0,3566,8,1,,34,3,2.0,3.0,3.0
3566,19,7,5,17,7,2,99,1,38,1,,,,1,2013,719.0,3567,6,1,,2,5,4.0,1.0,5.0
3567,20,7,6,17,21,2,99,1,18,1,,,,2,2013,2107.0,3568,2,1,,99,6,4.0,1.0,6.0
3568,20,7,6,14,5,2,99,1,999,9,,,,3,2013,501.0,3569,11,1,,22,3,7.0,99.0,3.0
3569,20,7,6,18,11,1,1,1,60,9,,,,1,2013,1101.0,3570,10,1,,44,6,2.0,6.0,6.0
3570,20,7,6,18,11,1,1,1,31,9,,,,1,2013,1101.0,3571,5,1,,2,4,14.0,1.0,4.0
3571,21,7,7,19,1,1,1,1,999,9,,,,1,2013,101.0,3572,11,1,,99,6,99.0,99.0,6.0
3572,21,7,7,8,1,1,6,1,26,1,,,,1,2013,101.0,3573,4,1,,42,6,4.0,2.0,6.0
3573,21,7,7,8,1,1,6,1,27,1,,,,1,2013,101.0,3574,4,1,,99,6,2.0,99.0,6.0
3574,21,7,7,20,1,1,12,1,27,9,,,,1,2013,101.0,3575,4,1,,21,6,1.0,2.0,6.0
3575,21,7,7,20,1,1,12,2,44,9,,,,1,2013,101.0,3576,7,1,,44,6,3.0,99.0,6.0
3576,21,7,7,10,1,1,7,1,21,2,,,,2,2013,101.0,3577,3,1,,21,6,1.0,5.0,6.0
3577,21,7,7,14,1,1,7,2,37,1,,,,1,2013,101.0,3578,6,1,,20,6,1.0,14.0,6.0
3578,21,7,7,14,1,1,7,1,21,1,,,,1,2013,101.0,3579,3,1,,24,6,4.0,1.0,6.0
3579,21,7,7,14,1,1,1,1,32,9,,,,2,2013,108.0,3580,5,1,,20,4,1.0,2.0,4.0
3580,21,7,7,22,22,2,99,1,58,9,,,,1,2013,2214.0,3581,10,1,,44,4,3.0,4.0,4.0
3581,21,7,7,22,22,2,99,1,43,9,,,,1,2013,2214.0,3582,7,1,,20,6,1.0,4.0,6.0
3582,21,7,7,21,9,2,99,1,55,9,,,,1,2013,901.0,3583,10,1,,32,6,1.0,3.0,6.0
3583,21,7,7,21,9,2,99,1,30,9,,,,1,2013,901.0,3584,5,1,,9,6,3.0,8.0,6.0
3584,21,7,7,15,9,1,1,1,20,2,,,,2,2013,901.0,3585,3,1,,44,6,3.0,1.0,6.0
3585,21,7,7,19,12,2,99,1,999,9,,,,1,2013,1201.0,3586,11,1,,99,6,99.0,99.0,6.0
3586,21,7,7,19,12,2,99,2,43,9,,,,1,2013,1201.0,3587,7,1,,99,6,99.0,99.0,6.0
3587,21,7,7,1,13,1,4,1,34,9,,,,1,2013,1301.0,3588,5,1,,24,5,4.0,1.0,5.0
3588,21,7,7,1,13,1,4,1,999,9,,,,1,2013,1301.0,3589,11,1,,20,6,3.0,3.0,6.0
3589,21,7,7,23,2,2,99,1,999,9,,,,1,2013,204.0,3590,11,1,,99,6,99.0,99.0,6.0
3590,21,7,7,23,2,2,99,1,28,1,,,,1,2013,204.0,3591,4,1,,41,6,4.0,3.0,6.0
3591,21,7,7,8,14,2,99,1,45,1,,,,1,2013,1401.0,3592,8,1,,22,6,7.0,7.0,6.0
3592,21,7,7,8,14,2,99,1,29,1,,,,1,2013,1401.0,3593,4,1,,44,6,3.0,5.0,6.0
3593,21,7,7,2,4,2,99,1,30,1,,,,1,2013,401.0,3594,5,1,,99,6,5.0,2.0,6.0
3594,21,7,7,2,4,2,99,1,999,9,,,,1,2013,401.0,3595,11,1,,33,6,5.0,6.0,6.0
3595,22,7,1,23,1,1,1,1,42,1,,,,1,2013,101.0,3596,7,1,,20,5,1.0,2.0,5.0
3596,22,7,1,23,1,1,1,1,24,1,,,,1,2013,101.0,3597,3,1,,13,4,1.0,6.0,4.0
3597,22,7,1,6,1,1,15,2,17,1,,,,1,2013,101.0,3598,2,2,,21,6,1.0,14.0,6.0
3598,22,7,1,6,1,1,15,2,34,9,,,,1,2013,101.0,3599,5,1,,34,4,1.0,3.0,4.0
3599,22,7,1,23,1,1,7,1,30,1,,,,1,2013,101.0,3600,5,1,,42,6,4.0,1.0,6.0
3600,22,7,1,23,1,1,7,1,27,1,,,,1,2013,101.0,3601,4,1,,44,6,3.0,5.0,6.0
3601,22,7,1,0,22,1,1,1,55,2,,,,1,2013,2201.0,3602,10,1,,44,6,2.0,5.0,6.0
3602,22,7,1,0,22,1,1,1,999,9,,,,1,2013,2201.0,3603,11,1,,21,6,1.0,2.0,6.0
3603,22,7,1,11,22,2,99,1,31,1,,,,1,2013,2201.0,3604,5,1,,44,2,1.0,1.0,2.0
3604,22,7,1,11,22,2,99,1,28,1,,,,1,2013,2201.0,3605,4,1,,37,6,1.0,8.0,6.0
3605,22,7,1,21,21,1,99,1,46,1,,,,1,2013,2101.0,3606,8,1,,44,3,3.0,1.0,3.0
3606,22,7,1,21,21,1,99,1,19,1,,,,1,2013,2101.0,3607,2,1,,42,5,4.0,5.0,5.0
3607,22,7,1,16,11,1,99,1,38,2,,,,1,2013,1101.0,3608,6,1,,37,6,1.0,4.0,6.0
3608,22,7,1,16,11,1,99,1,38,1,,,,1,2013,1101.0,3609,6,1,,44,6,1.0,2.0,6.0
3609,22,7,1,12,11,2,99,1,27,1,,,,1,2013,1105.0,3610,4,1,,44,6,12.0,4.0,6.0
3610,22,7,1,12,11,2,99,1,999,9,,,,1,2013,1105.0,3611,11,1,,33,6,5.0,2.0,6.0
3611,23,7,2,19,20,2,99,1,999,9,,,,1,2013,2011.0,3612,11,1,,21,6,1.0,9.0,6.0
3612,23,7,2,14,20,2,99,1,15,9,,,,2,2013,2001.0,3613,2,2,,99,6,4.0,99.0,6.0
3613,23,7,2,20,9,1,2,1,57,1,,,,3,2013,901.0,3614,10,1,,2,6,4.0,9.0,6.0
3614,23,7,2,18,16,2,99,1,56,1,,,,1,2013,1613.0,3615,10,1,,44,6,3.0,4.0,6.0
3615,23,7,2,18,16,2,99,1,28,1,,,,1,2013,1613.0,3616,4,1,,30,5,5.0,2.0,5.0
3616,23,7,2,18,16,2,99,1,54,1,,,,1,2013,1613.0,3617,9,1,,30,5,5.0,2.0,5.0
3617,23,7,2,4,18,2,99,1,999,9,,,,2,2013,1801.0,3618,11,1,,99,6,3.0,7.0,6.0
3618,23,7,2,13,5,2,99,1,43,1,,,,3,2013,502.0,3619,7,1,,44,6,3.0,6.0,6.0
3619,23,7,2,16,7,2,99,1,40,1,,,,4,2013,701.0,3620,7,1,,99,6,7.0,1.0,6.0
3620,23,7,2,19,4,2,99,1,40,1,,,,1,2013,407.0,3621,7,1,,34,3,2.0,9.0,3.0
3621,23,7,2,19,4,2,99,1,25,1,,,,1,2013,407.0,3622,4,1,,32,6,2.0,4.0,6.0
3622,24,7,3,21,1,1,1,1,20,1,,,,1,2013,101.0,3623,3,1,,2,5,4.0,5.0,5.0
3623,24,7,3,21,1,1,1,1,999,1,,,,1,2013,101.0,3624,11,1,,99,6,12.0,3.0,6.0
3624,24,7,3,21,1,1,1,1,999,1,,,,1,2013,101.0,3625,11,1,,30,3,2.0,9.0,3.0
3625,24,7,3,13,1,1,12,1,32,1,,,,1,2013,101.0,3626,5,1,,34,4,1.0,2.0,4.0
3626,24,7,3,13,1,1,12,1,999,1,,,,1,2013,101.0,3627,11,1,,30,6,2.0,14.0,6.0
3627,24,7,3,21,1,1,7,1,37,1,,,,1,2013,101.0,3628,6,1,,37,6,1.0,4.0,6.0
3628,24,7,3,21,1,1,7,1,999,1,,,,1,2013,101.0,3629,11,1,,32,6,1.0,2.0,6.0
3629,24,7,3,12,1,2,99,1,42,1,,,,4,2013,115.0,3630,7,1,,29,6,5.0,2.0,6.0
3630,24,7,3,23,22,2,99,1,27,1,,,,1,2013,2201.0,3631,4,1,,30,6,5.0,2.0,6.0
3631,24,7,3,23,22,2,99,1,999,1,,,,1,2013,2201.0,3632,11,1,,99,6,5.0,99.0,6.0
3632,24,7,3,17,10,2,99,1,21,1,,,,1,2013,1001.0,3633,3,1,,2,4,4.0,5.0,4.0
3633,24,7,3,17,10,2,99,1,31,1,,,,1,2013,1001.0,3634,5,1,,42,4,4.0,3.0,4.0
3634,24,7,3,21,18,2,99,1,42,1,,,,1,2013,1801.0,3635,7,1,,34,5,3.0,5.0,5.0
3635,24,7,3,21,18,2,99,1,34,1,,,,1,2013,1801.0,3636,5,1,,44,5,3.0,2.0,5.0
3636,24,7,3,23,4,2,99,1,999,1,,,,1,2013,401.0,3637,11,1,,32,4,3.0,2.0,4.0
3637,24,7,3,23,4,2,99,1,999,1,,,,1,2013,401.0,3638,11,1,,15,6,5.0,2.0,6.0
3638,25,7,4,20,1,1,3,1,72,1,,,,1,2013,101.0,3639,10,1,,44,6,1.0,6.0,6.0
3639,25,7,4,20,1,1,3,1,22,1,,,,1,2013,101.0,3640,3,1,,24,6,4.0,5.0,6.0
3640,25,7,4,1,1,2,99,1,24,1,,,,2,2013,102.0,3641,3,1,,1,5,2.0,5.0,5.0
3641,25,7,4,18,1,1,11,1,30,1,,,,1,2013,101.0,3642,5,1,,5,6,1.0,2.0,6.0
3642,25,7,4,18,1,1,11,2,999,1,,,,1,2013,101.0,3643,11,1,,99,6,9.0,99.0,6.0
3643,25,7,4,2,1,1,12,1,29,1,,,,1,2013,101.0,3644,4,1,,44,4,1.0,2.0,4.0
3644,25,7,4,2,1,1,12,1,999,1,,,,1,2013,101.0,3645,11,1,,18,3,3.0,5.0,3.0
3645,25,7,4,2,1,1,7,1,26,1,,,,1,2013,101.0,3646,4,1,,42,6,4.0,5.0,6.0
3646,25,7,4,2,1,1,7,1,999,1,,,,1,2013,101.0,3647,11,1,,99,6,1.0,2.0,6.0
3647,25,7,4,8,1,2,99,1,40,1,,,,1,2013,115.0,3648,7,1,,29,6,6.0,3.0,6.0
3648,25,7,4,8,1,2,99,1,28,1,,,,1,2013,115.0,3649,4,1,,99,6,4.0,99.0,6.0
3649,25,7,4,12,22,2,99,1,34,1,,,,1,2013,2201.0,3650,5,1,,44,6,1.0,2.0,6.0
3650,25,7,4,12,22,2,99,2,20,1,,,,1,2013,2201.0,3651,3,1,,99,6,4.0,5.0,6.0
3651,25,7,4,18,20,2,99,1,51,1,,,,1,2013,2001.0,3652,9,1,,33,6,2.0,4.0,6.0
3652,25,7,4,18,20,2,99,1,19,1,,,,1,2013,2001.0,3653,2,1,,42,6,4.0,5.0,6.0
3653,25,7,4,19,19,2,99,2,40,1,,,,1,2013,1901.0,3654,7,1,,44,4,1.0,99.0,4.0
3654,25,7,4,19,19,2,99,2,25,1,,,,1,2013,1901.0,3655,4,1,,2,5,4.0,5.0,5.0
3655,25,7,4,22,10,1,1,1,19,1,,,,1,2013,1001.0,3656,2,1,,2,6,4.0,5.0,6.0
3656,25,7,4,22,10,1,1,1,999,1,,,,1,2013,1001.0,3657,11,1,,32,3,1.0,3.0,3.0
3657,25,7,4,15,11,2,99,1,52,1,,,,1,2013,1101.0,3658,9,1,,44,2,3.0,2.0,2.0
3658,25,7,4,15,11,2,99,2,37,1,,,,1,2013,1101.0,3659,6,1,,40,4,4.0,3.0,4.0
3659,25,7,4,11,9,2,99,1,56,1,,,,1,2013,901.0,3660,10,1,,15,6,6.0,6.0,6.0
3660,25,7,4,11,9,2,99,1,25,1,,,,1,2013,901.0,3661,4,1,,44,6,9.0,1.0,6.0
3661,25,7,4,13,9,2,99,2,22,1,,,,1,2013,901.0,3662,3,1,,44,6,1.0,3.0,6.0
3662,25,7,4,13,9,2,99,1,20,1,,,,1,2013,901.0,3663,3,1,,44,6,1.0,1.0,6.0
3663,25,7,4,20,12,2,99,2,57,1,,,,2,2013,1201.0,3664,10,1,,44,6,3.0,2.0,6.0
3664,25,7,4,10,16,2,99,1,19,1,,,,3,2013,1601.0,3665,2,1,,99,4,9.0,4.0,4.0
3665,25,7,4,20,16,2,99,1,26,1,,,,2,2013,1601.0,3666,4,1,,2,6,4.0,1.0,6.0
3666,25,7,4,4,14,2,99,1,32,1,,,,3,2013,1401.0,3667,5,1,,21,6,4.0,9.0,6.0
3667,25,7,4,11,4,2,99,1,55,1,,,,1,2013,401.0,3668,10,1,,23,6,2.0,6.0,6.0
3668,25,7,4,11,4,2,99,1,999,1,,,,1,2013,401.0,3669,11,1,,34,6,5.0,2.0,6.0
3669,25,7,4,5,3,2,99,1,999,1,,,,2,2013,301.0,3670,11,1,,44,6,3.0,99.0,6.0
3670,26,7,5,5,1,1,7,1,23,1,,,,2,2013,101.0,3671,3,1,,2,6,4.0,1.0,6.0
3671,26,7,5,1,1,2,99,1,999,1,,,,2,2013,115.0,3672,11,1,,99,6,99.0,99.0,6.0
3672,26,7,5,1,1,2,99,2,21,1,,,,1,2013,115.0,3673,3,1,,44,6,1.0,4.0,6.0
3673,26,7,5,1,1,2,99,1,999,1,,,,1,2013,115.0,3674,11,1,,22,6,6.0,2.0,6.0
3674,26,7,5,23,22,2,99,1,36,1,,,,1,2013,2201.0,3675,6,1,,99,3,6.0,3.0,3.0
3675,26,7,5,23,22,2,99,1,32,1,,,,1,2013,2201.0,3676,5,1,,44,3,1.0,11.0,3.0
3676,26,7,5,20,22,2,99,1,45,1,,,,1,2013,2201.0,3677,8,1,,99,6,2.0,6.0,6.0
3677,26,7,5,20,22,2,99,1,26,1,,,,1,2013,2201.0,3678,4,1,,2,6,4.0,5.0,6.0
3678,26,7,5,0,22,2,99,1,22,1,,,,2,2013,2201.0,3679,3,1,,24,6,4.0,5.0,6.0
3679,26,7,5,22,5,2,99,1,32,1,,,,1,2013,501.0,3680,5,1,,44,6,3.0,11.0,6.0
3680,26,7,5,22,5,2,99,1,999,1,,,,1,2013,501.0,3681,11,1,,99,6,99.0,99.0,6.0
3681,26,7,5,11,10,2,99,1,999,1,,,,2,2013,1001.0,3682,11,1,,99,6,3.0,99.0,6.0
3682,26,7,5,21,9,2,99,1,46,1,,,,1,2013,901.0,3683,8,1,,15,6,6.0,7.0,6.0
3683,26,7,5,21,9,2,99,1,24,2,,,,1,2013,901.0,3684,3,1,,42,5,8.0,2.0,5.0
3684,26,7,5,22,9,2,99,1,24,1,,,,1,2013,901.0,3685,3,1,,24,6,4.0,1.0,6.0
3685,26,7,5,22,9,2,99,1,999,1,,,,1,2013,901.0,3686,11,1,,44,6,2.0,2.0,6.0
3686,26,7,5,15,2,2,99,1,36,1,,,,1,2013,201.0,3687,6,1,,15,6,5.0,16.0,6.0
3687,26,7,5,15,2,2,99,1,40,1,,,,1,2013,201.0,3688,7,1,,37,6,3.0,4.0,6.0
3688,26,7,5,9,4,2,99,1,36,1,,,,1,2013,401.0,3689,6,1,,23,6,5.0,99.0,6.0
3689,26,7,5,9,4,2,99,1,17,1,,,,1,2013,401.0,3690,2,2,,2,5,4.0,5.0,5.0
3690,27,7,6,10,1,1,1,1,32,1,,,,1,2013,101.0,3691,5,1,,19,4,5.0,2.0,4.0
3691,27,7,6,10,1,1,1,1,32,1,,,,1,2013,101.0,3692,5,1,,32,3,1.0,11.0,3.0
3692,27,7,6,23,1,1,10,1,27,1,,,,2,2013,102.0,3693,4,1,,41,6,4.0,1.0,6.0
3693,27,7,6,18,1,1,11,1,39,1,,,,1,2013,101.0,3694,6,1,,42,5,4.0,3.0,5.0
3694,27,7,6,18,1,1,11,1,78,1,,,,1,2013,101.0,3695,10,1,,99,4,4.0,4.0,4.0
3695,27,7,6,21,1,1,12,1,25,1,,,,1,2013,101.0,3696,4,1,,99,3,1.0,6.0,3.0
3696,27,7,6,21,1,1,12,1,52,1,,,,1,2013,101.0,3697,9,1,,21,1,1.0,1.0,1.0
3697,27,7,6,19,1,2,99,1,28,1,,,,1,2013,110.0,3698,4,1,,21,6,1.0,6.0,6.0
3698,27,7,6,19,1,2,99,1,61,1,,,,1,2013,110.0,3699,10,1,,44,6,1.0,2.0,6.0
3699,27,7,6,6,1,2,99,1,28,1,,,,1,2013,110.0,3700,4,1,,22,6,12.0,1.0,6.0
3700,27,7,6,6,1,2,99,1,35,1,,,,1,2013,110.0,3701,6,1,,21,6,4.0,5.0,6.0
3701,27,7,6,11,20,2,99,1,56,1,,,,1,2013,2001.0,3702,10,1,,37,6,3.0,2.0,6.0
3702,27,7,6,11,20,2,99,1,18,1,,,,1,2013,2001.0,3703,2,1,,21,6,4.0,1.0,6.0
3703,27,7,6,17,5,2,99,1,67,1,,,,2,2013,501.0,3704,10,1,,44,4,3.0,4.0,4.0
3704,27,7,6,23,5,2,99,1,53,1,,,,2,2013,501.0,3705,9,1,,44,2,3.0,3.0,2.0
3705,27,7,6,17,5,2,99,1,30,1,,,,2,2013,501.0,3706,5,1,,32,6,1.0,6.0,6.0
3706,27,7,6,6,9,2,99,1,999,1,,,,2,2013,902.0,3707,11,1,,99,6,12.0,99.0,6.0
3707,27,7,6,19,15,2,99,1,22,1,,,,1,2013,1501.0,3708,3,1,,18,6,5.0,99.0,6.0
3708,27,7,6,19,15,2,99,1,54,1,,,,1,2013,1501.0,3709,9,1,,21,6,4.0,99.0,6.0
3709,27,7,6,21,4,2,99,1,39,1,,,,2,2013,401.0,3710,6,1,,42,6,4.0,5.0,6.0
3710,28,7,7,0,1,2,99,1,27,2,,,,1,2013,105.0,3711,4,1,,42,6,11.0,2.0,6.0
3711,28,7,7,0,1,2,99,2,32,1,,,,1,2013,105.0,3712,5,1,,24,4,4.0,3.0,4.0
3712,28,7,7,2,1,2,99,1,21,2,,,,2,2013,105.0,3713,3,1,,32,6,1.0,4.0,6.0
3713,28,7,7,2,1,2,99,1,42,2,,,,2,2013,105.0,3714,7,1,,44,6,3.0,1.0,6.0
3714,28,7,7,20,1,2,99,1,54,1,,,,1,2013,102.0,3715,9,1,,5,6,3.0,99.0,6.0
3715,28,7,7,20,1,2,99,1,22,1,,,,1,2013,102.0,3716,3,1,,21,6,4.0,1.0,6.0
3716,28,7,7,17,21,2,99,1,28,1,,,,2,2013,2101.0,3717,4,1,,37,3,1.0,2.0,3.0
3717,28,7,7,0,20,2,99,1,31,1,,,,2,2013,2001.0,3718,5,1,,44,2,3.0,3.0,2.0
3718,28,7,7,16,20,1,1,1,38,1,,,,1,2013,2001.0,3719,6,1,,44,4,9.0,1.0,4.0
3719,28,7,7,16,20,1,1,1,23,1,,,,1,2013,2001.0,3720,3,1,,42,5,4.0,5.0,5.0
3720,28,7,7,18,5,2,99,1,22,1,,,,3,2013,501.0,3721,3,1,,99,6,99.0,99.0,6.0
3721,28,7,7,16,13,2,99,1,60,1,,,,2,2013,1301.0,3722,10,1,,21,3,1.0,2.0,3.0
3722,28,7,7,6,2,2,99,1,19,1,,,,2,2013,201.0,3723,2,1,,20,6,9.0,4.0,6.0
3723,28,7,7,23,3,2,99,1,22,1,,,,1,2013,301.0,3724,3,1,,46,3,99.0,3.0,3.0
3724,28,7,7,23,3,2,99,1,18,1,,,,1,2013,301.0,3725,2,1,,2,5,4.0,99.0,5.0
3725,28,7,7,15,3,2,99,1,999,1,,,,1,2013,301.0,3726,11,1,,13,6,12.0,2.0,6.0
3726,28,7,7,15,3,2,99,1,40,1,,,,1,2013,301.0,3727,7,1,,13,6,12.0,6.0,6.0
3727,29,7,1,11,1,1,1,1,30,1,,,,1,2013,101.0,3728,5,1,,44,4,2.0,5.0,4.0
3728,29,7,1,11,1,1,1,1,26,1,,,,1,2013,101.0,3729,4,1,,21,4,4.0,1.0,4.0
3729,29,7,1,21,1,1,6,1,30,9,,,,2,2013,101.0,3730,5,1,,44,6,3.0,8.0,6.0
3730,29,7,1,6,1,1,6,1,19,1,,,,1,2013,101.0,3731,2,1,,42,6,4.0,5.0,6.0
3731,29,7,1,6,1,1,6,1,999,9,,,,1,2013,101.0,3732,11,1,,99,6,12.0,1.0,6.0
3732,29,7,1,15,1,1,13,1,52,1,,,,1,2013,101.0,3733,9,1,,13,4,3.0,9.0,4.0
3733,29,7,1,15,1,1,13,1,45,1,,,,1,2013,101.0,3734,8,1,,14,5,4.0,1.0,5.0
3734,29,7,1,21,1,1,10,2,33,9,,,,1,2013,101.0,3735,5,1,,46,3,1.0,5.0,3.0
3735,29,7,1,21,1,1,10,1,20,9,,,,1,2013,101.0,3736,3,1,,10,6,4.0,9.0,6.0
3736,29,7,1,23,1,1,7,1,47,2,,,,1,2013,101.0,3737,8,1,,44,2,3.0,99.0,2.0
3737,29,7,1,23,1,1,7,1,999,1,,,,1,2013,101.0,3738,11,1,,44,4,3.0,99.0,4.0
3738,29,7,1,9,1,1,7,1,39,9,,,,1,2013,101.0,3739,6,1,,46,2,1.0,4.0,2.0
3739,29,7,1,9,1,1,7,1,53,9,,,,1,2013,101.0,3740,9,1,,20,4,1.0,2.0,4.0
3740,29,7,1,10,1,1,4,1,47,9,,,,1,2013,115.0,3741,8,1,,24,6,4.0,1.0,6.0
3741,29,7,1,10,1,1,4,1,26,9,,,,1,2013,115.0,3742,4,1,,32,6,1.0,3.0,6.0
3742,29,7,1,10,1,1,4,1,46,9,,,,1,2013,115.0,3743,8,1,,37,2,5.0,2.0,2.0
3743,29,7,1,20,1,1,7,1,24,2,,,,1,2013,115.0,3744,3,1,,2,6,14.0,7.0,6.0
3744,29,7,1,20,1,1,7,1,28,1,,,,1,2013,115.0,3745,4,1,,17,3,1.0,3.0,3.0
3745,29,7,1,3,10,2,99,1,22,2,,,,2,2013,1002.0,3746,3,1,,34,6,1.0,5.0,6.0
3746,29,7,1,10,9,1,8,1,999,9,,,,1,2013,901.0,3747,11,1,,23,6,2.0,2.0,6.0
3747,29,7,1,10,9,1,8,1,28,9,,,,1,2013,901.0,3748,4,1,,99,6,4.0,5.0,6.0
3748,29,7,1,15,12,2,99,1,75,1,,,,1,2013,1203.0,3749,10,1,,44,4,3.0,4.0,4.0
3749,29,7,1,15,12,2,99,1,999,9,,,,1,2013,1203.0,3750,11,1,,20,4,1.0,4.0,4.0
3750,29,7,1,7,12,2,99,1,58,9,,,,1,2013,1222.0,3751,10,1,,44,2,3.0,99.0,2.0
3751,29,7,1,7,12,2,99,1,999,9,,,,1,2013,1222.0,3752,11,1,,44,4,9.0,2.0,4.0
3752,29,7,1,21,13,2,99,1,39,9,,,,1,2013,1301.0,3753,6,1,,44,3,1.0,10.0,3.0
3753,29,7,1,21,13,2,99,1,999,9,,,,1,2013,1301.0,3754,11,1,,99,6,5.0,2.0,6.0
3754,29,7,1,12,8,2,99,1,999,9,,,,3,2013,801.0,3755,11,1,,44,6,9.0,3.0,6.0
3755,29,7,1,19,18,2,99,1,36,1,,,,3,2013,1801.0,3756,6,1,,44,4,2.0,3.0,4.0
3756,30,7,2,15,1,1,16,1,27,9,,,,3,2013,101.0,3757,4,1,,2,6,4.0,1.0,6.0
3757,30,7,2,12,21,2,99,1,35,9,,,,2,2013,2101.0,3758,6,1,,44,6,3.0,5.0,6.0
3758,30,7,2,17,11,1,1,1,24,1,,,,1,2013,1101.0,3759,3,1,,32,4,1.0,99.0,4.0
3759,30,7,2,17,11,1,1,1,45,9,,,,1,2013,1101.0,3760,8,1,,2,6,14.0,1.0,6.0
3760,30,7,2,5,14,2,99,1,34,9,,,,3,2013,1401.0,3761,5,1,,44,6,3.0,2.0,6.0
3761,30,7,2,8,7,2,99,1,57,2,,,,2,2013,713.0,3762,10,1,,44,2,3.0,4.0,2.0
3762,31,7,3,16,1,1,7,1,21,9,,,,1,2013,101.0,3763,3,1,,20,6,10.0,2.0,6.0
3763,31,7,3,16,1,1,7,1,29,9,,,,1,2013,101.0,3764,4,1,,42,6,4.0,5.0,6.0
3764,31,7,3,10,11,2,99,1,30,9,,,,1,2013,1104.0,3765,5,1,,44,6,9.0,2.0,6.0
3765,31,7,3,10,11,2,99,1,30,9,,,,1,2013,1104.0,3766,5,1,,44,6,1.0,3.0,6.0
3766,31,7,3,10,11,2,99,1,34,9,,,,1,2013,1104.0,3767,5,1,,36,6,4.0,3.0,6.0
3767,31,7,3,20,18,2,99,1,35,9,,,,2,2013,1801.0,3768,6,1,,23,6,3.0,4.0,6.0
3768,1,8,4,2,1,1,1,2,24,9,,,,2,2013,101.0,3769,3,1,,24,6,4.0,7.0,6.0
3769,1,8,4,14,1,2,99,1,17,1,,,,1,2013,113.0,3770,2,2,,99,6,1.0,3.0,6.0
3770,1,8,4,14,1,2,99,1,34,1,,,,1,2013,113.0,3771,5,1,,99,6,4.0,3.0,6.0
3771,1,8,4,14,1,2,99,2,29,1,,,,1,2013,113.0,3772,4,1,,32,5,1.0,4.0,5.0
3772,1,8,4,14,1,2,99,2,70,1,,,,1,2013,113.0,3773,10,1,,37,5,2.0,5.0,5.0
3773,1,8,4,6,5,2,99,1,33,1,,,,2,2013,511.0,3774,5,1,,22,6,7.0,1.0,6.0
3774,1,8,4,14,5,2,99,1,31,9,,,,1,2013,501.0,3775,5,1,,99,4,9.0,11.0,4.0
3775,1,8,4,14,5,2,99,1,35,9,,,,1,2013,501.0,3776,6,1,,19,5,5.0,6.0,5.0
3776,1,8,4,19,10,2,99,1,25,1,,,,1,2013,1001.0,3777,4,1,,2,6,4.0,5.0,6.0
3777,1,8,4,19,10,2,99,1,60,1,,,,1,2013,1001.0,3778,10,1,,99,6,18.0,3.0,6.0
3778,1,8,4,22,2,2,99,1,35,1,,,,1,2013,201.0,3779,6,1,,21,6,4.0,1.0,6.0
3779,1,8,4,22,2,2,99,1,999,9,,,,1,2013,201.0,3780,11,1,,99,6,99.0,99.0,6.0
3780,1,8,4,9,3,1,99,1,62,1,,,,1,2013,301.0,3781,10,1,,22,6,7.0,99.0,6.0
3781,1,8,4,9,3,1,99,1,44,9,,,,1,2013,301.0,3782,7,1,,44,6,2.0,3.0,6.0
3782,2,8,5,23,1,2,1,1,25,9,,,,1,2013,101.0,3783,4,1,,24,6,4.0,5.0,6.0
3783,2,8,5,23,1,2,1,1,47,9,,,,1,2013,101.0,3784,8,1,,44,4,1.0,3.0,4.0
3784,2,8,5,10,1,1,1,1,35,9,,,,1,2013,105.0,3785,6,1,,26,4,2.0,4.0,4.0
3785,2,8,5,10,1,1,1,1,21,9,,,,1,2013,105.0,3786,3,1,,41,3,1.0,6.0,3.0
3786,2,8,5,12,1,1,6,1,32,9,,,,1,2013,105.0,3787,5,1,,99,6,4.0,99.0,6.0
3787,2,8,5,12,1,1,6,1,999,9,,,,1,2013,105.0,3788,11,1,,99,6,99.0,99.0,6.0
3788,2,8,5,19,1,1,11,1,39,9,,,,1,2013,101.0,3789,6,1,,21,6,4.0,3.0,6.0
3789,2,8,5,19,1,1,11,1,18,9,,,,1,2013,101.0,3790,2,1,,2,6,4.0,99.0,6.0
3790,2,8,5,23,1,1,3,1,38,9,,,,1,2013,115.0,3791,6,1,,32,3,1.0,11.0,3.0
3791,2,8,5,23,1,1,3,1,26,9,,,,1,2013,115.0,3792,4,1,,21,6,4.0,5.0,6.0
3792,2,8,5,18,22,2,99,1,36,9,,,,3,2013,2201.0,3793,6,1,,99,6,99.0,99.0,6.0
3793,2,8,5,20,19,2,99,2,16,9,,,,3,2013,1901.0,3794,2,1,,99,6,4.0,99.0,6.0
3794,2,8,5,0,5,2,99,1,25,9,,,,1,2013,501.0,3795,4,1,,44,6,3.0,2.0,6.0
3795,2,8,5,0,5,2,99,1,999,9,,,,1,2013,501.0,3796,11,1,,15,6,6.0,1.0,6.0
3796,2,8,5,0,10,2,99,1,25,9,,,,2,2013,1001.0,3797,4,1,,2,6,4.0,3.0,6.0
3797,2,8,5,9,9,2,99,1,33,9,,,,1,2013,901.0,3798,5,1,,30,4,7.0,7.0,4.0
3798,2,8,5,9,9,2,99,1,55,9,,,,1,2013,901.0,3799,10,1,,34,4,3.0,4.0,4.0
3799,2,8,5,13,12,2,99,1,70,9,,,,1,2013,1201.0,3800,10,1,,44,2,3.0,11.0,2.0
3800,2,8,5,13,12,2,99,1,38,9,,,,1,2013,1201.0,3801,6,1,,42,6,4.0,99.0,6.0
3801,2,8,5,23,13,2,99,1,15,9,,,,2,2013,1301.0,3802,2,2,,99,6,4.0,99.0,6.0
3802,3,8,6,0,1,1,8,1,28,9,,,,1,2013,101.0,3803,4,1,,5,5,1.0,5.0,5.0
3803,3,8,6,0,1,1,8,1,28,9,,,,1,2013,101.0,3804,4,1,,17,6,1.0,99.0,6.0
3804,3,8,6,19,1,2,99,1,999,9,,,,2,2013,105.0,3805,11,1,,99,6,2.0,11.0,6.0
3805,3,8,6,7,1,1,12,2,25,9,,,,2,2013,101.0,3806,4,1,,32,6,1.0,10.0,6.0
3806,3,8,6,21,1,1,12,1,32,9,,,,2,2013,101.0,3807,5,1,,99,6,99.0,99.0,6.0
3807,3,8,6,22,20,2,99,1,36,9,,,,2,2013,2001.0,3808,6,1,,44,4,1.0,4.0,4.0
3808,3,8,6,23,19,2,99,1,24,9,,,,3,2013,1905.0,3809,3,1,,99,6,4.0,99.0,6.0
3809,3,8,6,19,19,2,99,1,19,9,,,,3,2013,1901.0,3810,2,1,,99,6,4.0,99.0,6.0
3810,3,8,6,3,5,2,99,1,32,9,,,,1,2013,504.0,3811,5,1,,15,4,6.0,6.0,4.0
3811,3,8,6,3,5,2,99,1,37,9,,,,1,2013,504.0,3812,6,1,,44,4,3.0,4.0,4.0
3812,3,8,6,16,6,2,99,1,36,9,,,,2,2013,601.0,3813,6,1,,99,6,5.0,99.0,6.0
3813,3,8,6,15,2,2,99,1,999,9,,,,3,2013,201.0,3814,11,1,,15,6,6.0,99.0,6.0
3814,3,8,6,16,17,2,99,1,40,2,,,,3,2013,1701.0,3815,7,1,,99,6,4.0,99.0,6.0
3815,4,8,7,20,1,2,99,1,38,9,,,,1,2013,105.0,3816,6,1,,37,3,1.0,3.0,3.0
3816,4,8,7,20,1,2,99,1,30,9,,,,1,2013,105.0,3817,5,1,,21,3,1.0,9.0,3.0
3817,4,8,7,10,1,1,18,1,46,9,,,,2,2013,101.0,3818,8,1,,44,4,1.0,2.0,4.0
3818,4,8,7,2,1,2,99,1,999,9,,,,1,2013,102.0,3819,11,1,,99,6,1.0,99.0,6.0
3819,4,8,7,2,1,2,99,1,20,9,,,,1,2013,102.0,3820,3,1,,2,5,4.0,1.0,5.0
3820,4,8,7,18,1,2,99,1,18,9,,,,2,2013,102.0,3821,2,1,,42,6,8.0,9.0,6.0
3821,4,8,7,23,1,1,7,1,27,9,,,,1,2013,101.0,3822,4,1,,34,2,1.0,7.0,2.0
3822,4,8,7,23,1,1,7,1,26,9,,,,1,2013,101.0,3823,4,1,,38,4,1.0,11.0,4.0
3823,4,8,7,20,22,2,99,1,25,9,,,,1,2013,2201.0,3824,4,1,,21,4,1.0,3.0,4.0
3824,4,8,7,20,22,2,99,1,19,9,,,,1,2013,2201.0,3825,2,1,,32,6,9.0,11.0,6.0
3825,4,8,7,20,22,2,99,1,999,9,,,,1,2013,2201.0,3826,11,1,,44,6,1.0,6.0,6.0
3826,4,8,7,8,19,2,99,1,33,9,,,,3,2013,1901.0,3827,5,1,,99,4,4.0,3.0,4.0
3827,4,8,7,17,5,2,1,1,28,9,,,,1,2013,506.0,3828,4,1,,42,4,4.0,3.0,4.0
3828,4,8,7,18,6,2,99,1,29,9,,,,2,2013,601.0,3829,4,1,,99,4,4.0,5.0,4.0
3829,4,8,7,15,10,2,99,1,21,9,,,,2,2013,1008.0,3830,3,1,,99,5,4.0,99.0,5.0
3830,4,8,7,20,10,1,1,2,53,9,,,,1,2013,1001.0,3831,9,1,,34,4,1.0,4.0,4.0
3831,4,8,7,20,10,1,1,1,39,9,,,,1,2013,1001.0,3832,6,1,,44,6,9.0,6.0,6.0
3832,4,8,7,6,9,2,99,1,41,2,,,,2,2013,901.0,3833,7,1,,30,6,1.0,2.0,6.0
3833,4,8,7,0,16,1,4,1,52,9,,,,1,2013,1601.0,3834,9,1,,44,3,3.0,6.0,3.0
3834,4,8,7,0,16,1,4,1,73,9,,,,1,2013,1601.0,3835,10,1,,99,4,1.0,6.0,4.0
3835,4,8,7,3,17,2,99,1,19,9,,,,2,2013,1701.0,3836,2,1,,24,6,4.0,5.0,6.0
3836,4,8,7,21,14,2,99,1,23,2,,,,1,2013,1401.0,3837,3,1,,37,2,1.0,4.0,2.0
3837,4,8,7,21,14,2,99,1,62,9,,,,1,2013,1401.0,3838,10,1,,44,3,1.0,6.0,3.0
3838,5,8,1,9,1,1,1,1,33,9,,,,1,2013,101.0,3839,5,1,,99,4,1.0,2.0,4.0
3839,5,8,1,9,1,1,1,1,25,9,,,,1,2013,101.0,3840,4,1,,21,6,4.0,5.0,6.0
3840,5,8,1,16,1,1,6,1,999,9,,,,1,2013,105.0,3841,11,1,,37,2,1.0,1.0,2.0
3841,5,8,1,16,1,1,6,1,50,9,,,,1,2013,105.0,3842,9,1,,44,3,1.0,2.0,3.0
3842,5,8,1,18,1,2,11,1,25,9,,,,1,2013,101.0,3843,4,1,,99,6,1.0,2.0,6.0
3843,5,8,1,18,1,2,11,1,40,9,,,,1,2013,101.0,3844,7,1,,21,5,4.0,4.0,5.0
3844,5,8,1,18,1,1,11,1,47,9,,,,2,2013,101.0,3845,8,1,,37,6,1.0,2.0,6.0
3845,5,8,1,7,1,1,7,1,19,9,,,,3,2013,101.0,3846,2,1,,99,6,4.0,99.0,6.0
3846,5,8,1,11,22,2,99,1,22,9,,,,1,2013,2201.0,3847,3,1,,2,4,4.0,1.0,4.0
3847,5,8,1,11,22,2,99,1,31,9,,,,1,2013,2201.0,3848,5,1,,23,3,5.0,2.0,3.0
3848,5,8,1,16,19,2,99,1,60,9,,,,2,2013,1901.0,3849,10,1,,44,3,2.0,11.0,3.0
3849,5,8,1,18,19,2,99,1,34,9,,,,1,2013,1901.0,3850,5,1,,32,5,3.0,4.0,5.0
3850,5,8,1,18,19,2,99,1,23,9,,,,1,2013,1901.0,3851,3,1,,14,6,4.0,5.0,6.0
3851,5,8,1,18,5,2,99,1,46,9,,,,1,2013,501.0,3852,8,1,,32,6,1.0,9.0,6.0
3852,5,8,1,18,5,2,99,1,32,9,,,,1,2013,501.0,3853,5,1,,99,6,9.0,99.0,6.0
3853,5,8,1,18,5,2,99,1,45,9,,,,1,2013,501.0,3854,8,1,,44,6,1.0,1.0,6.0
3854,5,8,1,18,5,2,99,1,999,9,,,,1,2013,501.0,3855,11,1,,44,6,1.0,9.0,6.0
3855,5,8,1,22,5,2,99,1,26,9,,,,3,2013,501.0,3856,4,1,,15,6,6.0,2.0,6.0
3856,5,8,1,21,6,2,99,1,32,9,,,,1,2013,601.0,3857,5,1,,44,2,3.0,99.0,2.0
3857,5,8,1,21,6,2,99,1,999,9,,,,1,2013,601.0,3858,11,1,,42,6,2.0,5.0,6.0
3858,5,8,1,20,12,2,99,1,40,9,,,,1,2013,1201.0,3859,7,1,,44,3,3.0,3.0,3.0
3859,5,8,1,20,12,2,99,2,29,9,,,,1,2013,1201.0,3860,4,1,,21,6,4.0,1.0,6.0
3860,5,8,1,12,2,2,99,1,49,9,,,,1,2013,201.0,3861,8,1,,22,3,5.0,2.0,3.0
3861,5,8,1,12,2,2,99,2,30,9,,,,1,2013,201.0,3862,5,1,,21,4,4.0,3.0,4.0
3862,6,8,2,22,1,1,24,1,26,2,,,,2,2013,101.0,3863,4,1,,32,4,1.0,9.0,4.0
3863,6,8,2,11,1,1,11,1,40,9,,,,1,2013,101.0,3864,7,1,,8,3,1.0,7.0,3.0
3864,6,8,2,11,1,1,11,1,19,9,,,,1,2013,101.0,3865,2,1,,2,4,4.0,1.0,4.0
3865,6,8,2,6,19,2,99,2,23,9,,,,2,2013,1901.0,3866,3,1,,24,6,4.0,5.0,6.0
3866,6,8,2,19,19,2,99,1,40,9,,,,1,2013,1901.0,3867,7,1,,15,6,6.0,3.0,6.0
3867,6,8,2,19,19,2,99,1,54,9,,,,1,2013,1901.0,3868,9,1,,37,6,3.0,5.0,6.0
3868,6,8,2,6,10,2,99,1,33,9,,,,1,2013,1002.0,3869,5,1,,37,4,3.0,6.0,4.0
3869,6,8,2,6,10,2,99,1,999,9,,,,1,2013,1002.0,3870,11,1,,44,4,9.0,6.0,4.0
3870,6,8,2,18,9,2,99,1,999,9,,,,1,2013,901.0,3871,11,1,,44,6,3.0,4.0,6.0
3871,6,8,2,18,9,2,99,1,37,9,,,,1,2013,901.0,3872,6,1,,32,6,1.0,5.0,6.0
3872,6,8,2,21,9,2,99,2,19,9,,,,2,2013,901.0,3873,2,1,,5,6,1.0,4.0,6.0
3873,6,8,2,18,9,2,99,1,22,9,,,,3,2013,920.0,3874,3,1,,99,6,4.0,99.0,6.0
3874,6,8,2,18,13,2,99,1,30,9,,,,1,2013,1301.0,3875,5,1,,99,6,3.0,99.0,6.0
3875,6,8,2,18,13,2,99,2,34,9,,,,1,2013,1301.0,3876,5,1,,21,6,4.0,1.0,6.0
3876,6,8,2,18,16,2,99,1,33,9,,,,1,2013,1601.0,3877,5,1,,44,2,1.0,1.0,2.0
3877,6,8,2,18,16,2,99,1,27,9,,,,1,2013,1601.0,3878,4,1,,2,6,4.0,99.0,6.0
3878,6,8,2,5,15,2,99,1,35,9,,,,1,2013,1501.0,3879,6,1,,15,5,6.0,2.0,5.0
3879,6,8,2,5,15,2,99,1,999,9,,,,1,2013,1501.0,3880,11,1,,99,6,6.0,99.0,6.0
3880,6,8,2,17,15,2,99,1,43,9,,,,4,2013,1501.0,3881,7,1,,30,4,3.0,2.0,4.0
3881,6,8,2,22,18,2,99,2,26,9,,,,3,2013,1801.0,3882,4,1,,21,6,4.0,99.0,6.0
3882,6,8,2,16,14,2,99,1,44,9,,,,2,2013,1401.0,3883,7,1,,13,3,3.0,9.0,3.0
3883,6,8,2,19,4,2,99,1,29,9,,,,1,2013,401.0,3884,4,1,,44,3,1.0,1.0,3.0
3884,6,8,2,19,4,2,99,1,23,9,,,,1,2013,401.0,3885,3,1,,99,6,4.0,1.0,6.0
3885,7,8,3,14,1,1,3,1,28,1,,,,1,2013,101.0,3886,4,1,,44,4,3.0,6.0,4.0
3886,7,8,3,14,1,1,3,1,30,1,,,,1,2013,101.0,3887,5,1,,44,5,10.0,2.0,5.0
3887,7,8,3,14,1,1,3,1,40,1,,,,1,2013,101.0,3888,7,1,,34,6,1.0,4.0,6.0
3888,7,8,3,13,1,1,1,1,24,1,,,,1,2013,101.0,3889,3,1,,99,6,4.0,99.0,6.0
3889,7,8,3,13,1,1,1,1,999,1,,,,1,2013,101.0,3890,11,1,,99,6,1.0,99.0,6.0
3890,7,8,3,13,1,1,10,1,34,1,,,,1,2013,101.0,3891,5,1,,24,6,4.0,3.0,6.0
3891,7,8,3,13,1,1,10,1,999,9,,,,1,2013,101.0,3892,11,1,,99,6,1.0,4.0,6.0
3892,7,8,3,15,1,1,15,2,37,1,,,,1,2013,101.0,3893,6,1,,44,4,1.0,99.0,4.0
3893,7,8,3,15,1,1,15,1,25,1,,,,1,2013,101.0,3894,4,1,,99,5,4.0,3.0,5.0
3894,7,8,3,10,1,1,7,1,41,1,,,,1,2013,101.0,3895,7,1,,44,2,3.0,2.0,2.0
3895,7,8,3,10,1,1,7,1,30,1,,,,1,2013,101.0,3896,5,1,,22,3,12.0,1.0,3.0
3896,7,8,3,10,1,1,7,1,44,1,,,,1,2013,101.0,3897,7,1,,99,6,4.0,1.0,6.0
3897,7,8,3,20,1,1,12,1,33,1,,,,1,2013,101.0,3898,5,1,,44,4,1.0,6.0,4.0
3898,7,8,3,20,5,2,99,1,39,2,,,,1,2013,509.0,3899,6,1,,44,4,3.0,6.0,4.0
3899,7,8,3,20,5,2,99,1,50,1,,,,1,2013,509.0,3900,9,1,,33,2,5.0,2.0,2.0
3900,7,8,3,11,5,2,99,2,21,1,,,,1,2013,501.0,3901,3,1,,42,6,4.0,3.0,6.0
3901,7,8,3,11,5,2,99,1,999,9,,,,1,2013,501.0,3902,11,1,,99,6,3.0,1.0,6.0
3902,7,8,3,11,5,2,99,1,39,9,,,,1,2013,501.0,3903,6,1,,13,3,6.0,2.0,3.0
3903,7,8,3,18,12,2,99,1,36,1,,,,1,2013,1215.0,3904,6,1,,44,6,3.0,5.0,6.0
3904,7,8,3,18,12,2,99,1,999,9,,,,1,2013,1215.0,3905,11,1,,32,6,1.0,4.0,6.0
3905,7,8,3,11,13,2,99,1,50,2,,,,1,2013,1301.0,3906,9,1,,35,4,4.0,1.0,4.0
3906,7,8,3,11,13,2,99,2,19,9,,,,1,2013,1301.0,3907,2,1,,99,6,4.0,99.0,6.0
3907,7,8,3,22,13,2,99,1,26,9,,,,3,2013,1312.0,3908,4,1,,44,6,3.0,1.0,6.0
3908,7,8,3,14,7,2,99,1,34,9,,,,1,2013,713.0,3909,5,1,,22,6,9.0,99.0,6.0
3909,7,8,3,14,7,2,99,1,999,9,,,,1,2013,713.0,3910,11,1,,44,6,3.0,99.0,6.0
3910,7,8,3,1,3,2,99,1,31,9,,,,2,2013,301.0,3911,5,1,,21,6,4.0,5.0,6.0
3911,8,8,4,15,5,2,99,1,42,9,,,,1,2013,501.0,3912,7,1,,99,6,9.0,99.0,6.0
3912,8,8,4,15,5,2,99,1,49,9,,,,1,2013,501.0,3913,8,1,,13,3,3.0,9.0,3.0
3913,8,8,4,12,17,2,99,1,34,9,,,,3,2013,1705.0,3914,5,1,,44,6,3.0,5.0,6.0
3914,8,8,4,23,3,2,99,1,51,2,,,,1,2013,308.0,3915,9,1,,44,3,1.0,11.0,3.0
3915,8,8,4,23,3,2,99,1,39,1,,,,1,2013,308.0,3916,6,1,,44,3,3.0,5.0,3.0
3916,8,8,4,10,7,2,99,1,40,9,,,,1,2013,701.0,3917,7,1,,99,6,4.0,99.0,6.0
3917,8,8,4,10,7,2,99,1,999,9,,,,1,2013,701.0,3918,11,1,,44,6,3.0,3.0,6.0
3918,8,8,4,3,1,2,1,1,27,2,,,,1,2013,101.0,3919,4,1,,44,6,10.0,2.0,6.0
3919,8,8,4,1,1,2,18,1,999,9,,,,2,2013,101.0,3920,11,1,,42,6,4.0,3.0,6.0
3920,8,8,4,20,1,1,1,1,35,2,,,,1,2013,101.0,3921,6,1,,44,3,1.0,11.0,3.0
3921,8,8,4,20,1,1,1,2,34,1,,,,1,2013,101.0,3922,5,1,,44,6,1.0,3.0,6.0
3922,9,8,5,10,1,1,1,1,38,1,,,,1,2013,101.0,3923,6,1,,44,4,3.0,4.0,4.0
3923,9,8,5,10,1,1,1,1,32,1,,,,1,2013,101.0,3924,5,1,,44,4,3.0,5.0,4.0
3924,9,8,5,17,1,2,99,1,33,9,,,,1,2013,113.0,3925,5,1,,4,4,1.0,4.0,4.0
3925,9,8,5,17,1,2,99,1,32,9,,,,1,2013,113.0,3926,5,1,,99,6,4.0,5.0,6.0
3926,9,8,5,7,1,2,99,1,39,9,,,,1,2013,116.0,3927,6,1,,44,6,3.0,2.0,6.0
3927,9,8,5,7,1,2,99,1,999,9,,,,1,2013,116.0,3928,11,1,,42,6,8.0,3.0,6.0
3928,9,8,5,16,21,2,99,1,29,2,,,,4,2013,2101.0,3929,4,1,,44,6,3.0,9.0,6.0
3929,10,8,6,3,1,1,19,1,33,1,,,,1,2013,101.0,3930,5,1,,44,5,1.0,4.0,5.0
3930,10,8,6,3,1,1,19,1,33,2,,,,1,2013,101.0,3931,5,1,,32,4,2.0,5.0,4.0
3931,10,8,6,18,19,2,99,1,36,2,,,,1,2013,1902.0,3932,6,1,,37,6,3.0,4.0,6.0
3932,10,8,6,18,19,2,99,1,37,9,,,,1,2013,1902.0,3933,6,1,,99,6,4.0,3.0,6.0
3933,10,8,6,10,5,2,99,1,36,1,,,,1,2013,509.0,3934,6,1,,15,6,6.0,2.0,6.0
3934,10,8,6,10,5,2,99,2,22,9,,,,1,2013,509.0,3935,3,2,,40,6,4.0,4.0,6.0
3935,10,8,6,9,6,2,99,1,54,1,,,,2,2013,603.0,3936,9,1,,34,4,5.0,2.0,4.0
3936,10,8,6,23,10,1,1,1,54,2,,,,1,2013,1001.0,3937,9,1,,99,3,1.0,10.0,3.0
3937,10,8,6,23,10,1,1,2,20,9,,,,1,2013,1001.0,3938,3,1,,99,6,4.0,1.0,6.0
3938,10,8,6,20,10,2,99,1,37,9,,,,2,2013,1013.0,3939,6,1,,3,6,9.0,7.0,6.0
3939,10,8,6,1,11,2,99,1,25,9,,,,2,2013,1105.0,3940,4,1,,21,6,4.0,5.0,6.0
3940,10,8,6,9,9,1,1,1,24,1,,,,1,2013,902.0,3941,3,1,,44,6,2.0,10.0,6.0
3941,10,8,6,9,9,1,1,1,24,1,,,,1,2013,902.0,3942,3,1,,99,5,4.0,1.0,5.0
3942,10,8,6,10,9,2,99,1,999,9,,,,3,2013,919.0,3943,11,1,,22,6,7.0,6.0,6.0
3943,10,8,6,8,16,2,99,1,55,9,,,,1,2013,1604.0,3944,10,1,,34,6,5.0,2.0,6.0
3944,10,8,6,8,16,2,99,1,39,9,,,,1,2013,1604.0,3945,6,1,,44,6,3.0,11.0,6.0
3945,10,8,6,16,14,2,99,1,44,2,,,,1,2013,1401.0,3946,7,1,,44,2,3.0,8.0,2.0
3946,10,8,6,16,14,2,99,1,34,1,,,,1,2013,1401.0,3947,5,1,,44,4,3.0,5.0,4.0
3947,11,8,7,3,1,1,9,1,18,9,,,,1,2013,101.0,3948,2,1,,99,6,99.0,99.0,6.0
3948,11,8,7,3,1,1,9,1,999,9,,,,1,2013,101.0,3949,11,1,,99,6,1.0,99.0,6.0
3949,11,8,7,6,1,1,8,1,28,9,,,,1,2013,101.0,3950,4,1,,34,6,1.0,9.0,6.0
3950,11,8,7,6,1,1,8,1,38,9,,,,1,2013,101.0,3951,6,1,,13,6,3.0,2.0,6.0
3951,11,8,7,0,1,1,12,1,32,9,,,,1,2013,101.0,3952,5,1,,99,6,4.0,99.0,6.0
3952,11,8,7,0,1,1,12,1,999,9,,,,1,2013,101.0,3953,11,1,,23,6,3.0,99.0,6.0
3953,11,8,7,17,1,1,4,1,33,1,,,,1,2013,108.0,3954,5,1,,32,6,1.0,5.0,6.0
3954,11,8,7,17,1,1,4,1,25,9,,,,1,2013,108.0,3955,4,1,,24,6,4.0,3.0,6.0
3955,11,8,7,10,5,2,99,1,24,1,,,,3,2013,508.0,3956,3,1,,99,6,4.0,99.0,6.0
3956,11,8,7,19,9,2,99,1,36,2,,,,1,2013,901.0,3957,6,1,,99,6,1.0,99.0,6.0
3957,11,8,7,19,9,2,99,1,45,1,,,,1,2013,901.0,3958,8,1,,99,6,1.0,99.0,6.0
3958,11,8,7,22,9,2,99,1,34,1,,,,1,2013,916.0,3959,5,1,,42,6,3.0,3.0,6.0
3959,11,8,7,22,9,2,99,1,26,1,,,,1,2013,916.0,3960,4,1,,44,6,1.0,9.0,6.0
3960,11,8,7,0,9,1,3,1,999,1,,,,1,2013,901.0,3961,11,1,,5,6,1.0,3.0,6.0
3961,11,8,7,0,9,1,3,1,29,1,,,,1,2013,901.0,3962,4,1,,5,6,1.0,4.0,6.0
3962,11,8,7,22,2,2,99,1,24,1,,,,1,2013,207.0,3963,3,1,,23,6,3.0,99.0,6.0
3963,11,8,7,22,2,2,99,1,38,1,,,,1,2013,207.0,3964,6,1,,33,6,5.0,5.0,6.0
3964,11,8,7,22,2,2,99,1,35,1,,,,1,2013,207.0,3965,6,1,,13,1,5.0,2.0,1.0
3965,11,8,7,14,18,2,99,1,999,9,,,,3,2013,1801.0,3966,11,1,,44,6,3.0,4.0,6.0
3966,11,8,7,1,18,2,99,1,36,9,,,,1,2013,1801.0,3967,6,1,,15,6,5.0,2.0,6.0
3967,11,8,7,1,18,2,99,1,34,9,,,,1,2013,1801.0,3968,5,1,,13,6,3.0,1.0,6.0
3968,11,8,7,19,4,2,99,1,45,9,,,,1,2013,409.0,3969,8,1,,23,6,3.0,2.0,6.0
3969,11,8,7,19,4,2,99,1,999,9,,,,1,2013,409.0,3970,11,1,,99,3,7.0,99.0,3.0
3970,12,8,1,10,1,1,1,1,46,9,,,,1,2013,101.0,3971,8,1,,20,6,2.0,4.0,6.0
3971,12,8,1,10,1,1,1,2,28,9,,,,1,2013,101.0,3972,4,1,,21,6,1.0,99.0,6.0
3972,12,8,1,22,1,1,1,1,31,9,,,,1,2013,101.0,3973,5,1,,99,4,2.0,2.0,4.0
3973,12,8,1,19,1,1,5,1,999,9,,,,2,2013,101.0,3974,11,1,,99,6,99.0,99.0,6.0
3974,12,8,1,10,1,1,4,1,999,9,,,,1,2013,113.0,3975,11,1,,23,4,5.0,2.0,4.0
3975,12,8,1,18,1,1,12,1,34,9,,,,1,2013,101.0,3976,5,1,,99,5,2.0,5.0,5.0
3976,12,8,1,16,1,2,99,1,46,9,,,,1,2013,115.0,3977,8,1,,44,3,1.0,2.0,3.0
3977,12,8,1,10,1,1,3,1,27,9,,,,1,2013,115.0,3978,4,1,,32,6,1.0,6.0,6.0
3978,12,8,1,10,1,1,3,1,23,9,,,,1,2013,115.0,3979,3,1,,99,6,12.0,7.0,6.0
3979,12,8,1,13,20,2,99,1,23,9,,,,1,2013,2007.0,3980,3,1,,2,4,14.0,1.0,4.0
3980,12,8,1,13,20,2,99,1,43,9,,,,1,2013,2007.0,3981,7,1,,42,5,3.0,2.0,5.0
3981,12,8,1,18,16,2,99,1,46,9,,,,2,2013,1601.0,3982,8,1,,44,3,1.0,6.0,3.0
3982,12,8,1,16,14,2,99,1,999,9,,,,1,2013,1410.0,3983,11,1,,99,6,99.0,99.0,6.0
3983,13,8,2,23,1,2,99,1,32,9,,,,1,2013,105.0,3984,5,1,,21,3,1.0,1.0,3.0
3984,13,8,2,14,1,2,99,1,30,9,,,,1,2013,115.0,3985,5,1,,99,6,5.0,99.0,6.0
3985,13,8,2,21,5,2,99,1,999,9,,,,1,2013,501.0,3986,11,1,,99,6,99.0,99.0,6.0
3986,13,8,2,2,9,2,99,1,999,9,,,,1,2013,904.0,3987,11,1,,19,6,5.0,99.0,6.0
3987,13,8,2,12,17,2,99,1,999,9,,,,1,2013,1705.0,3988,11,1,,99,6,99.0,99.0,6.0
3988,13,8,2,18,14,2,99,1,999,9,,,,1,2013,1420.0,3989,11,1,,99,6,4.0,99.0,6.0
3989,14,8,3,23,1,1,12,2,28,1,,,,1,2013,101.0,3990,4,1,,99,4,1.0,6.0,4.0
3990,14,8,3,23,1,2,99,1,44,1,,,,1,2013,115.0,3991,7,1,,44,5,2.0,99.0,5.0
3991,14,8,3,23,1,2,99,1,23,1,,,,1,2013,115.0,3992,3,1,,21,5,4.0,5.0,5.0
3992,14,8,3,21,19,2,99,1,999,1,,,,1,2013,1904.0,3993,11,1,,15,6,6.0,2.0,6.0
3993,14,8,3,21,19,2,99,1,62,1,,,,1,2013,1904.0,3994,10,1,,44,6,3.0,6.0,6.0
3994,14,8,3,21,19,2,99,1,999,1,,,,1,2013,1904.0,3995,11,1,,13,6,3.0,9.0,6.0
3995,14,8,3,8,5,2,99,1,27,1,,,,1,2013,501.0,3996,4,1,,99,6,5.0,99.0,6.0
3996,14,8,3,8,5,2,99,1,999,1,,,,1,2013,501.0,3997,11,1,,3,6,12.0,3.0,6.0
3997,14,8,3,8,5,2,99,1,35,1,,,,1,2013,501.0,3998,6,1,,13,4,3.0,1.0,4.0
3998,14,8,3,17,6,2,99,1,36,2,,,,2,2013,608.0,3999,6,1,,44,2,3.0,11.0,2.0
3999,14,8,3,12,10,2,99,2,32,1,,,,1,2013,1001.0,4000,5,1,,42,5,4.0,5.0,5.0
4000,14,8,3,12,10,2,99,1,44,1,,,,1,2013,1001.0,4001,7,1,,44,5,3.0,1.0,5.0
4001,14,8,3,16,16,2,99,1,20,1,,,,1,2013,1601.0,4002,3,1,,21,6,4.0,3.0,6.0
4002,14,8,3,16,16,2,99,1,999,1,,,,1,2013,1601.0,4003,11,1,,30,4,12.0,7.0,4.0
4003,14,8,3,9,14,1,1,1,53,1,,,,1,2013,1401.0,4004,9,1,,37,5,3.0,4.0,5.0
4004,14,8,3,9,14,1,1,1,19,1,,,,1,2013,1401.0,4005,2,1,,21,5,4.0,5.0,5.0
4005,14,8,3,14,14,2,99,1,22,1,,,,2,2013,1401.0,4006,3,1,,34,4,9.0,2.0,4.0
4006,15,8,4,9,1,1,1,2,30,1,,,,1,2013,101.0,4007,5,1,,32,3,1.0,3.0,3.0
4007,15,8,4,9,1,1,1,1,27,1,,,,1,2013,101.0,4008,4,1,,2,4,4.0,5.0,4.0
4008,15,8,4,6,1,1,16,1,20,2,,,,2,2013,101.0,4009,3,1,,5,6,1.0,9.0,6.0
4009,15,8,4,2,1,1,18,1,999,9,,,,1,2013,101.0,4010,11,1,,99,6,1.0,99.0,6.0
4010,15,8,4,2,1,1,18,2,35,1,,,,1,2013,101.0,4011,6,1,,99,6,4.0,5.0,6.0
4011,15,8,4,17,20,2,99,1,17,1,,,,2,2013,2001.0,4012,2,2,,99,6,1.0,99.0,6.0
4012,15,8,4,21,19,2,99,1,999,9,,,,1,2013,1904.0,4013,11,1,,15,6,6.0,2.0,6.0
4013,15,8,4,8,11,2,99,1,22,1,,,,1,2013,1101.0,4014,3,1,,44,3,2.0,1.0,3.0
4014,15,8,4,8,11,2,99,1,49,1,,,,1,2013,1101.0,4015,8,1,,21,4,4.0,4.0,4.0
4015,15,8,4,14,11,2,99,1,30,1,,,,1,2013,1108.0,4016,5,1,,19,3,5.0,2.0,3.0
4016,15,8,4,14,11,2,99,1,28,1,,,,1,2013,1108.0,4017,4,1,,44,6,3.0,9.0,6.0
4017,15,8,4,16,13,2,99,1,44,1,,,,1,2013,1301.0,4018,7,1,,32,4,1.0,4.0,4.0
4018,15,8,4,16,13,2,99,1,19,1,,,,1,2013,1301.0,4019,2,1,,2,5,4.0,1.0,5.0
4019,15,8,4,14,16,2,99,1,51,1,,,,1,2013,1617.0,4020,9,1,,13,2,5.0,1.0,2.0
4020,15,8,4,14,16,2,99,1,51,2,,,,1,2013,1617.0,4021,9,1,,99,6,4.0,2.0,6.0
4021,15,8,4,18,15,2,99,2,21,1,,,,1,2013,1501.0,4022,3,1,,41,6,4.0,1.0,6.0
4022,15,8,4,18,15,2,99,1,35,1,,,,1,2013,1501.0,4023,6,1,,40,3,4.0,3.0,3.0
4023,15,8,4,5,17,2,99,1,55,9,,,,2,2013,1701.0,4024,10,1,,99,6,9.0,99.0,6.0
4024,16,8,5,6,1,1,9,1,999,9,,,,1,2013,101.0,4025,11,1,,22,6,12.0,1.0,6.0
4025,16,8,5,6,1,1,9,1,999,9,,,,1,2013,101.0,4026,11,1,,22,6,12.0,1.0,6.0
4026,16,8,5,13,1,1,18,2,28,1,,,,1,2013,101.0,4027,4,1,,37,4,1.0,2.0,4.0
4027,16,8,5,13,1,1,18,1,51,1,,,,1,2013,101.0,4028,9,1,,21,4,4.0,5.0,4.0
4028,16,8,5,16,1,2,99,2,19,9,,,,1,2013,102.0,4029,2,1,,21,6,1.0,3.0,6.0
4029,16,8,5,16,1,2,99,1,33,1,,,,1,2013,102.0,4030,5,1,,5,4,2.0,4.0,4.0
4030,16,8,5,21,1,2,99,1,46,2,,,,1,2013,102.0,4031,8,1,,32,3,3.0,6.0,3.0
4031,16,8,5,21,1,2,99,1,37,1,,,,1,2013,102.0,4032,6,1,,99,4,2.0,4.0,4.0
4032,16,8,5,4,1,1,12,1,21,2,,,,1,2013,101.0,4033,3,1,,99,6,1.0,99.0,6.0
4033,16,8,5,4,1,1,12,1,29,1,,,,1,2013,101.0,4034,4,1,,99,6,1.0,99.0,6.0
4034,16,8,5,0,1,2,99,1,19,9,,,,2,2013,115.0,4035,2,1,,24,6,4.0,5.0,6.0
4035,16,8,5,15,1,1,8,1,32,2,,,,2,2013,108.0,4036,5,1,,42,4,4.0,1.0,4.0
4036,16,8,5,5,1,2,3,1,37,2,,,,1,2013,108.0,4037,6,1,,32,6,1.0,11.0,6.0
4037,16,8,5,5,1,2,3,1,27,1,,,,1,2013,108.0,4038,4,1,,99,6,4.0,99.0,6.0
4038,16,8,5,12,6,2,99,1,52,9,,,,1,2013,608.0,4039,9,1,,21,4,2.0,4.0,4.0
4039,16,8,5,12,6,2,99,1,17,9,,,,1,2013,608.0,4040,2,1,,10,5,4.0,5.0,5.0
4040,16,8,5,23,12,2,99,1,26,1,,,,1,2013,1202.0,4041,4,1,,44,6,1.0,3.0,6.0
4041,16,8,5,23,12,2,99,1,999,1,,,,1,2013,1202.0,4042,11,1,,99,6,1.0,99.0,6.0
4042,16,8,5,17,13,2,99,1,20,1,,,,1,2013,1301.0,4043,3,1,,99,6,3.0,2.0,6.0
4043,16,8,5,19,16,2,99,1,26,1,,,,1,2013,1610.0,4044,4,1,,42,4,4.0,3.0,4.0
4044,16,8,5,19,16,2,99,1,28,1,,,,1,2013,1610.0,4045,4,1,,24,6,4.0,1.0,6.0
4045,16,8,5,20,18,2,99,1,29,1,,,,1,2013,1801.0,4046,4,1,,32,3,1.0,4.0,3.0
4046,16,8,5,20,18,2,99,1,22,1,,,,1,2013,1801.0,4047,3,1,,42,4,4.0,5.0,4.0
4047,16,8,5,8,17,2,99,1,33,1,,,,1,2013,1712.0,4048,5,1,,34,4,1.0,5.0,4.0
4048,16,8,5,8,17,2,99,1,49,1,,,,1,2013,1712.0,4049,8,1,,15,3,6.0,2.0,3.0
4049,16,8,5,16,17,2,99,1,31,1,,,,1,2013,1705.0,4050,5,1,,32,6,3.0,5.0,6.0
4050,16,8,5,5,17,2,99,1,18,1,,,,1,2013,1701.0,4051,2,1,,24,6,4.0,1.0,6.0
4051,16,8,5,5,17,2,99,1,999,1,,,,1,2013,1701.0,4052,11,1,,99,6,9.0,1.0,6.0
4052,16,8,5,18,4,2,99,1,40,1,,,,1,2013,409.0,4053,7,1,,44,6,1.0,4.0,6.0
4053,16,8,5,18,4,2,99,1,44,1,,,,1,2013,409.0,4054,7,1,,32,6,3.0,6.0,6.0
4054,17,8,6,1,1,1,1,1,29,2,,,,1,2013,101.0,4055,4,1,,20,4,1.0,5.0,4.0
4055,17,8,6,1,1,1,1,1,29,1,,,,1,2013,101.0,4056,4,1,,5,4,10.0,2.0,4.0
4056,17,8,6,23,1,1,7,1,60,9,,,,1,2013,101.0,4057,10,1,,21,6,1.0,11.0,6.0
4057,17,8,6,23,1,1,7,1,45,9,,,,1,2013,101.0,4058,8,1,,24,6,4.0,5.0,6.0
4058,17,8,6,17,22,2,99,1,58,9,,,,3,2013,2217.0,4059,10,1,,15,6,6.0,3.0,6.0
4059,17,8,6,16,20,2,99,1,999,9,,,,1,2013,2001.0,4060,11,1,,99,6,99.0,99.0,6.0
4060,17,8,6,16,20,2,99,1,25,9,,,,1,2013,2001.0,4061,4,1,,99,6,4.0,99.0,6.0
4061,17,8,6,8,19,2,99,1,29,9,,,,1,2013,1902.0,4062,4,1,,99,6,4.0,1.0,6.0
4062,17,8,6,8,19,2,99,1,999,9,,,,1,2013,1902.0,4063,11,1,,99,6,3.0,6.0,6.0
4063,17,8,6,10,19,2,99,1,40,9,,,,3,2013,1902.0,4064,7,1,,99,6,4.0,5.0,6.0
4064,17,8,6,15,5,2,99,1,36,9,,,,1,2013,505.0,4065,6,1,,15,3,6.0,2.0,3.0
4065,17,8,6,15,5,2,99,1,999,9,,,,1,2013,505.0,4066,11,1,,40,6,4.0,3.0,6.0
4066,17,8,6,15,12,2,99,1,30,9,,,,1,2013,1211.0,4067,5,1,,20,6,2.0,4.0,6.0
4067,17,8,6,15,12,2,99,1,30,9,,,,1,2013,1211.0,4068,5,1,,44,6,3.0,1.0,6.0
4068,17,8,6,22,4,2,99,1,22,9,,,,1,2013,401.0,4069,3,1,,2,4,4.0,9.0,4.0
4069,17,8,6,22,4,2,99,1,23,9,,,,1,2013,401.0,4070,3,1,,24,6,4.0,14.0,6.0
4070,18,8,7,20,1,1,1,1,23,2,,,,1,2013,101.0,4071,3,1,,21,6,1.0,6.0,6.0
4071,18,8,7,20,1,1,1,1,50,1,,,,1,2013,101.0,4072,9,1,,20,6,10.0,2.0,6.0
4072,18,8,7,23,1,1,9,1,27,2,,,,1,2013,101.0,4073,4,1,,17,6,1.0,5.0,6.0
4073,18,8,7,23,1,1,9,1,24,9,,,,1,2013,101.0,4074,3,1,,33,6,12.0,1.0,6.0
4074,18,8,7,17,1,1,9,1,20,1,,,,1,2013,101.0,4075,3,1,,40,4,4.0,5.0,4.0
4075,18,8,7,17,1,1,9,1,34,1,,,,1,2013,101.0,4076,5,1,,22,3,12.0,1.0,3.0
4076,18,8,7,0,1,1,18,1,23,2,,,,1,2013,101.0,4077,3,1,,34,6,3.0,4.0,6.0
4077,18,8,7,0,1,1,18,1,58,9,,,,1,2013,101.0,4078,10,1,,44,6,1.0,2.0,6.0
4078,18,8,7,0,1,1,18,1,35,9,,,,1,2013,101.0,4079,6,1,,99,6,1.0,99.0,6.0
4079,18,8,7,19,1,1,12,1,26,1,,,,1,2013,101.0,4080,4,1,,24,6,4.0,1.0,6.0
4080,18,8,7,19,1,1,12,1,52,1,,,,1,2013,101.0,4081,9,1,,99,6,12.0,1.0,6.0
4081,18,8,7,23,21,2,99,1,20,1,,,,1,2013,2106.0,4082,3,1,,2,6,14.0,1.0,6.0
4082,18,8,7,23,21,2,99,1,999,9,,,,1,2013,2106.0,4083,11,1,,23,6,5.0,2.0,6.0
4083,18,8,7,19,5,2,99,1,45,9,,,,1,2013,501.0,4084,8,1,,21,6,1.0,4.0,6.0
4084,18,8,7,19,5,2,99,1,45,9,,,,1,2013,501.0,4085,8,1,,24,6,4.0,4.0,6.0
4085,18,8,7,22,5,2,99,1,31,9,,,,1,2013,501.0,4086,5,1,,41,6,4.0,1.0,6.0
4086,18,8,7,22,5,2,99,1,27,9,,,,1,2013,501.0,4087,4,1,,14,6,4.0,1.0,6.0
4087,18,8,7,7,5,2,99,2,25,9,,,,1,2013,502.0,4088,4,1,,44,6,3.0,99.0,6.0
4088,18,8,7,7,5,2,99,1,999,9,,,,1,2013,502.0,4089,11,1,,99,6,4.0,99.0,6.0
4089,18,8,7,7,5,2,99,1,999,9,,,,1,2013,501.0,4090,11,1,,5,6,3.0,3.0,6.0
4090,18,8,7,7,5,2,99,1,30,9,,,,1,2013,501.0,4091,5,1,,36,6,4.0,1.0,6.0
4091,18,8,7,0,9,1,3,1,23,9,,,,1,2013,901.0,4092,3,1,,46,6,3.0,3.0,6.0
4092,18,8,7,0,9,1,3,1,22,2,,,,1,2013,901.0,4093,3,1,,41,6,4.0,3.0,6.0
4093,18,8,7,22,2,2,99,1,23,1,,,,1,2013,207.0,4094,3,1,,42,6,1.0,3.0,6.0
4094,18,8,7,22,2,2,99,1,43,1,,,,1,2013,207.0,4095,7,1,,21,6,1.0,4.0,6.0
4095,18,8,7,8,14,1,5,1,33,1,,,,1,2013,1401.0,4096,5,1,,44,6,9.0,3.0,6.0
4096,18,8,7,8,14,1,5,1,24,1,,,,1,2013,1401.0,4097,3,1,,44,6,9.0,2.0,6.0
4097,19,8,1,19,1,1,7,1,32,2,,,,1,2013,117.0,4098,5,1,,23,6,2.0,2.0,6.0
4098,19,8,1,9,19,1,1,1,26,1,,,,3,2013,1901.0,4099,4,1,,42,6,4.0,5.0,6.0
4099,19,8,1,10,5,2,99,1,20,1,,,,3,2013,511.0,4100,3,1,,5,6,3.0,2.0,6.0
4100,19,8,1,13,16,1,1,1,23,1,,,,2,2013,1604.0,4101,3,1,,44,4,3.0,2.0,4.0
4101,19,8,1,22,14,2,99,1,27,1,,,,1,2013,1420.0,4102,4,1,,44,6,3.0,2.0,6.0
4102,19,8,1,22,14,2,99,1,22,1,,,,1,2013,1420.0,4103,3,1,,41,6,4.0,3.0,6.0
4103,19,8,1,16,4,2,99,1,40,1,,,,1,2013,401.0,4104,7,1,,23,4,5.0,2.0,4.0
4104,19,8,1,16,4,2,99,1,42,1,,,,1,2013,401.0,4105,7,1,,22,6,12.0,6.0,6.0
4105,20,8,2,20,1,1,2,1,29,1,,,,1,2013,101.0,4106,4,1,,2,6,4.0,5.0,6.0
4106,20,8,2,20,1,1,2,1,22,1,,,,1,2013,101.0,4107,3,1,,34,6,11.0,2.0,6.0
4107,20,8,2,18,10,2,99,1,26,1,,,,1,2013,1002.0,4108,4,1,,44,2,3.0,3.0,2.0
4108,20,8,2,18,10,2,99,1,34,1,,,,1,2013,1002.0,4109,5,1,,21,6,4.0,1.0,6.0
4109,20,8,2,13,9,1,2,1,46,1,,,,1,2013,920.0,4110,8,1,,44,6,9.0,2.0,6.0
4110,20,8,2,13,9,1,2,1,51,1,,,,1,2013,920.0,4111,9,1,,44,6,9.0,3.0,6.0
4111,20,8,2,13,3,2,99,1,36,1,,,,1,2013,301.0,4112,6,1,,42,6,4.0,7.0,6.0
4112,20,8,2,13,3,2,99,1,17,9,,,,1,2013,301.0,4113,2,2,,99,6,4.0,99.0,6.0
4113,21,8,3,11,1,1,6,1,34,1,,,,1,2013,101.0,4114,5,1,,15,3,5.0,2.0,3.0
4114,21,8,3,11,1,1,6,1,29,1,,,,1,2013,101.0,4115,4,1,,44,4,3.0,2.0,4.0
4115,21,8,3,20,5,2,99,1,32,9,,,,1,2013,501.0,4116,5,1,,32,3,1.0,9.0,3.0
4116,21,8,3,20,5,2,99,1,35,9,,,,1,2013,501.0,4117,6,1,,23,3,3.0,1.0,3.0
4117,21,8,3,11,10,1,1,1,23,9,,,,1,2013,1001.0,4118,3,1,,45,5,14.0,1.0,5.0
4118,21,8,3,11,10,1,1,2,45,9,,,,1,2013,1001.0,4119,8,1,,99,6,4.0,3.0,6.0
4119,21,8,3,17,12,2,99,1,38,1,,,,1,2013,1226.0,4120,6,1,,44,3,3.0,4.0,3.0
4120,21,8,3,21,13,2,99,1,26,2,,,,1,2013,1328.0,4121,4,1,,44,2,3.0,2.0,2.0
4121,21,8,3,9,17,2,99,1,47,1,,,,1,2013,1701.0,4122,8,1,,20,4,2.0,4.0,4.0
4122,21,8,3,9,17,2,99,1,30,1,,,,1,2013,1701.0,4123,5,1,,44,4,3.0,4.0,4.0
4123,21,8,3,17,17,2,99,1,999,9,,,,1,2013,1712.0,4124,11,1,,99,6,1.0,99.0,6.0
4124,21,8,3,16,4,2,99,1,38,2,,,,1,2013,416.0,4125,6,1,,34,3,3.0,3.0,3.0
4125,21,8,3,16,4,2,99,1,36,1,,,,1,2013,416.0,4126,6,1,,23,2,3.0,4.0,2.0
4126,22,8,4,15,1,1,5,1,47,1,,,,2,2013,101.0,4127,8,1,,13,2,2.0,2.0,2.0
4127,22,8,4,17,1,1,12,1,28,1,,,,1,2013,101.0,4128,4,1,,34,6,1.0,5.0,6.0
4128,22,8,4,17,1,1,12,2,30,1,,,,1,2013,101.0,4129,5,1,,5,6,1.0,4.0,6.0
4129,22,8,4,13,1,1,9,1,20,1,,,,1,2013,108.0,4130,3,1,,99,6,3.0,5.0,6.0
4130,22,8,4,13,1,1,9,1,26,1,,,,1,2013,108.0,4131,4,1,,2,6,4.0,5.0,6.0
4131,22,8,4,22,20,2,99,1,999,1,,,,1,2013,2001.0,4132,11,1,,5,6,2.0,2.0,6.0
4132,22,8,4,22,20,2,99,1,40,1,,,,1,2013,2001.0,4133,7,1,,40,6,4.0,3.0,6.0
4133,22,8,4,9,9,2,99,1,38,1,,,,1,2013,905.0,4134,6,1,,44,6,3.0,5.0,6.0
4134,22,8,4,9,9,2,99,1,44,1,,,,1,2013,905.0,4135,7,1,,15,6,6.0,1.0,6.0
4135,22,8,4,13,12,2,99,1,52,1,,,,1,2013,1219.0,4136,9,1,,2,4,14.0,1.0,4.0
4136,22,8,4,13,12,2,99,1,21,1,,,,1,2013,1219.0,4137,3,1,,21,4,4.0,5.0,4.0
4137,22,8,4,15,18,2,99,1,27,9,,,,1,2013,1801.0,4138,4,1,,42,6,4.0,5.0,6.0
4138,22,8,4,15,18,2,99,1,27,9,,,,1,2013,1801.0,4139,4,1,,21,6,4.0,1.0,6.0
4139,22,8,4,4,14,2,99,1,33,2,,,,1,2013,1413.0,4140,5,1,,21,6,4.0,3.0,6.0
4140,22,8,4,4,14,2,99,1,999,1,,,,1,2013,1413.0,4141,11,1,,99,6,2.0,4.0,6.0
4141,23,8,5,12,1,1,1,1,25,1,,,,1,2013,101.0,4142,4,1,,5,4,1.0,1.0,4.0
4142,23,8,5,12,1,1,1,1,32,1,,,,1,2013,101.0,4143,5,1,,2,6,4.0,3.0,6.0
4143,23,8,5,11,1,1,5,1,46,1,,,,1,2013,101.0,4144,8,1,,44,2,1.0,1.0,2.0
4144,23,8,5,11,1,1,5,1,33,1,,,,1,2013,101.0,4145,5,1,,99,6,4.0,99.0,6.0
4145,23,8,5,14,1,1,12,1,22,1,,,,1,2013,101.0,4146,3,1,,37,6,4.0,5.0,6.0
4146,23,8,5,14,1,1,12,1,23,1,,,,1,2013,101.0,4147,3,1,,99,6,4.0,5.0,6.0
4147,23,8,5,15,1,1,7,1,39,1,,,,1,2013,101.0,4148,6,1,,15,2,6.0,9.0,2.0
4148,23,8,5,15,1,1,7,1,50,1,,,,1,2013,101.0,4149,9,1,,42,6,4.0,1.0,6.0
4149,23,8,5,22,1,1,7,1,25,2,,,,1,2013,101.0,4150,4,1,,99,3,1.0,8.0,3.0
4150,23,8,5,22,1,1,7,1,31,1,,,,1,2013,101.0,4151,5,1,,32,3,1.0,6.0,3.0
4151,23,8,5,22,1,1,7,1,999,1,,,,1,2013,101.0,4152,11,1,,5,6,3.0,2.0,6.0
4152,23,8,5,13,1,1,7,1,999,9,,,,1,2013,101.0,4153,11,1,,99,6,1.0,99.0,6.0
4153,23,8,5,13,1,1,7,1,20,1,,,,1,2013,101.0,4154,3,1,,99,6,2.0,99.0,6.0
4154,23,8,5,22,1,2,99,1,999,9,,,,1,2013,114.0,4155,11,1,,22,6,7.0,6.0,6.0
4155,23,8,5,22,1,2,99,2,26,1,,,,1,2013,114.0,4156,4,1,,13,3,3.0,4.0,3.0
4156,23,8,5,22,1,1,3,1,32,2,,,,2,2013,116.0,4157,5,1,,30,6,2.0,3.0,6.0
4157,23,8,5,20,1,1,4,1,31,1,,,,2,2013,108.0,4158,5,1,,13,2,12.0,99.0,2.0
4158,23,8,5,2,20,2,99,1,25,2,,,,1,2013,2001.0,4159,4,1,,5,4,2.0,2.0,4.0
4159,23,8,5,2,20,2,99,1,31,1,,,,1,2013,2001.0,4160,5,1,,99,6,4.0,99.0,6.0
4160,23,8,5,16,12,2,99,1,21,1,,,,1,2013,1218.0,4161,3,1,,44,4,9.0,2.0,4.0
4161,23,8,5,16,12,2,99,1,40,1,,,,1,2013,1218.0,4162,7,1,,44,2,3.0,4.0,2.0
4162,23,8,5,0,2,2,99,1,36,1,,,,1,2013,201.0,4163,6,1,,15,3,5.0,3.0,3.0
4163,23,8,5,0,2,2,99,1,31,1,,,,1,2013,201.0,4164,5,1,,99,6,4.0,5.0,6.0
4164,23,8,5,22,18,2,99,1,35,1,,,,1,2013,1802.0,4165,6,1,,15,6,5.0,8.0,6.0
4165,23,8,5,22,18,2,99,1,28,1,,,,1,2013,1802.0,4166,4,1,,37,6,1.0,4.0,6.0
4166,23,8,5,5,17,2,99,1,63,1,,,,1,2013,1709.0,4167,10,1,,99,4,7.0,1.0,4.0
4167,23,8,5,5,17,2,99,9,999,9,,,,1,2013,1709.0,4168,11,9,,99,6,6.0,99.0,6.0
4168,23,8,5,8,17,2,99,1,61,1,,,,1,2013,1705.0,4169,10,1,,44,2,3.0,6.0,2.0
4169,23,8,5,8,17,2,99,1,36,1,,,,1,2013,1705.0,4170,6,1,,42,6,4.0,1.0,6.0
4170,23,8,5,17,4,2,99,1,37,2,,,,1,2013,409.0,4171,6,1,,32,6,3.0,4.0,6.0
4171,23,8,5,17,4,2,99,1,37,1,,,,1,2013,409.0,4172,6,1,,23,3,5.0,2.0,3.0
4172,24,8,6,23,1,1,1,2,26,1,,,,1,2013,101.0,4173,4,1,,44,3,1.0,3.0,3.0
4173,24,8,6,23,1,1,1,1,38,1,,,,1,2013,101.0,4174,6,1,,32,3,1.0,3.0,3.0
4174,24,8,6,3,1,1,9,1,38,2,,,,1,2013,101.0,4175,6,1,,37,6,3.0,4.0,6.0
4175,24,8,6,3,1,1,9,1,30,1,,,,1,2013,101.0,4176,5,1,,30,6,2.0,5.0,6.0
4176,24,8,6,22,1,1,6,1,999,9,,,,1,2013,101.0,4177,11,9,,44,6,1.0,4.0,6.0
4177,24,8,6,22,1,1,6,1,22,9,,,,1,2013,101.0,4178,3,1,,10,6,4.0,3.0,6.0
4178,24,8,6,9,1,2,99,9,999,9,,,,1,2013,102.0,4179,11,9,,99,6,7.0,11.0,6.0
4179,24,8,6,9,1,2,99,1,35,1,,,,1,2013,103.0,4180,6,1,,32,4,1.0,4.0,4.0
4180,24,8,6,9,1,2,99,1,32,1,,,,1,2013,103.0,4181,5,1,,37,3,3.0,9.0,3.0
4181,24,8,6,9,1,2,99,1,47,1,,,,1,2013,103.0,4182,8,1,,22,3,5.0,4.0,3.0
4182,24,8,6,12,1,2,99,9,999,9,,,,1,2013,102.0,4183,11,9,,99,6,99.0,99.0,6.0
4183,24,8,6,12,1,2,99,1,62,1,,,,1,2013,102.0,4184,10,1,,99,6,4.0,5.0,6.0
4184,24,8,6,19,1,1,5,1,22,2,,,,1,2013,101.0,4185,3,1,,21,6,1.0,6.0,6.0
4185,24,8,6,19,1,1,5,2,50,1,,,,1,2013,101.0,4186,9,1,,44,5,1.0,14.0,5.0
4186,24,8,6,19,1,1,5,9,999,9,,,,1,2013,101.0,4187,11,9,,46,6,1.0,8.0,6.0
4187,24,8,6,19,1,1,5,9,999,9,,,,1,2013,101.0,4188,11,9,,99,6,4.0,99.0,6.0
4188,24,8,6,19,1,1,5,9,999,9,,,,1,2013,101.0,4189,11,9,,99,6,1.0,2.0,6.0
4189,24,8,6,3,1,1,7,9,999,9,,,,1,2013,101.0,4190,11,9,,99,6,2.0,6.0,6.0
4190,24,8,6,3,1,1,7,1,19,1,,,,1,2013,101.0,4191,2,1,,2,6,4.0,1.0,6.0
4191,24,8,6,1,1,1,12,9,999,9,,,,1,2013,101.0,4192,11,9,,99,6,1.0,99.0,6.0
4192,24,8,6,1,1,1,12,1,28,1,,,,1,2013,101.0,4193,4,1,,99,6,4.0,5.0,6.0
4193,24,8,6,20,1,1,12,1,29,1,,,,1,2013,101.0,4194,4,1,,46,4,1.0,2.0,4.0
4194,24,8,6,20,1,1,12,1,28,2,,,,1,2013,101.0,4195,4,1,,24,5,4.0,1.0,5.0
4195,24,8,6,3,1,2,99,1,39,2,,,,1,2013,114.0,4196,6,1,,34,6,2.0,5.0,6.0
4196,24,8,6,3,1,2,99,1,65,1,,,,1,2013,114.0,4197,10,1,,15,6,5.0,2.0,6.0
4197,24,8,6,1,21,2,99,1,23,1,,,,1,2013,2104.0,4198,3,1,,99,6,3.0,5.0,6.0
4198,24,8,6,1,21,2,99,1,22,2,,,,1,2013,2104.0,4199,3,1,,41,6,4.0,1.0,6.0
4199,24,8,6,21,20,2,99,1,21,1,,,,2,2013,2001.0,4200,3,1,,99,6,4.0,99.0,6.0
4200,24,8,6,22,5,2,99,1,37,2,,,,1,2013,501.0,4201,6,1,,23,6,1.0,2.0,6.0
4201,24,8,6,22,5,2,99,1,24,1,,,,1,2013,501.0,4202,3,1,,32,6,1.0,2.0,6.0
4202,24,8,6,22,10,2,99,1,36,2,,,,1,2013,1011.0,4203,6,1,,23,6,2.0,4.0,6.0
4203,24,8,6,22,10,2,99,1,999,1,,,,1,2013,1011.0,4204,11,1,,13,3,12.0,7.0,3.0
4204,24,8,6,14,10,2,99,9,999,9,,,,1,2013,1013.0,4205,11,9,,99,6,7.0,5.0,6.0
4205,24,8,6,14,10,2,99,1,35,1,,,,1,2013,1013.0,4206,6,1,,42,5,4.0,5.0,5.0
4206,24,8,6,15,13,2,99,1,38,2,,,,1,2013,1323.0,4207,6,1,,13,6,3.0,99.0,6.0
4207,24,8,6,15,13,2,99,1,44,1,,,,1,2013,1323.0,4208,7,1,,33,2,7.0,2.0,2.0
4208,24,8,6,20,2,2,99,1,25,1,,,,1,2013,207.0,4209,4,1,,32,6,2.0,1.0,6.0
4209,24,8,6,20,2,2,99,1,23,1,,,,1,2013,207.0,4210,3,1,,99,6,4.0,99.0,6.0
4210,24,8,6,16,2,2,99,1,999,2,,,,1,2013,202.0,4211,11,1,,21,6,4.0,9.0,6.0
4211,24,8,6,16,2,2,99,1,35,1,,,,1,2013,202.0,4212,6,1,,99,6,4.0,1.0,6.0
4212,24,8,6,13,4,2,99,9,999,9,,,,1,2013,406.0,4213,11,9,,99,6,99.0,99.0,6.0
4213,24,8,6,13,4,2,99,1,27,1,,,,1,2013,406.0,4214,4,1,,21,6,4.0,1.0,6.0
4214,25,8,7,15,1,1,1,1,25,1,,,,1,2013,101.0,4215,4,1,,34,4,1.0,4.0,4.0
4215,25,8,7,15,1,1,1,1,34,1,,,,1,2013,101.0,4216,5,1,,99,6,4.0,5.0,6.0
4216,25,8,7,21,1,1,1,1,50,1,,,,1,2013,101.0,4217,9,1,,37,3,9.0,2.0,3.0
4217,25,8,7,21,1,1,1,1,31,1,,,,1,2013,101.0,4218,5,1,,99,6,12.0,2.0,6.0
4218,25,8,7,18,1,1,6,1,31,2,,,,1,2013,101.0,4219,5,1,,34,4,1.0,11.0,4.0
4219,25,8,7,18,1,1,6,1,28,1,,,,1,2013,101.0,4220,4,1,,34,4,1.0,3.0,4.0
4220,25,8,7,12,1,1,13,9,999,9,,,,1,2013,101.0,4221,11,9,,99,6,99.0,99.0,6.0
4221,25,8,7,12,1,1,13,1,999,1,,,,1,2013,101.0,4222,11,1,,42,6,11.0,2.0,6.0
4222,25,8,7,2,1,1,7,1,20,2,,,,1,2013,101.0,4223,3,1,,20,4,3.0,2.0,4.0
4223,25,8,7,2,1,1,7,1,999,1,,,,1,2013,101.0,4224,11,1,,44,2,1.0,6.0,2.0
4224,25,8,7,2,1,1,7,1,999,1,,,,1,2013,101.0,4225,11,1,,20,4,1.0,2.0,4.0
4225,25,8,7,16,1,1,7,1,22,9,,,,1,2013,101.0,4226,3,1,,32,3,1.0,10.0,3.0
4226,25,8,7,16,1,1,7,1,31,1,,,,1,2013,101.0,4227,5,1,,44,3,1.0,2.0,3.0
4227,25,8,7,9,1,1,6,1,28,2,,,,2,2013,115.0,4228,4,1,,99,6,1.0,6.0,6.0
4228,25,8,7,0,1,2,99,1,26,2,,,,1,2013,116.0,4229,4,1,,44,4,1.0,1.0,4.0
4229,25,8,7,0,1,2,99,1,56,2,,,,1,2013,116.0,4230,10,1,,5,2,3.0,5.0,2.0
4230,25,8,7,23,1,1,11,9,999,9,,,,1,2013,116.0,4231,11,9,,99,6,99.0,99.0,6.0
4231,25,8,7,23,1,1,11,1,20,1,,,,1,2013,116.0,4232,3,1,,99,6,4.0,99.0,6.0
4232,25,8,7,20,22,2,99,1,38,2,,,,3,2013,2215.0,4233,6,1,,44,6,3.0,2.0,6.0
4233,25,8,7,1,21,1,6,1,19,2,,,,1,2013,2101.0,4234,2,1,,40,6,4.0,2.0,6.0
4234,25,8,7,1,21,1,6,1,23,2,,,,1,2013,2101.0,4235,3,1,,99,6,4.0,5.0,6.0
4235,25,8,7,16,10,2,99,1,50,1,,,,1,2013,1001.0,4236,9,1,,32,4,3.0,6.0,4.0
4236,25,8,7,16,10,2,99,2,25,1,,,,1,2013,1001.0,4237,4,1,,31,4,4.0,6.0,4.0
4237,25,8,7,16,10,2,99,1,17,1,,,,1,2013,1001.0,4238,2,2,,99,5,1.0,3.0,5.0
4238,25,8,7,11,9,1,5,1,65,1,,,,1,2013,901.0,4239,10,1,,34,6,9.0,9.0,6.0
4239,25,8,7,11,9,1,5,1,55,1,,,,1,2013,901.0,4240,10,1,,13,6,1.0,1.0,6.0
4240,25,8,7,15,12,2,99,1,27,2,,,,1,2013,1202.0,4241,4,1,,24,4,4.0,4.0,4.0
4241,25,8,7,15,12,2,99,1,23,1,,,,1,2013,1202.0,4242,3,1,,44,2,3.0,14.0,2.0
4242,25,8,7,11,2,2,99,2,44,1,,,,1,2013,201.0,4243,7,1,,15,3,6.0,2.0,3.0
4243,25,8,7,11,2,2,99,1,44,1,,,,1,2013,201.0,4244,7,1,,21,5,2.0,2.0,5.0
4244,25,8,7,11,2,2,99,1,999,1,,,,1,2013,201.0,4245,11,1,,14,5,4.0,5.0,5.0
4245,25,8,7,23,18,2,99,9,999,9,,,,1,2013,1804.0,4246,11,9,,99,6,5.0,99.0,6.0
4246,25,8,7,23,18,2,99,1,33,2,,,,1,2013,1804.0,4247,5,1,,99,6,4.0,99.0,6.0
4247,25,8,7,9,17,2,99,9,999,9,,,,1,2013,1712.0,4248,11,9,,99,6,99.0,99.0,6.0
4248,25,8,7,9,17,2,99,1,71,1,,,,1,2013,1712.0,4249,10,1,,99,6,4.0,99.0,6.0
4249,26,8,1,17,1,1,1,1,40,1,,,,1,2013,101.0,4250,7,1,,44,3,1.0,8.0,3.0
4250,26,8,1,17,1,1,1,1,22,1,,,,1,2013,101.0,4251,3,1,,42,5,4.0,5.0,5.0
4251,26,8,1,20,1,1,6,1,38,2,,,,1,2013,101.0,4252,6,1,,23,3,5.0,2.0,3.0
4252,26,8,1,20,1,1,6,1,28,1,,,,1,2013,101.0,4253,4,1,,44,3,1.0,2.0,3.0
4253,26,8,1,21,1,1,13,1,999,9,,,,1,2013,101.0,4254,11,1,,99,6,1.0,2.0,6.0
4254,26,8,1,21,1,1,13,1,28,9,,,,1,2013,101.0,4255,4,1,,99,6,4.0,2.0,6.0
4255,26,8,1,16,1,1,7,1,999,9,,,,1,2013,101.0,4256,11,1,,99,6,4.0,99.0,6.0
4256,26,8,1,16,1,1,7,1,999,9,,,,1,2013,101.0,4257,11,1,,99,6,1.0,99.0,6.0
4257,26,8,1,16,1,1,11,1,999,9,,,,1,2013,101.0,4258,11,1,,14,6,4.0,5.0,6.0
4258,26,8,1,16,1,1,11,1,999,9,,,,1,2013,101.0,4259,11,1,,32,6,1.0,11.0,6.0
4259,26,8,1,8,1,2,99,1,25,1,,,,2,2013,110.0,4260,4,1,,15,2,12.0,99.0,2.0
4260,26,8,1,23,1,2,3,1,33,2,,,,1,2013,108.0,4261,5,1,,44,4,3.0,2.0,4.0
4261,26,8,1,23,1,2,3,1,39,1,,,,1,2013,108.0,4262,6,1,,44,4,1.0,5.0,4.0
4262,26,8,1,23,1,2,3,2,42,1,,,,1,2013,108.0,4263,7,1,,44,4,1.0,1.0,4.0
4263,26,8,1,20,5,2,99,1,42,2,,,,3,2013,501.0,4264,7,1,,23,6,3.0,2.0,6.0
4264,26,8,1,17,6,2,99,1,999,9,,,,1,2013,601.0,4265,11,1,,44,6,3.0,11.0,6.0
4265,26,8,1,17,6,2,99,1,999,9,,,,1,2013,601.0,4266,11,1,,99,6,6.0,99.0,6.0
4266,26,8,1,16,13,2,99,1,39,2,,,,1,2013,1326.0,4267,6,1,,44,6,2.0,4.0,6.0
4267,26,8,1,16,13,2,99,2,999,1,,,,1,2013,1326.0,4268,11,1,,20,2,3.0,3.0,2.0
4268,26,8,1,22,16,2,99,1,61,1,,,,1,2013,1601.0,4269,10,1,,42,4,1.0,2.0,4.0
4269,26,8,1,22,16,2,99,1,31,1,,,,1,2013,1601.0,4270,5,1,,21,5,4.0,1.0,5.0
4270,27,8,2,10,22,2,99,1,53,1,,,,1,2013,2214.0,4271,9,1,,15,6,6.0,2.0,6.0
4271,27,8,2,10,22,2,99,2,16,9,,,,1,2013,2214.0,4272,2,2,,42,6,4.0,3.0,6.0
4272,27,8,2,8,5,2,99,1,34,9,,,,1,2013,501.0,4273,5,1,,42,6,3.0,1.0,6.0
4273,27,8,2,8,5,2,99,1,27,9,,,,1,2013,501.0,4274,4,1,,31,6,4.0,1.0,6.0
4274,27,8,2,21,10,2,99,1,37,9,,,,1,2013,1002.0,4275,6,1,,21,6,1.0,5.0,6.0
4275,27,8,2,21,10,2,99,1,999,9,,,,1,2013,1002.0,4276,11,1,,5,6,2.0,8.0,6.0
4276,27,8,2,22,11,1,6,1,999,9,,,,1,2013,1101.0,4277,11,1,,44,6,3.0,5.0,6.0
4277,27,8,2,22,11,1,6,1,30,9,,,,1,2013,1101.0,4278,5,1,,2,6,4.0,3.0,6.0
4278,27,8,2,16,9,2,99,1,28,9,,,,1,2013,916.0,4279,4,1,,19,6,5.0,2.0,6.0
4279,27,8,2,16,9,2,99,1,34,9,,,,1,2013,916.0,4280,5,1,,44,6,3.0,2.0,6.0
4280,27,8,2,16,9,2,99,1,22,9,,,,1,2013,916.0,4281,3,1,,30,6,5.0,2.0,6.0
4281,27,8,2,16,9,2,99,1,43,9,,,,1,2013,909.0,4282,7,1,,44,6,3.0,8.0,6.0
4282,27,8,2,16,9,2,99,1,56,2,,,,1,2013,909.0,4283,10,1,,44,3,3.0,5.0,3.0
4283,28,8,3,2,1,1,1,1,23,9,,,,1,2013,101.0,4284,3,1,,4,6,1.0,4.0,6.0
4284,28,8,3,2,1,1,1,1,25,9,,,,1,2013,101.0,4285,4,1,,21,4,4.0,2.0,4.0
4285,28,8,3,9,1,1,7,2,35,1,,,,1,2013,101.0,4286,6,1,,46,6,1.0,11.0,6.0
4286,28,8,3,9,1,1,7,1,999,9,,,,1,2013,101.0,4287,11,1,,99,6,4.0,99.0,6.0
4287,28,8,3,10,1,1,4,1,36,1,,,,1,2013,108.0,4288,6,1,,20,6,10.0,1.0,6.0
4288,28,8,3,10,1,1,4,1,19,1,,,,1,2013,108.0,4289,2,1,,40,6,4.0,1.0,6.0
4289,28,8,3,22,12,2,99,1,23,9,,,,4,2013,1201.0,4290,3,1,,99,6,14.0,1.0,6.0
4290,28,8,3,22,18,2,99,1,62,2,,,,1,2013,1801.0,4291,10,1,,13,6,3.0,1.0,6.0
4291,28,8,3,22,18,2,99,1,48,1,,,,1,2013,1801.0,4292,8,1,,15,6,6.0,2.0,6.0
4292,28,8,3,8,17,2,99,1,35,9,,,,2,2013,1701.0,4293,6,1,,32,6,1.0,6.0,6.0
4293,28,8,3,18,3,2,99,1,45,1,,,,1,2013,308.0,4294,8,1,,44,6,9.0,1.0,6.0
4294,28,8,3,18,3,2,99,1,999,9,,,,1,2013,308.0,4295,11,1,,99,6,7.0,2.0,6.0
4295,29,8,4,18,22,2,99,1,21,2,,,,2,2013,2201.0,4296,3,1,,40,4,4.0,3.0,4.0
4296,29,8,4,22,5,2,99,9,999,9,,,,1,2013,501.0,4297,11,9,,99,6,1.0,99.0,6.0
4297,29,8,4,17,4,2,99,9,999,9,,,,1,2013,409.0,4298,11,9,,99,6,2.0,4.0,6.0
4298,29,8,4,17,4,2,99,1,29,9,,,,1,2013,409.0,4299,4,1,,99,6,2.0,99.0,6.0
4299,30,8,5,23,1,1,17,1,30,9,,,,2,2013,101.0,4300,5,1,,24,6,4.0,1.0,6.0
4300,30,8,5,1,1,1,12,1,32,1,,,,1,2013,101.0,4301,5,1,,99,6,9.0,4.0,6.0
4301,30,8,5,1,1,1,12,1,27,1,,,,1,2013,101.0,4302,4,1,,44,4,3.0,99.0,4.0
4302,30,8,5,2,1,1,11,1,23,1,,,,1,2013,101.0,4303,3,1,,21,4,1.0,4.0,4.0
4303,30,8,5,2,1,1,11,1,33,1,,,,1,2013,101.0,4304,5,1,,9,2,1.0,99.0,2.0
4304,30,8,5,1,1,1,7,1,28,1,,,,2,2013,101.0,4305,4,1,,13,6,2.0,5.0,6.0
4305,30,8,5,22,20,2,99,9,999,9,,,,1,2013,2005.0,4306,11,9,,99,6,1.0,99.0,6.0
4306,30,8,5,14,20,2,99,9,999,9,,,,1,2013,2001.0,4307,11,9,,99,6,1.0,99.0,6.0
4307,30,8,5,15,20,1,3,9,999,9,,,,1,2013,2001.0,4308,11,9,,99,6,9.0,99.0,6.0
4308,30,8,5,10,19,2,99,2,16,1,,,,1,2013,1901.0,4309,2,2,,24,6,4.0,5.0,6.0
4309,30,8,5,10,19,2,99,2,33,1,,,,1,2013,1901.0,4310,5,1,,50,3,1.0,4.0,3.0
4310,30,8,5,22,5,2,99,9,999,9,,,,1,2013,504.0,4311,11,9,,99,6,5.0,2.0,6.0
4311,30,8,5,22,5,2,99,1,48,1,,,,1,2013,504.0,4312,8,1,,41,6,4.0,5.0,6.0
4312,30,8,5,19,11,2,99,1,999,9,,,,1,2013,1105.0,4313,11,9,,99,6,7.0,99.0,6.0
4313,30,8,5,18,13,2,99,1,999,1,,,,3,2013,1301.0,4314,11,1,,99,6,3.0,5.0,6.0
4314,30,8,5,23,13,1,5,1,24,1,,,,1,2013,1301.0,4315,3,1,,46,6,1.0,4.0,6.0
4315,30,8,5,23,13,1,5,1,21,1,,,,1,2013,1301.0,4316,3,1,,44,3,1.0,4.0,3.0
4316,30,8,5,12,18,2,99,9,999,9,,,,1,2013,1801.0,4317,11,9,,99,6,6.0,99.0,6.0
4317,30,8,5,18,18,2,99,9,999,9,,,,1,2013,1805.0,4318,11,9,,99,6,3.0,2.0,6.0
4318,31,8,6,3,1,1,1,1,24,2,,,,1,2013,101.0,4319,3,1,,44,6,1.0,2.0,6.0
4319,31,8,6,3,1,1,1,1,63,1,,,,1,2013,101.0,4320,10,1,,34,3,1.0,6.0,3.0
4320,31,8,6,5,1,1,1,2,35,2,,,,1,2013,101.0,4321,6,1,,37,3,9.0,3.0,3.0
4321,31,8,6,5,1,1,1,1,39,2,,,,1,2013,101.0,4322,6,1,,9,1,1.0,7.0,1.0
4322,31,8,6,1,1,1,6,1,29,2,,,,2,2013,101.0,4323,4,1,,21,6,1.0,5.0,6.0
4323,31,8,6,2,1,1,6,1,33,1,,,,1,2013,101.0,4324,5,1,,15,6,6.0,99.0,6.0
4324,31,8,6,2,1,1,6,1,27,1,,,,1,2013,101.0,4325,4,1,,16,6,4.0,1.0,6.0
4325,31,8,6,21,1,1,16,1,41,2,,,,2,2013,102.0,4326,7,1,,99,3,2.0,4.0,3.0
4326,31,8,6,9,1,1,12,1,25,1,,,,1,2013,101.0,4327,4,1,,44,6,1.0,4.0,6.0
4327,31,8,6,22,1,1,7,1,40,2,,,,1,2013,101.0,4328,7,1,,32,3,1.0,4.0,3.0
4328,31,8,6,22,1,1,7,1,32,1,,,,1,2013,101.0,4329,5,1,,20,6,1.0,2.0,6.0
4329,31,8,6,22,1,1,7,1,33,1,,,,1,2013,101.0,4330,5,1,,32,3,1.0,1.0,3.0
4330,31,8,6,21,1,2,99,1,67,9,,,,1,2013,117.0,4331,10,1,,22,6,5.0,7.0,6.0
4331,31,8,6,21,1,2,99,1,33,9,,,,1,2013,117.0,4332,5,1,,34,6,9.0,2.0,6.0
4332,31,8,6,21,1,2,99,1,45,9,,,,1,2013,117.0,4333,8,1,,32,6,1.0,9.0,6.0
4333,31,8,6,21,1,2,99,9,999,9,,,,1,2013,117.0,4334,11,9,,37,6,1.0,2.0,6.0
4334,31,8,6,17,1,2,99,1,27,1,,,,2,2013,115.0,4335,4,1,,34,6,2.0,2.0,6.0
4335,31,8,6,18,5,1,1,1,38,2,,,,1,2013,501.0,4336,6,1,,44,6,3.0,4.0,6.0
4336,31,8,6,18,5,1,1,1,25,1,,,,1,2013,501.0,4337,4,1,,40,6,4.0,5.0,6.0
4337,31,8,6,11,6,2,99,1,42,1,,,,1,2013,601.0,4338,7,1,,44,6,3.0,3.0,6.0
4338,31,8,6,11,6,2,99,1,42,1,,,,1,2013,601.0,4339,7,1,,42,6,4.0,5.0,6.0
4339,31,8,6,4,6,2,99,1,35,2,,,,2,2013,603.0,4340,6,1,,99,4,1.0,6.0,4.0
4340,31,8,6,15,6,2,99,1,26,1,,,,1,2013,608.0,4341,4,1,,2,6,4.0,5.0,6.0
4341,31,8,6,15,6,2,99,1,27,1,,,,1,2013,608.0,4342,4,1,,2,6,4.0,2.0,6.0
4342,31,8,6,6,6,2,99,1,19,2,,,,2,2013,602.0,4343,2,1,,44,6,3.0,1.0,6.0
4343,31,8,6,16,10,2,99,9,999,9,,,,1,2013,1004.0,4344,11,9,,99,6,4.0,99.0,6.0
4344,31,8,6,16,10,2,99,1,31,1,,,,1,2013,1004.0,4345,5,1,,21,6,4.0,1.0,6.0
4345,31,8,6,16,11,2,99,1,46,1,,,,1,2013,1107.0,4346,8,1,,20,5,5.0,2.0,5.0
4346,31,8,6,16,11,2,99,1,49,1,,,,1,2013,1107.0,4347,8,1,,21,5,4.0,3.0,5.0
4347,31,8,6,0,16,1,3,1,43,2,,,,1,2013,1601.0,4348,7,1,,37,6,1.0,4.0,6.0
4348,31,8,6,0,16,1,3,1,54,1,,,,1,2013,1601.0,4349,9,1,,32,5,3.0,4.0,5.0
4349,1,9,7,22,1,1,1,1,999,9,,,,1,2013,101.0,4350,11,1,,99,6,1.0,99.0,6.0
4350,1,9,7,22,1,1,1,1,999,9,,,,1,2013,101.0,4351,11,1,,99,6,4.0,99.0,6.0
4351,1,9,7,19,2,2,99,1,999,9,,,,1,2013,201.0,4352,11,1,,99,6,1.0,99.0,6.0
4352,1,9,7,19,1,2,99,2,25,9,,,,1,2013,105.0,4353,4,1,,99,6,1.0,99.0,6.0
4353,1,9,7,10,1,2,99,1,24,1,,,,1,2013,115.0,4354,3,1,,14,5,4.0,3.0,5.0
4354,1,9,7,10,1,2,99,1,25,1,,,,1,2013,115.0,4355,4,1,,41,3,1.0,6.0,3.0
4355,1,9,7,0,1,1,7,1,21,2,,,,2,2013,108.0,4356,3,1,,37,2,3.0,2.0,2.0
4356,1,9,7,1,1,1,19,1,22,1,,,,1,2013,101.0,4357,3,1,,30,6,1.0,6.0,6.0
4357,1,9,7,1,1,1,19,1,25,1,,,,1,2013,101.0,4358,4,1,,99,5,4.0,5.0,5.0
4358,1,9,7,16,1,1,4,1,999,9,,,,1,2013,108.0,4359,11,1,,99,6,1.0,99.0,6.0
4359,1,9,7,16,1,1,4,1,21,9,,,,1,2013,108.0,4360,3,1,,99,6,1.0,99.0,6.0
4360,1,9,7,1,6,2,99,1,23,2,,,,1,2013,603.0,4361,3,1,,44,2,3.0,3.0,2.0
4361,1,9,7,1,6,2,99,1,54,1,,,,1,2013,603.0,4362,9,1,,34,4,1.0,4.0,4.0
4362,1,9,7,9,6,2,99,1,33,1,,,,1,2013,609.0,4363,5,1,,99,5,9.0,2.0,5.0
4363,1,9,7,9,6,2,99,1,999,9,,,,1,2013,609.0,4364,11,1,,23,6,3.0,2.0,6.0
4364,1,9,7,23,10,2,99,1,36,1,,,,1,2013,1001.0,4365,6,1,,15,6,6.0,3.0,6.0
4365,1,9,7,23,10,2,99,1,36,2,,,,1,2013,1001.0,4366,6,1,,99,6,4.0,99.0,6.0
4366,1,9,7,19,9,2,99,1,34,1,,,,1,2013,914.0,4367,5,1,,42,2,8.0,2.0,2.0
4367,1,9,7,19,9,2,99,1,44,1,,,,1,2013,914.0,4368,7,1,,44,3,3.0,6.0,3.0
4368,1,9,7,20,9,1,2,1,41,2,,,,2,2013,901.0,4369,7,1,,13,3,3.0,4.0,3.0
4369,1,9,7,20,9,1,2,1,24,1,,,,1,2013,901.0,4370,3,1,,32,4,1.0,5.0,4.0
4370,1,9,7,20,9,1,2,1,23,1,,,,1,2013,901.0,4371,3,1,,37,3,2.0,3.0,3.0
4371,1,9,7,20,13,2,99,1,999,2,,,,2,2013,1301.0,4372,11,1,,44,6,3.0,1.0,6.0
4372,1,9,7,20,13,2,99,1,23,1,,,,1,2013,1301.0,4373,3,1,,24,4,4.0,3.0,4.0
4373,1,9,7,6,16,2,99,1,999,9,,,,1,2013,1610.0,4374,11,1,,99,6,5.0,2.0,6.0
4374,1,9,7,6,16,2,99,2,34,1,,,,1,2013,1610.0,4375,5,1,,32,6,1.0,3.0,6.0
4375,1,9,7,16,2,2,99,1,43,1,,,,1,2013,201.0,4376,7,1,,99,6,7.0,99.0,6.0
4376,1,9,7,16,2,2,99,1,25,1,,,,1,2013,201.0,4377,4,1,,44,6,2.0,99.0,6.0
4377,1,9,7,18,2,2,99,1,999,9,,,,1,2013,201.0,4378,11,1,,15,6,5.0,7.0,6.0
4378,1,9,7,18,2,2,99,1,999,1,,,,1,2013,201.0,4379,11,1,,44,6,2.0,99.0,6.0
4379,1,9,7,23,18,2,99,1,23,2,,,,2,2013,1801.0,4380,3,1,,42,5,4.0,5.0,5.0
4380,1,9,7,10,18,2,99,1,23,1,,,,1,2013,1801.0,4381,3,1,,21,6,4.0,1.0,6.0
4381,1,9,7,10,18,2,99,1,23,1,,,,1,2013,1801.0,4382,3,1,,99,6,4.0,5.0,6.0
4382,1,9,7,17,14,2,99,1,999,1,,,,1,2013,1401.0,4383,11,1,,19,3,5.0,2.0,3.0
4383,1,9,7,17,14,2,99,1,999,1,,,,1,2013,1401.0,4384,11,1,,44,4,1.0,2.0,4.0
4384,1,9,7,23,3,2,99,1,999,9,,,,3,2013,308.0,4385,11,1,,99,6,3.0,5.0,6.0
4385,2,9,1,22,1,1,8,1,37,2,,,,2,2013,108.0,4386,6,1,,32,3,1.0,6.0,3.0
4386,2,9,1,5,19,2,99,1,60,2,,,,1,2013,1901.0,4387,10,1,,44,3,3.0,14.0,3.0
4387,2,9,1,5,19,2,99,1,25,1,,,,1,2013,1901.0,4388,4,1,,40,5,4.0,1.0,5.0
4388,2,9,1,23,16,2,99,1,33,2,,,,1,2013,1604.0,4389,5,1,,44,6,3.0,1.0,6.0
4389,2,9,1,23,16,2,99,1,27,1,,,,1,2013,1604.0,4390,4,1,,44,4,9.0,2.0,4.0
4390,3,9,2,11,1,1,15,1,34,1,,,,1,2013,101.0,4391,5,1,,44,2,1.0,10.0,2.0
4391,3,9,2,11,1,1,15,1,999,1,,,,1,2013,101.0,4392,11,1,,99,6,10.0,2.0,6.0
4392,3,9,2,15,1,1,12,2,45,1,,,,1,2013,101.0,4393,8,1,,41,2,1.0,2.0,2.0
4393,3,9,2,15,1,1,12,1,22,1,,,,1,2013,101.0,4394,3,1,,2,6,4.0,99.0,6.0
4394,3,9,2,22,19,2,99,1,49,1,,,,1,2013,1903.0,4395,8,1,,19,6,5.0,2.0,6.0
4395,3,9,2,22,19,2,99,1,24,1,,,,1,2013,1903.0,4396,3,1,,20,6,5.0,2.0,6.0
4396,3,9,2,18,15,2,99,1,47,1,,,,1,2013,1507.0,4397,8,1,,44,4,3.0,6.0,4.0
4397,3,9,2,18,15,2,99,1,32,1,,,,1,2013,1507.0,4398,5,1,,21,6,4.0,1.0,6.0
4398,3,9,2,16,2,2,99,1,29,1,,,,1,2013,204.0,4399,4,1,,15,3,6.0,16.0,3.0
4399,3,9,2,16,2,2,99,1,44,1,,,,1,2013,204.0,4400,7,1,,44,2,3.0,1.0,2.0
4400,4,9,3,21,1,1,12,1,32,2,,,,1,2013,101.0,4401,5,1,,46,6,1.0,5.0,6.0
4401,4,9,3,21,1,1,12,1,50,1,,,,1,2013,101.0,4402,9,1,,37,6,1.0,2.0,6.0
4402,4,9,3,23,1,2,99,1,42,2,,,,1,2013,115.0,4403,7,1,,37,6,1.0,8.0,6.0
4403,4,9,3,23,1,2,99,1,999,9,,,,1,2013,115.0,4404,11,1,,44,4,10.0,2.0,4.0
4404,4,9,3,12,22,2,99,1,45,1,,,,3,2013,2212.0,4405,8,1,,22,4,5.0,2.0,4.0
4405,4,9,3,16,19,2,99,1,25,1,,,,1,2013,1905.0,4406,4,1,,2,4,14.0,1.0,4.0
4406,4,9,3,16,19,2,99,1,14,1,,,,1,2013,1905.0,4407,1,2,,99,6,4.0,4.0,6.0
4407,4,9,3,21,16,1,2,1,45,2,,,,1,2013,1601.0,4408,8,1,,34,4,3.0,4.0,4.0
4408,4,9,3,21,16,1,2,1,23,1,,,,1,2013,1601.0,4409,3,1,,44,3,3.0,6.0,3.0
4409,4,9,3,8,3,2,99,2,999,1,,,,1,2013,301.0,4410,11,1,,44,2,2.0,2.0,2.0
4410,4,9,3,8,3,2,99,2,999,1,,,,1,2013,301.0,4411,11,1,,13,2,1.0,5.0,2.0
4411,5,9,4,23,1,1,2,2,27,2,,,,1,2013,101.0,4412,4,1,,37,6,1.0,9.0,6.0
4412,5,9,4,23,1,1,2,1,25,1,,,,1,2013,101.0,4413,4,1,,44,4,1.0,4.0,4.0
4413,5,9,4,23,1,1,1,1,33,2,,,,1,2013,101.0,4414,5,1,,13,6,3.0,4.0,6.0
4414,5,9,4,23,1,1,1,1,21,1,,,,1,2013,101.0,4415,3,1,,44,6,1.0,1.0,6.0
4415,5,9,4,14,1,1,18,1,32,1,,,,1,2013,101.0,4416,5,1,,24,6,4.0,1.0,6.0
4416,5,9,4,14,1,1,18,1,999,9,,,,1,2013,101.0,4417,11,1,,99,6,3.0,4.0,6.0
4417,5,9,4,11,1,1,10,2,32,9,,,,1,2013,101.0,4418,5,1,,30,6,1.0,14.0,6.0
4418,5,9,4,11,1,1,10,1,34,9,,,,1,2013,101.0,4419,5,1,,2,6,4.0,5.0,6.0
4419,5,9,4,16,1,1,10,1,50,9,,,,1,2013,101.0,4420,9,1,,37,6,10.0,7.0,6.0
4420,5,9,4,16,1,1,10,1,34,1,,,,1,2013,101.0,4421,5,1,,2,6,4.0,99.0,6.0
4421,5,9,4,5,1,1,5,1,22,2,,,,2,2013,108.0,4422,3,1,,33,6,12.0,1.0,6.0
4422,5,9,4,12,19,2,99,1,26,1,,,,1,2013,1901.0,4423,4,1,,15,6,6.0,5.0,6.0
4423,5,9,4,12,19,2,99,1,36,1,,,,1,2013,1901.0,4424,6,1,,20,6,2.0,3.0,6.0
4424,5,9,4,12,19,2,99,2,32,1,,,,1,2013,1901.0,4425,5,1,,32,6,1.0,4.0,6.0
4425,5,9,4,18,19,2,99,1,36,2,,,,1,2013,1905.0,4426,6,1,,42,6,8.0,5.0,6.0
4426,5,9,4,18,19,2,99,1,999,9,,,,1,2013,1905.0,4427,11,1,,46,4,1.0,3.0,4.0
4427,5,9,4,11,9,2,99,1,30,9,,,,3,2013,919.0,4428,5,1,,34,6,5.0,1.0,6.0
4428,5,9,4,16,8,2,99,1,28,1,,,,1,2013,803.0,4429,4,1,,44,6,1.0,4.0,6.0
4429,5,9,4,16,8,2,99,1,999,9,,,,1,2013,803.0,4430,11,1,,99,6,5.0,6.0,6.0
4430,5,9,4,21,17,2,99,1,31,1,,,,3,2013,1712.0,4431,5,1,,2,6,4.0,14.0,6.0
4431,5,9,4,12,3,2,99,1,999,9,,,,2,2013,301.0,4432,11,1,,99,6,7.0,99.0,6.0
4432,6,9,5,23,1,1,6,1,45,1,,,,1,2013,101.0,4433,8,1,,5,4,3.0,9.0,4.0
4433,6,9,5,23,1,1,6,1,23,1,,,,1,2013,101.0,4434,3,1,,21,6,4.0,9.0,6.0
4434,6,9,5,4,1,1,3,1,31,1,,,,1,2013,108.0,4435,5,1,,13,6,5.0,2.0,6.0
4435,6,9,5,4,1,1,3,1,22,1,,,,1,2013,108.0,4436,3,1,,34,6,3.0,9.0,6.0
4436,6,9,5,15,9,2,99,2,21,9,,,,1,2013,920.0,4437,3,1,,44,6,3.0,2.0,6.0
4437,6,9,5,15,9,2,99,1,999,9,,,,1,2013,920.0,4438,11,1,,34,6,5.0,99.0,6.0
4438,6,9,5,21,17,2,99,1,46,1,,,,1,2013,1701.0,4439,8,1,,44,6,1.0,99.0,6.0
4439,6,9,5,21,17,2,99,1,38,1,,,,1,2013,1701.0,4440,6,1,,17,6,1.0,99.0,6.0
4440,6,9,5,18,17,2,99,1,21,1,,,,1,2013,1703.0,4441,3,1,,44,3,3.0,1.0,3.0
4441,6,9,5,18,17,2,99,1,24,1,,,,1,2013,1703.0,4442,3,1,,99,6,4.0,1.0,6.0
4442,6,9,5,15,14,2,99,1,32,2,,,,1,2013,1413.0,4443,5,1,,99,4,4.0,3.0,4.0
4443,6,9,5,15,14,2,99,1,34,1,,,,1,2013,1413.0,4444,5,1,,44,6,3.0,4.0,6.0
4444,6,9,5,19,4,2,99,1,21,9,,,,1,2013,409.0,4445,3,1,,23,6,3.0,5.0,6.0
4445,6,9,5,19,4,2,99,1,999,9,,,,1,2013,409.0,4446,11,1,,19,6,5.0,7.0,6.0
4446,7,9,6,8,1,1,15,2,34,9,,,,1,2013,101.0,4447,5,1,,13,3,1.0,6.0,3.0
4447,7,9,6,8,1,1,15,1,22,9,,,,1,2013,101.0,4448,3,1,,2,6,4.0,5.0,6.0
4448,7,9,6,21,1,1,1,1,49,1,,,,1,2013,115.0,4449,8,1,,15,6,6.0,2.0,6.0
4449,7,9,6,21,1,1,1,1,29,1,,,,1,2013,115.0,4450,4,1,,99,6,4.0,3.0,6.0
4450,7,9,6,17,1,1,12,1,23,2,,,,1,2013,101.0,4451,3,1,,37,2,3.0,7.0,2.0
4451,7,9,6,17,1,1,12,2,19,1,,,,1,2013,101.0,4452,2,1,,5,6,2.0,1.0,6.0
4452,7,9,6,22,5,2,99,1,50,2,,,,1,2013,509.0,4453,9,1,,44,5,3.0,4.0,5.0
4453,7,9,6,22,5,2,99,1,999,1,,,,1,2013,509.0,4454,11,1,,44,6,3.0,2.0,6.0
4454,7,9,6,10,13,2,99,1,30,1,,,,2,2013,1301.0,4455,5,1,,44,6,3.0,3.0,6.0
4455,7,9,6,7,3,2,99,1,22,1,,,,2,2013,312.0,4456,3,1,,24,6,4.0,2.0,6.0
4456,7,9,6,12,1,1,10,1,59,1,,,,1,2013,101.0,4457,10,1,,34,4,2.0,4.0,4.0
4457,7,9,6,12,1,1,10,1,27,1,,,,1,2013,101.0,4458,4,1,,21,4,4.0,7.0,4.0
4458,7,9,6,15,5,2,99,1,17,9,,,,3,2013,505.0,4459,2,2,,21,6,4.0,1.0,6.0
4459,8,9,7,13,1,2,99,2,40,9,,,,2,2013,116.0,4460,7,1,,21,3,1.0,6.0,3.0
4460,8,9,7,17,1,1,6,1,26,9,,,,1,2013,108.0,4461,4,1,,30,6,2.0,2.0,6.0
4461,8,9,7,23,22,2,99,1,21,9,,,,3,2013,2201.0,4462,3,1,,21,6,4.0,1.0,6.0
4462,8,9,7,9,5,2,99,1,32,9,,,,2,2013,511.0,4463,5,1,,23,6,3.0,1.0,6.0
4463,8,9,7,21,8,2,99,1,32,9,,,,1,2013,801.0,4464,5,1,,15,6,6.0,9.0,6.0
4464,8,9,7,21,8,2,99,1,34,9,,,,1,2013,801.0,4465,5,1,,2,6,14.0,1.0,6.0
4465,8,9,7,8,16,1,4,2,37,9,,,,1,2013,1601.0,4466,6,1,,99,6,2.0,4.0,6.0
4466,8,9,7,8,16,1,4,1,22,9,,,,1,2013,1601.0,4467,3,1,,21,6,4.0,1.0,6.0
4467,8,9,7,22,18,2,99,1,31,9,,,,1,2013,1801.0,4468,5,1,,17,6,1.0,9.0,6.0
4468,8,9,7,22,18,2,99,1,35,9,,,,1,2013,1801.0,4469,6,1,,44,6,1.0,5.0,6.0
4469,8,9,7,23,18,2,99,1,37,9,,,,1,2013,1801.0,4470,6,1,,44,6,3.0,2.0,6.0
4470,8,9,7,23,18,2,99,1,29,9,,,,1,2013,1801.0,4471,4,1,,99,6,4.0,1.0,6.0
4471,8,9,7,4,17,2,99,1,22,9,,,,3,2013,1701.0,4472,3,1,,44,6,3.0,6.0,6.0
4472,9,9,1,16,1,1,13,1,45,1,,,,1,2013,101.0,4473,8,1,,99,4,1.0,3.0,4.0
4473,9,9,1,16,1,1,13,1,53,1,,,,1,2013,101.0,4474,9,1,,99,5,4.0,5.0,5.0
4474,9,9,1,0,1,2,99,1,25,1,,,,1,2013,102.0,4475,4,1,,44,4,9.0,2.0,4.0
4475,9,9,1,0,1,2,99,1,40,1,,,,1,2013,102.0,4476,7,1,,23,3,5.0,2.0,3.0
4476,9,9,1,19,1,2,99,1,999,9,,,,1,2013,110.0,4477,11,1,,44,3,3.0,4.0,3.0
4477,9,9,1,19,1,2,99,1,36,1,,,,1,2013,110.0,4478,6,1,,42,6,4.0,3.0,6.0
4478,9,9,1,19,1,2,99,1,38,1,,,,1,2013,110.0,4479,6,1,,42,6,4.0,1.0,6.0
4479,9,9,1,4,20,2,99,1,25,1,,,,2,2013,2001.0,4480,4,1,,44,6,3.0,3.0,6.0
4480,9,9,1,20,10,1,1,1,71,2,,,,1,2013,1001.0,4481,10,1,,44,3,3.0,6.0,3.0
4481,9,9,1,20,10,1,1,1,999,1,,,,1,2013,1001.0,4482,11,1,,2,4,14.0,1.0,4.0
4482,9,9,1,20,10,1,1,2,999,1,,,,1,2013,1001.0,4483,11,1,,37,6,1.0,4.0,6.0
4483,9,9,1,13,10,2,99,1,46,1,,,,2,2013,1014.0,4484,8,1,,99,6,3.0,6.0,6.0
4484,9,9,1,21,9,1,11,1,36,2,,,,1,2013,901.0,4485,6,1,,44,6,5.0,11.0,6.0
4485,9,9,1,21,9,1,11,1,27,1,,,,1,2013,901.0,4486,4,1,,20,6,1.0,15.0,6.0
4486,9,9,1,19,9,2,99,1,34,9,,,,1,2013,919.0,4487,5,1,,44,6,1.0,10.0,6.0
4487,9,9,1,19,9,2,99,1,999,9,,,,1,2013,919.0,4488,11,1,,15,6,6.0,2.0,6.0
4488,9,9,1,20,13,2,99,1,32,1,,,,3,2013,1302.0,4489,5,1,,44,6,3.0,2.0,6.0
4489,9,9,1,8,4,2,99,1,24,9,,,,3,2013,403.0,4490,3,1,,99,6,7.0,1.0,6.0
4490,10,9,2,1,1,1,1,1,20,2,,,,1,2013,101.0,4491,3,1,,5,3,2.0,4.0,3.0
4491,10,9,2,1,1,1,1,1,48,1,,,,1,2013,101.0,4492,8,1,,20,4,10.0,2.0,4.0
4492,10,9,2,15,1,1,6,1,30,9,,,,1,2013,101.0,4493,5,1,,99,6,12.0,99.0,6.0
4493,10,9,2,15,1,1,6,1,31,9,,,,1,2013,101.0,4494,5,1,,99,4,4.0,1.0,4.0
4494,10,9,2,16,5,2,99,1,44,9,,,,1,2013,501.0,4495,7,1,,22,4,7.0,2.0,4.0
4495,10,9,2,16,5,2,99,1,26,9,,,,1,2013,501.0,4496,4,1,,32,6,3.0,5.0,6.0
4496,10,9,2,23,15,2,99,1,18,9,,,,2,2013,1501.0,4497,2,1,,21,6,4.0,1.0,6.0
4497,10,9,2,16,7,2,99,1,40,9,,,,1,2013,701.0,4498,7,1,,5,6,5.0,2.0,6.0
4498,10,9,2,16,7,2,99,1,999,9,,,,1,2013,701.0,4499,11,1,,21,3,1.0,5.0,3.0
4499,11,9,3,1,1,1,1,1,34,9,,,,1,2013,101.0,4500,5,1,,5,4,2.0,7.0,4.0
4500,11,9,3,1,1,1,1,1,28,9,,,,1,2013,101.0,4501,4,1,,34,4,1.0,6.0,4.0
4501,11,9,3,18,1,1,1,2,30,9,,,,3,2013,101.0,4502,5,1,,32,5,9.0,4.0,5.0
4502,11,9,3,19,1,1,12,1,42,9,,,,1,2013,101.0,4503,7,1,,44,1,11.0,3.0,1.0
4503,11,9,3,19,1,1,12,1,999,9,,,,1,2013,101.0,4504,11,1,,44,6,1.0,11.0,6.0
4504,11,9,3,19,1,1,12,1,999,9,,,,1,2013,101.0,4505,11,1,,99,5,1.0,4.0,5.0
4505,11,9,3,13,1,2,99,1,65,9,,,,1,2013,102.0,4506,10,1,,42,5,3.0,4.0,5.0
4506,11,9,3,13,1,2,99,1,24,9,,,,1,2013,102.0,4507,3,1,,42,5,4.0,1.0,5.0
4507,11,9,3,14,19,2,99,1,44,9,,,,3,2013,1901.0,4508,7,1,,34,6,5.0,2.0,6.0
4508,11,9,3,23,10,2,99,1,43,9,,,,2,2013,1001.0,4509,7,1,,44,5,3.0,2.0,5.0
4509,11,9,3,13,10,2,99,1,34,9,,,,1,2013,1001.0,4510,5,1,,22,3,7.0,9.0,3.0
4510,11,9,3,13,10,2,99,1,33,9,,,,1,2013,1001.0,4511,5,1,,22,3,7.0,7.0,3.0
4511,11,9,3,13,10,2,99,1,38,9,,,,1,2013,1001.0,4512,6,1,,22,3,7.0,12.0,3.0
4512,11,9,3,17,9,2,99,2,33,9,,,,4,2013,901.0,4513,5,1,,44,2,3.0,9.0,2.0
4513,11,9,3,8,16,2,99,1,999,9,,,,3,2013,1601.0,4514,11,1,,19,6,5.0,2.0,6.0
4514,11,9,3,16,18,2,99,1,35,9,,,,2,2013,1801.0,4515,6,1,,99,3,6.0,1.0,3.0
4515,12,9,4,21,1,2,99,1,25,9,,,,1,2013,102.0,4516,4,1,,99,6,4.0,14.0,6.0
4516,12,9,4,21,1,2,99,1,28,9,,,,1,2013,102.0,4517,4,1,,12,4,1.0,4.0,4.0
4517,12,9,4,19,1,2,99,1,24,9,,,,1,2013,102.0,4518,3,1,,37,3,1.0,5.0,3.0
4518,12,9,4,19,1,2,99,1,22,9,,,,1,2013,102.0,4519,3,1,,21,5,4.0,4.0,5.0
4519,12,9,4,18,1,2,99,1,41,9,,,,1,2013,115.0,4520,7,1,,32,3,1.0,5.0,3.0
4520,12,9,4,18,1,2,99,1,999,9,,,,1,2013,115.0,4521,11,1,,15,3,5.0,8.0,3.0
4521,12,9,4,1,5,2,99,1,999,9,,,,3,2013,501.0,4522,11,1,,99,6,3.0,5.0,6.0
4522,12,9,4,2,9,2,99,1,26,9,,,,1,2013,901.0,4523,4,1,,20,4,2.0,4.0,4.0
4523,12,9,4,2,9,2,99,1,23,9,,,,1,2013,901.0,4524,3,1,,49,6,4.0,1.0,6.0
4524,12,9,4,1,18,2,99,1,999,9,,,,3,2013,1801.0,4525,11,1,,40,6,4.0,99.0,6.0
4525,13,9,5,23,1,1,7,1,39,9,,,,1,2013,101.0,4526,6,1,,20,4,10.0,2.0,4.0
4526,13,9,5,23,1,1,7,1,35,9,,,,1,2013,101.0,4527,6,1,,5,3,10.0,2.0,3.0
4527,13,9,5,6,1,1,11,1,29,9,,,,1,2013,101.0,4528,4,1,,30,6,1.0,6.0,6.0
4528,13,9,5,6,1,1,11,1,38,9,,,,1,2013,101.0,4529,6,1,,22,6,6.0,2.0,6.0
4529,13,9,5,12,1,1,10,1,38,9,,,,1,2013,101.0,4530,6,1,,22,2,7.0,1.0,2.0
4530,13,9,5,12,1,1,10,1,22,9,,,,1,2013,101.0,4531,3,1,,2,6,4.0,5.0,6.0
4531,13,9,5,12,1,1,5,1,86,9,,,,3,2013,101.0,4532,10,1,,44,6,1.0,4.0,6.0
4532,13,9,5,17,19,2,99,1,36,9,,,,1,2013,1901.0,4533,6,1,,44,6,3.0,4.0,6.0
4533,13,9,5,17,19,2,99,1,29,9,,,,1,2013,1901.0,4534,4,1,,44,4,3.0,5.0,4.0
4534,13,9,5,1,10,2,99,1,31,9,,,,2,2013,1016.0,4535,5,1,,2,6,4.0,3.0,6.0
4535,13,9,5,9,11,2,99,1,999,9,,,,1,2013,1104.0,4536,11,1,,44,6,9.0,2.0,6.0
4536,13,9,5,9,11,2,99,1,27,9,,,,1,2013,1104.0,4537,4,1,,45,6,4.0,5.0,6.0
4537,13,9,5,9,9,1,3,1,29,9,,,,1,2013,901.0,4538,4,1,,46,3,1.0,9.0,3.0
4538,13,9,5,9,9,1,3,1,34,9,,,,1,2013,901.0,4539,5,1,,44,2,3.0,1.0,2.0
4539,13,9,5,16,9,2,99,1,53,9,,,,1,2013,901.0,4540,9,1,,99,2,3.0,99.0,2.0
4540,13,9,5,16,9,2,99,1,999,9,,,,1,2013,901.0,4541,11,1,,13,2,3.0,99.0,2.0
4541,13,9,5,17,9,2,99,2,999,9,,,,1,2013,909.0,4542,11,1,,44,6,3.0,1.0,6.0
4542,13,9,5,17,9,2,99,1,999,9,,,,1,2013,909.0,4543,11,1,,99,6,3.0,99.0,6.0
4543,13,9,5,20,12,2,99,1,999,9,,,,1,2013,1203.0,4544,11,1,,44,6,3.0,3.0,6.0
4544,13,9,5,20,12,2,99,1,35,9,,,,1,2013,1203.0,4545,6,1,,44,6,9.0,4.0,6.0
4545,13,9,5,16,18,2,99,2,24,9,,,,3,2013,1801.0,4546,3,1,,99,6,4.0,5.0,6.0
4546,13,9,5,19,17,2,99,1,47,9,,,,1,2013,1704.0,4547,8,1,,44,4,3.0,4.0,4.0
4547,13,9,5,19,17,2,99,1,28,9,,,,1,2013,1704.0,4548,4,1,,99,5,4.0,5.0,5.0
4548,13,9,5,18,17,2,99,1,46,9,,,,1,2013,1707.0,4549,8,1,,2,6,4.0,5.0,6.0
4549,13,9,5,18,17,2,99,1,27,9,,,,1,2013,1707.0,4550,4,1,,32,6,3.0,1.0,6.0
4550,14,9,6,2,1,1,6,1,31,9,,,,2,2013,101.0,4551,5,1,,99,6,1.0,99.0,6.0
4551,14,9,6,20,1,1,18,1,36,2,,,,1,2013,101.0,4552,6,1,,13,6,1.0,2.0,6.0
4552,14,9,6,12,1,1,16,1,33,9,,,,2,2013,101.0,4553,5,1,,4,6,4.0,2.0,6.0
4553,14,9,6,20,1,1,10,2,39,1,,,,1,2013,101.0,4554,6,1,,44,4,1.0,4.0,4.0
4554,14,9,6,23,1,1,10,1,999,1,,,,1,2013,101.0,4555,11,1,,46,4,2.0,2.0,4.0
4555,14,9,6,23,1,1,10,1,22,1,,,,1,2013,101.0,4556,3,1,,99,6,4.0,5.0,6.0
4556,14,9,6,23,1,2,99,1,27,2,,,,1,2013,102.0,4557,4,1,,32,4,9.0,11.0,4.0
4557,14,9,6,23,1,2,99,2,48,1,,,,1,2013,102.0,4558,8,1,,44,4,2.0,5.0,4.0
4558,14,9,6,6,1,1,7,1,22,9,,,,2,2013,101.0,4559,3,1,,2,5,4.0,5.0,5.0
4559,14,9,6,19,1,1,11,1,35,2,,,,1,2013,101.0,4560,6,1,,44,6,1.0,3.0,6.0
4560,14,9,6,19,1,1,11,1,36,1,,,,1,2013,101.0,4561,6,1,,99,5,4.0,3.0,5.0
4561,14,9,6,21,1,1,11,1,38,1,,,,1,2013,101.0,4562,6,1,,99,6,12.0,1.0,6.0
4562,14,9,6,21,1,1,11,1,20,1,,,,1,2013,101.0,4563,3,1,,42,6,4.0,3.0,6.0
4563,14,9,6,18,5,2,99,1,41,2,,,,1,2013,501.0,4564,7,1,,19,3,5.0,2.0,3.0
4564,14,9,6,18,5,2,99,1,43,1,,,,1,2013,501.0,4565,7,1,,34,4,1.0,9.0,4.0
4565,14,9,6,6,5,2,99,1,28,1,,,,1,2013,501.0,4566,4,1,,23,3,5.0,2.0,3.0
4566,14,9,6,6,5,2,99,1,27,1,,,,1,2013,501.0,4567,4,1,,23,5,3.0,9.0,5.0
4567,14,9,6,6,5,2,99,1,33,1,,,,1,2013,501.0,4568,5,1,,99,6,7.0,1.0,6.0
4568,14,9,6,18,10,1,1,1,24,2,,,,1,2013,1001.0,4569,3,1,,2,4,14.0,1.0,4.0
4569,14,9,6,18,10,1,1,1,30,1,,,,1,2013,1001.0,4570,5,1,,14,5,4.0,1.0,5.0
4570,14,9,6,1,13,2,99,1,26,2,,,,1,2013,1301.0,4571,4,1,,37,4,1.0,1.0,4.0
4571,14,9,6,1,13,2,99,1,26,1,,,,1,2013,1301.0,4572,4,1,,20,3,1.0,2.0,3.0
4572,14,9,6,11,13,2,99,1,28,2,,,,1,2013,1301.0,4573,4,1,,99,6,2.0,4.0,6.0
4573,14,9,6,11,13,2,99,1,55,1,,,,1,2013,1301.0,4574,10,1,,21,6,4.0,5.0,6.0
4574,14,9,6,11,13,2,99,1,33,1,,,,1,2013,1301.0,4575,5,1,,44,4,9.0,3.0,4.0
4575,14,9,6,11,13,2,99,1,35,1,,,,1,2013,1301.0,4576,6,1,,44,2,3.0,1.0,2.0
4576,14,9,6,4,18,2,99,1,999,1,,,,3,2013,1801.0,4577,11,1,,99,6,4.0,99.0,6.0
4577,14,9,6,18,14,2,99,1,26,1,,,,1,2013,1412.0,4578,4,1,,44,5,11.0,2.0,5.0
4578,14,9,6,18,14,2,99,1,22,1,,,,1,2013,1412.0,4579,3,1,,99,2,1.0,9.0,2.0
4579,15,9,7,21,1,1,3,1,25,1,,,,1,2013,101.0,4580,4,1,,20,3,1.0,2.0,3.0
4580,15,9,7,21,1,1,3,1,22,1,,,,1,2013,101.0,4581,3,1,,99,4,4.0,6.0,4.0
4581,15,9,7,4,1,1,10,1,21,1,,,,2,2013,101.0,4582,3,1,,46,6,1.0,3.0,6.0
4582,15,9,7,10,1,1,4,1,22,1,,,,1,2013,115.0,4583,3,1,,23,6,2.0,3.0,6.0
4583,15,9,7,10,1,1,4,1,38,1,,,,1,2013,115.0,4584,6,1,,44,2,1.0,1.0,2.0
4584,15,9,7,11,22,2,99,1,23,1,,,,1,2013,2201.0,4585,3,1,,13,4,3.0,6.0,4.0
4585,15,9,7,11,22,2,99,1,20,1,,,,1,2013,2201.0,4586,3,1,,21,6,4.0,1.0,6.0
4586,15,9,7,23,21,2,99,1,39,1,,,,3,2013,2101.0,4587,6,1,,44,6,1.0,2.0,6.0
4587,15,9,7,18,5,2,99,2,25,1,,,,1,2013,513.0,4588,4,1,,21,4,2.0,9.0,4.0
4588,15,9,7,18,5,2,99,1,26,1,,,,1,2013,513.0,4589,4,1,,2,6,4.0,9.0,6.0
4589,15,9,7,12,5,2,99,1,25,1,,,,3,2013,504.0,4590,4,1,,2,6,4.0,1.0,6.0
4590,15,9,7,1,6,2,99,1,999,1,,,,1,2013,608.0,4591,11,1,,15,6,6.0,2.0,6.0
4591,15,9,7,1,6,2,99,1,50,1,,,,1,2013,608.0,4592,9,1,,44,6,9.0,2.0,6.0
4592,15,9,7,15,6,2,99,1,28,1,,,,2,2013,608.0,4593,4,1,,99,6,3.0,99.0,6.0
4593,15,9,7,23,6,2,99,1,21,1,,,,3,2013,601.0,4594,3,1,,24,5,4.0,1.0,5.0
4594,15,9,7,21,10,2,99,1,52,2,,,,1,2013,1001.0,4595,9,1,,37,4,1.0,4.0,4.0
4595,15,9,7,21,10,2,99,2,23,1,,,,1,2013,1001.0,4596,3,1,,2,6,4.0,1.0,6.0
4596,15,9,7,17,11,2,99,1,15,2,,,,1,2013,1106.0,4597,2,2,,2,6,14.0,1.0,6.0
4597,15,9,7,17,11,2,99,1,17,1,,,,1,2013,1106.0,4598,2,2,,2,5,14.0,1.0,5.0
4598,15,9,7,5,9,2,99,1,37,2,,,,1,2013,920.0,4599,6,1,,13,3,3.0,6.0,3.0
4599,15,9,7,5,9,2,99,1,56,1,,,,1,2013,920.0,4600,10,1,,99,6,4.0,3.0,6.0
4600,15,9,7,16,13,2,99,1,57,2,,,,1,2013,1302.0,4601,10,1,,42,3,2.0,6.0,3.0
4601,15,9,7,16,13,2,99,1,40,1,,,,1,2013,1302.0,4602,7,1,,36,5,4.0,1.0,5.0
4602,15,9,7,16,13,2,99,1,46,2,,,,3,2013,1307.0,4603,8,1,,99,5,3.0,1.0,5.0
4603,15,9,7,17,13,2,99,1,42,2,,,,2,2013,1301.0,4604,7,1,,99,6,4.0,99.0,6.0
4604,16,9,1,17,1,1,11,1,26,1,,,,1,2013,101.0,4605,4,1,,22,3,7.0,7.0,3.0
4605,16,9,1,17,1,1,11,1,43,1,,,,1,2013,101.0,4606,7,1,,99,6,4.0,5.0,6.0
4606,16,9,1,19,20,2,99,1,31,2,,,,2,2013,2004.0,4607,5,1,,44,6,3.0,1.0,6.0
4607,16,9,1,20,6,2,99,1,20,2,,,,1,2013,602.0,4608,3,1,,99,6,4.0,3.0,6.0
4608,16,9,1,20,6,2,99,1,999,1,,,,1,2013,602.0,4609,11,1,,99,6,1.0,8.0,6.0
4609,16,9,1,10,9,2,99,1,33,2,,,,1,2013,901.0,4610,5,1,,44,2,3.0,2.0,2.0
4610,16,9,1,10,9,2,99,1,31,1,,,,1,2013,901.0,4611,5,1,,44,5,9.0,3.0,5.0
4611,16,9,1,0,17,2,99,1,47,2,,,,1,2013,1703.0,4612,8,1,,24,6,4.0,1.0,6.0
4612,16,9,1,0,17,2,99,2,30,1,,,,1,2013,1703.0,4613,5,1,,24,6,4.0,1.0,6.0
4613,16,9,1,22,3,2,99,1,47,1,,,,1,2013,301.0,4614,8,1,,37,6,3.0,2.0,6.0
4614,16,9,1,22,3,2,99,1,999,1,,,,1,2013,301.0,4615,11,1,,15,6,6.0,4.0,6.0
4615,17,9,2,20,1,1,1,1,43,2,,,,1,2013,101.0,4616,7,1,,32,3,1.0,11.0,3.0
4616,17,9,2,20,1,1,1,1,55,1,,,,1,2013,101.0,4617,10,1,,32,3,1.0,99.0,3.0
4617,17,9,2,22,1,2,99,1,999,1,,,,3,2013,114.0,4618,11,1,,44,6,3.0,11.0,6.0
4618,17,9,2,1,22,2,99,1,17,2,,,,2,2013,2214.0,4619,2,2,,44,6,3.0,3.0,6.0
4619,17,9,2,12,10,2,99,1,999,9,,,,1,2013,1001.0,4620,11,1,,15,6,6.0,2.0,6.0
4620,17,9,2,12,10,2,99,1,49,1,,,,1,2013,1001.0,4621,8,1,,21,4,4.0,5.0,4.0
4621,18,9,3,13,1,1,5,1,31,2,,,,2,2013,102.0,4622,5,1,,34,4,3.0,6.0,4.0
4622,18,9,3,15,1,2,99,1,999,9,,,,1,2013,115.0,4623,11,9,,99,3,5.0,2.0,3.0
4623,18,9,3,15,1,2,99,1,52,9,,,,1,2013,115.0,4624,9,1,,22,3,6.0,6.0,3.0
4624,18,9,3,8,6,2,99,1,42,9,,,,1,2013,601.0,4625,7,1,,44,6,3.0,11.0,6.0
4625,18,9,3,8,6,2,99,1,999,9,,,,1,2013,601.0,4626,11,9,,44,5,1.0,4.0,5.0
4626,18,9,3,22,9,2,99,1,22,9,,,,2,2013,901.0,4627,3,1,,99,3,3.0,4.0,3.0
4627,18,9,3,21,9,2,99,1,25,9,,,,1,2013,901.0,4628,4,1,,99,6,99.0,99.0,6.0
4628,18,9,3,21,9,2,99,1,63,9,,,,1,2013,901.0,4629,10,1,,30,6,2.0,3.0,6.0
4629,18,9,3,21,9,2,99,1,42,9,,,,1,2013,901.0,4630,7,1,,44,6,1.0,3.0,6.0
4630,18,9,3,3,18,2,99,1,24,9,,,,3,2013,1801.0,4631,3,1,,44,3,3.0,2.0,3.0
4631,18,9,3,22,14,2,99,1,28,9,,,,1,2013,1406.0,4632,4,1,,44,2,3.0,8.0,2.0
4632,18,9,3,22,14,2,99,1,19,9,,,,1,2013,1406.0,4633,2,1,,24,6,4.0,4.0,6.0
4633,18,9,3,10,14,2,99,1,28,9,,,,1,2013,1401.0,4634,4,1,,13,3,9.0,6.0,3.0
4634,18,9,3,10,14,2,99,1,999,9,,,,1,2013,1401.0,4635,11,9,,44,4,9.0,6.0,4.0
4635,19,9,4,7,1,2,99,1,27,9,,,,1,2013,105.0,4636,4,1,,24,6,4.0,1.0,6.0
4636,19,9,4,7,1,2,99,1,999,9,,,,1,2013,105.0,4637,11,9,,11,6,1.0,8.0,6.0
4637,19,9,4,21,1,1,13,1,18,9,,,,1,2013,102.0,4638,2,1,,99,6,4.0,1.0,6.0
4638,19,9,4,21,1,1,13,1,999,9,,,,1,2013,102.0,4639,11,9,,12,6,1.0,4.0,6.0
4639,19,9,4,21,1,1,7,1,27,9,,,,2,2013,101.0,4640,4,1,,34,3,2.0,3.0,3.0
4640,19,9,4,23,1,1,21,1,29,9,,,,1,2013,101.0,4641,4,1,,5,6,1.0,2.0,6.0
4641,19,9,4,23,1,1,21,1,30,9,,,,1,2013,101.0,4642,5,1,,2,6,4.0,5.0,6.0
4642,19,9,4,11,1,1,7,1,30,9,,,,1,2013,101.0,4643,5,1,,32,6,1.0,4.0,6.0
4643,19,9,4,11,1,1,7,1,22,9,,,,1,2013,101.0,4644,3,1,,99,6,4.0,5.0,6.0
4644,19,9,4,23,1,2,99,1,30,9,,,,1,2013,115.0,4645,5,1,,44,4,2.0,4.0,4.0
4645,19,9,4,23,1,2,99,1,39,9,,,,1,2013,115.0,4646,6,1,,42,4,1.0,3.0,4.0
4646,19,9,4,22,20,2,99,1,39,9,,,,3,2013,2001.0,4647,6,1,,37,3,3.0,4.0,3.0
4647,19,9,4,20,19,2,99,1,24,9,,,,1,2013,1901.0,4648,3,1,,99,6,4.0,99.0,6.0
4648,19,9,4,20,19,2,99,1,17,9,,,,1,2013,1901.0,4649,2,2,,99,6,4.0,99.0,6.0
4649,19,9,4,18,5,1,1,1,37,9,,,,1,2013,501.0,4650,6,1,,30,4,1.0,6.0,4.0
4650,19,9,4,18,5,1,1,1,31,9,,,,1,2013,501.0,4651,5,1,,40,5,4.0,5.0,5.0
4651,19,9,4,22,5,2,99,1,999,9,,,,1,2013,501.0,4652,11,9,,99,6,99.0,99.0,6.0
4652,19,9,4,22,5,2,99,1,37,9,,,,1,2013,501.0,4653,6,1,,34,4,2.0,2.0,4.0
4653,19,9,4,20,10,2,99,1,25,9,,,,1,2013,1001.0,4654,4,1,,44,2,3.0,1.0,2.0
4654,19,9,4,20,10,2,99,1,30,9,,,,1,2013,1001.0,4655,5,1,,32,4,3.0,3.0,4.0
4655,19,9,4,19,11,2,99,1,28,9,,,,4,2013,1101.0,4656,4,1,,99,6,6.0,99.0,6.0
4656,19,9,4,23,2,2,99,1,35,9,,,,2,2013,201.0,4657,6,1,,24,6,4.0,99.0,6.0
4657,19,9,4,17,18,2,99,1,28,9,,,,1,2013,1801.0,4658,4,1,,34,3,5.0,2.0,3.0
4658,19,9,4,17,18,2,99,1,34,9,,,,1,2013,1801.0,4659,5,1,,99,4,9.0,4.0,4.0
4659,19,9,4,15,18,2,99,1,999,9,,,,1,2013,1801.0,4660,11,9,,99,6,1.0,99.0,6.0
4660,19,9,4,15,18,2,99,1,999,9,,,,1,2013,1801.0,4661,11,9,,99,6,3.0,99.0,6.0
4661,19,9,4,16,4,2,99,1,32,9,,,,1,2013,401.0,4662,5,1,,22,3,12.0,7.0,3.0
4662,19,9,4,16,4,2,99,1,27,9,,,,1,2013,401.0,4663,4,1,,34,5,11.0,2.0,5.0
4663,20,9,5,21,1,1,18,1,30,9,,,,1,2013,105.0,4664,5,1,,44,4,1.0,2.0,4.0
4664,20,9,5,21,1,1,18,1,25,9,,,,1,2013,105.0,4665,4,1,,37,6,1.0,11.0,6.0
4665,20,9,5,16,1,1,12,1,38,9,,,,1,2013,101.0,4666,6,1,,99,6,1.0,2.0,6.0
4666,20,9,5,16,1,1,12,1,36,9,,,,1,2013,101.0,4667,6,1,,2,5,4.0,1.0,5.0
4667,20,9,5,21,1,1,1,1,28,9,,,,1,2013,115.0,4668,4,1,,32,4,1.0,5.0,4.0
4668,20,9,5,21,1,1,1,2,36,9,,,,1,2013,115.0,4669,6,1,,44,4,1.0,99.0,4.0
4669,20,9,5,10,1,2,99,1,28,9,,,,1,2013,110.0,4670,4,1,,44,3,3.0,1.0,3.0
4670,20,9,5,10,1,2,99,2,19,9,,,,1,2013,110.0,4671,2,1,,44,4,2.0,4.0,4.0
4671,20,9,5,7,20,2,99,1,32,9,,,,2,2013,2001.0,4672,5,1,,40,6,4.0,2.0,6.0
4672,20,9,5,15,11,2,99,1,41,9,,,,1,2013,1101.0,4673,7,1,,44,6,1.0,1.0,6.0
4673,20,9,5,15,11,2,99,1,29,9,,,,1,2013,1101.0,4674,4,1,,36,6,3.0,2.0,6.0
4674,20,9,5,15,9,2,99,1,52,9,,,,1,2013,901.0,4675,9,1,,44,2,3.0,4.0,2.0
4675,20,9,5,15,9,2,99,1,32,9,,,,1,2013,901.0,4676,5,1,,34,6,11.0,2.0,6.0
4676,20,9,5,10,12,2,99,2,47,9,,,,1,2013,1201.0,4677,8,1,,21,6,4.0,4.0,6.0
4677,20,9,5,10,12,2,99,1,999,9,,,,1,2013,1201.0,4678,11,9,,44,2,3.0,2.0,2.0
4678,21,9,6,8,1,1,3,1,54,9,,,,1,2013,101.0,4679,9,1,,5,6,11.0,99.0,6.0
4679,21,9,6,8,1,1,3,1,28,9,,,,1,2013,101.0,4680,4,1,,32,6,1.0,1.0,6.0
4680,21,9,6,11,1,1,10,1,38,9,,,,1,2013,102.0,4681,6,1,,44,4,1.0,4.0,4.0
4681,21,9,6,11,1,1,10,1,45,9,,,,1,2013,102.0,4682,8,1,,99,4,4.0,7.0,4.0
4682,21,9,6,0,1,1,7,1,55,9,,,,1,2013,101.0,4683,10,1,,4,4,1.0,4.0,4.0
4683,21,9,6,0,1,1,7,1,22,9,,,,1,2013,101.0,4684,3,1,,42,5,4.0,5.0,5.0
4684,21,9,6,20,1,1,10,1,999,9,,,,1,2013,108.0,4685,11,9,,21,6,1.0,5.0,6.0
4685,21,9,6,20,1,1,10,1,38,9,,,,1,2013,108.0,4686,6,1,,21,4,1.0,9.0,4.0
4686,21,9,6,20,1,1,10,1,38,9,,,,1,2013,108.0,4687,6,1,,44,2,1.0,4.0,2.0
4687,21,9,6,23,20,2,99,1,42,9,,,,1,2013,2001.0,4688,7,1,,37,3,5.0,2.0,3.0
4688,21,9,6,23,20,2,99,1,20,9,,,,1,2013,2001.0,4689,3,1,,99,6,4.0,99.0,6.0
4689,21,9,6,21,5,2,99,1,47,9,,,,1,2013,501.0,4690,8,1,,32,6,1.0,2.0,6.0
4690,21,9,6,21,5,2,99,1,999,9,,,,1,2013,501.0,4691,11,9,,37,6,3.0,5.0,6.0
4691,21,9,6,10,9,2,99,1,29,9,,,,1,2013,901.0,4692,4,1,,13,2,12.0,6.0,2.0
4692,21,9,6,10,9,2,99,1,20,9,,,,1,2013,901.0,4693,3,1,,99,4,4.0,1.0,4.0
4693,21,9,6,22,15,2,99,1,30,9,,,,1,2013,1501.0,4694,5,1,,44,6,3.0,1.0,6.0
4694,21,9,6,22,15,2,99,1,23,9,,,,1,2013,1501.0,4695,3,1,,42,6,4.0,1.0,6.0
4695,21,9,6,11,2,2,99,1,54,9,,,,1,2013,201.0,4696,9,1,,5,6,1.0,6.0,6.0
4696,21,9,6,11,2,2,99,1,67,9,,,,1,2013,201.0,4697,10,1,,44,2,9.0,4.0,2.0
4697,21,9,6,22,2,2,99,1,46,9,,,,1,2013,201.0,4698,8,1,,44,2,3.0,11.0,2.0
4698,21,9,6,22,2,2,99,1,25,9,,,,1,2013,201.0,4699,4,1,,19,4,5.0,2.0,4.0
4699,22,9,7,16,1,1,6,1,26,9,,,,2,2013,105.0,4700,4,1,,99,6,4.0,1.0,6.0
4700,22,9,7,16,1,2,99,1,24,9,,,,2,2013,105.0,4701,3,1,,99,6,4.0,99.0,6.0
4701,22,9,7,22,1,1,10,1,999,9,,,,1,2013,102.0,4702,11,9,,32,6,1.0,4.0,6.0
4702,22,9,7,22,1,1,10,1,999,9,,,,1,2013,102.0,4703,11,9,,44,6,1.0,3.0,6.0
4703,22,9,7,23,1,2,99,1,44,9,,,,1,2013,102.0,4704,7,1,,99,6,3.0,6.0,6.0
4704,22,9,7,23,1,2,99,1,34,9,,,,1,2013,102.0,4705,5,1,,44,4,1.0,4.0,4.0
4705,22,9,7,0,1,2,99,1,52,9,,,,1,2013,115.0,4706,9,1,,15,3,6.0,8.0,3.0
4706,22,9,7,0,1,2,99,1,30,9,,,,1,2013,115.0,4707,5,1,,37,3,1.0,2.0,3.0
4707,22,9,7,1,1,1,3,1,36,2,,,,1,2013,108.0,4708,6,1,,37,6,1.0,4.0,6.0
4708,22,9,7,1,1,1,3,1,52,2,,,,1,2013,108.0,4709,9,1,,32,6,1.0,4.0,6.0
4709,22,9,7,4,1,1,2,1,61,9,,,,1,2013,108.0,4710,10,1,,30,6,1.0,11.0,6.0
4710,22,9,7,4,1,1,2,1,22,9,,,,1,2013,108.0,4711,3,1,,99,6,4.0,3.0,6.0
4711,22,9,7,23,1,1,6,1,28,9,,,,1,2013,108.0,4712,4,1,,44,4,3.0,2.0,4.0
4712,22,9,7,23,1,1,6,1,36,9,,,,1,2013,108.0,4713,6,1,,21,6,4.0,9.0,6.0
4713,22,9,7,1,22,2,99,1,22,2,,,,1,2013,2205.0,4714,3,1,,99,6,4.0,5.0,6.0
4714,22,9,7,1,22,2,99,1,22,2,,,,1,2013,2205.0,4715,3,1,,42,6,4.0,3.0,6.0
4715,22,9,7,21,20,2,99,1,42,9,,,,2,2013,2004.0,4716,7,1,,37,3,5.0,2.0,3.0
4716,22,9,7,21,19,2,99,1,30,2,,,,1,2013,1901.0,4717,5,1,,42,6,4.0,1.0,6.0
4717,22,9,7,21,19,2,99,1,999,9,,,,1,2013,1901.0,4718,11,9,,99,6,1.0,99.0,6.0
4718,22,9,7,21,19,2,99,1,48,9,,,,1,2013,1901.0,4719,8,1,,34,6,3.0,2.0,6.0
4719,22,9,7,21,19,2,99,1,30,9,,,,1,2013,1901.0,4720,5,1,,42,6,4.0,5.0,6.0
4720,22,9,7,17,6,2,99,1,75,9,,,,1,2013,601.0,4721,10,1,,37,3,3.0,2.0,3.0
4721,22,9,7,17,6,2,99,1,52,9,,,,1,2013,601.0,4722,9,1,,44,3,3.0,9.0,3.0
4722,22,9,7,20,9,2,99,1,20,9,,,,1,2013,901.0,4723,3,1,,2,6,4.0,1.0,6.0
4723,22,9,7,20,9,2,99,2,28,9,,,,1,2013,901.0,4724,4,1,,14,6,4.0,5.0,6.0
4724,22,9,7,16,9,2,99,1,23,9,,,,1,2013,901.0,4725,3,1,,44,6,3.0,3.0,6.0
4725,22,9,7,16,9,2,99,1,999,9,,,,1,2013,901.0,4726,11,9,,44,6,1.0,99.0,6.0
4726,22,9,7,11,2,2,99,1,37,9,,,,2,2013,201.0,4727,6,1,,13,2,3.0,6.0,2.0
4727,22,9,7,19,2,2,99,1,41,9,,,,2,2013,201.0,4728,7,1,,32,2,3.0,1.0,2.0
4728,23,9,1,6,1,1,9,1,69,9,,,,1,2013,101.0,4729,10,1,,37,6,1.0,4.0,6.0
4729,23,9,1,6,1,1,9,1,20,9,,,,1,2013,101.0,4730,3,1,,99,6,4.0,1.0,6.0
4730,23,9,1,2,1,1,11,1,30,9,,,,2,2013,101.0,4731,5,1,,99,4,10.0,2.0,4.0
4731,23,9,1,7,5,2,99,1,19,9,,,,1,2013,501.0,4732,2,1,,30,5,5.0,99.0,5.0
4732,23,9,1,7,5,2,99,1,33,9,,,,1,2013,501.0,4733,5,1,,99,6,4.0,1.0,6.0
4733,23,9,1,23,10,2,99,1,33,9,,,,2,2013,1014.0,4734,5,1,,44,4,3.0,11.0,4.0
4734,23,9,1,2,13,2,99,1,34,2,,,,1,2013,1305.0,4735,5,1,,19,4,5.0,2.0,4.0
4735,23,9,1,2,13,2,99,1,20,9,,,,1,2013,1305.0,4736,3,1,,2,5,4.0,1.0,5.0
4736,23,9,1,2,13,2,99,1,20,9,,,,1,2013,1305.0,4737,3,1,,21,4,1.0,6.0,4.0
4737,23,9,1,14,14,2,99,2,38,9,,,,1,2013,1401.0,4738,6,1,,19,5,5.0,2.0,5.0
4738,23,9,1,14,14,2,99,1,18,9,,,,1,2013,1401.0,4739,2,1,,24,6,4.0,4.0,6.0
4739,23,9,1,14,3,2,99,1,29,9,,,,1,2013,308.0,4740,4,1,,99,6,5.0,99.0,6.0
4740,23,9,1,14,3,2,99,1,40,9,,,,1,2013,308.0,4741,7,1,,99,6,4.0,99.0,6.0
4741,24,9,2,20,1,1,1,1,28,2,,,,1,2013,101.0,4742,4,1,,21,5,1.0,3.0,5.0
4742,24,9,2,20,1,1,1,1,72,1,,,,1,2013,101.0,4743,10,1,,20,5,10.0,2.0,5.0
4743,24,9,2,20,20,2,99,1,999,2,,,,3,2013,2001.0,4744,11,1,,99,6,3.0,99.0,6.0
4744,24,9,2,19,8,1,3,1,37,2,,,,1,2013,801.0,4745,6,1,,99,6,2.0,3.0,6.0
4745,24,9,2,19,8,1,3,2,999,1,,,,1,2013,801.0,4746,11,1,,44,3,3.0,9.0,3.0
4746,24,9,2,17,3,2,99,1,31,1,,,,1,2013,304.0,4747,5,1,,99,5,9.0,4.0,5.0
4747,24,9,2,17,3,2,99,1,43,1,,,,1,2013,304.0,4748,7,1,,99,6,9.0,1.0,6.0
4748,25,9,3,17,1,1,18,1,59,1,,,,1,2013,101.0,4749,10,1,,33,6,5.0,7.0,6.0
4749,25,9,3,17,1,1,18,1,17,1,,,,1,2013,101.0,4750,2,2,,2,6,14.0,1.0,6.0
4750,25,9,3,15,1,1,16,1,999,1,,,,3,2013,101.0,4751,11,1,,99,6,1.0,2.0,6.0
4751,25,9,3,18,20,2,99,1,54,1,,,,1,2013,2009.0,4752,9,1,,33,6,7.0,7.0,6.0
4752,25,9,3,18,20,2,99,1,21,1,,,,1,2013,2009.0,4753,3,1,,42,6,4.0,5.0,6.0
4753,25,9,3,17,12,2,99,1,36,1,,,,1,2013,1217.0,4754,6,1,,15,4,6.0,99.0,4.0
4754,25,9,3,17,12,2,99,1,31,1,,,,1,2013,1217.0,4755,5,1,,40,4,4.0,9.0,4.0
4755,25,9,3,14,12,2,99,1,999,1,,,,1,2013,1214.0,4756,11,1,,99,6,3.0,99.0,6.0
4756,25,9,3,14,12,2,99,1,999,1,,,,1,2013,1214.0,4757,11,1,,44,6,3.0,3.0,6.0
4757,26,9,4,21,1,1,10,1,38,1,,,,1,2013,101.0,4758,6,1,,99,6,1.0,4.0,6.0
4758,26,9,4,21,1,1,10,1,24,1,,,,1,2013,101.0,4759,3,1,,99,6,4.0,5.0,6.0
4759,26,9,4,11,1,1,14,1,48,1,,,,2,2013,101.0,4760,8,1,,99,6,4.0,5.0,6.0
4760,26,9,4,21,1,1,12,1,27,1,,,,1,2013,101.0,4761,4,1,,5,2,12.0,6.0,2.0
4761,26,9,4,21,1,1,12,1,26,1,,,,1,2013,101.0,4762,4,1,,44,6,1.0,2.0,6.0
4762,26,9,4,6,1,2,99,1,24,1,,,,1,2013,116.0,4763,3,1,,34,3,2.0,5.0,3.0
4763,26,9,4,6,1,2,99,1,20,1,,,,1,2013,116.0,4764,3,1,,40,6,4.0,5.0,6.0
4764,26,9,4,8,1,2,99,2,24,1,,,,1,2013,116.0,4765,3,1,,38,4,1.0,4.0,4.0
4765,26,9,4,8,1,2,99,1,73,1,,,,1,2013,116.0,4766,10,1,,99,4,4.0,4.0,4.0
4766,26,9,4,19,1,2,1,1,60,1,,,,3,2013,108.0,4767,10,1,,99,6,4.0,3.0,6.0
4767,26,9,4,19,5,2,99,1,38,1,,,,2,2013,501.0,4768,6,1,,20,6,1.0,3.0,6.0
4768,26,9,4,16,8,2,99,1,999,1,,,,3,2013,805.0,4769,11,1,,23,3,5.0,2.0,3.0
4769,26,9,4,16,15,2,99,1,37,1,,,,1,2013,1502.0,4770,6,1,,99,6,5.0,2.0,6.0
4770,26,9,4,16,15,2,99,1,23,1,,,,1,2013,1502.0,4771,3,1,,40,6,4.0,5.0,6.0
4771,27,9,5,2,1,2,1,1,25,1,,,,2,2013,108.0,4772,4,1,,4,6,1.0,3.0,6.0
4772,27,9,5,16,13,2,99,1,95,1,,,,3,2013,1301.0,4773,10,1,,99,6,99.0,99.0,6.0
4773,27,9,5,12,2,2,99,1,15,1,,,,1,2013,207.0,4774,2,2,,99,6,14.0,1.0,6.0
4774,27,9,5,15,16,2,99,1,56,1,,,,1,2013,1601.0,4775,10,1,,44,6,5.0,2.0,6.0
4775,27,9,5,20,5,2,99,1,23,1,,,,2,2013,501.0,4776,3,1,,99,6,4.0,4.0,6.0
4776,28,9,6,6,1,1,2,9,999,9,,,,1,2013,101.0,4777,11,9,,99,6,99.0,99.0,6.0
4777,28,9,6,6,1,1,7,1,29,1,,,,3,2013,117.0,4778,4,1,,37,6,1.0,11.0,6.0
4778,28,9,6,17,1,2,99,1,24,9,,,,3,2013,110.0,4779,3,1,,99,6,4.0,99.0,6.0
4779,28,9,6,16,21,2,99,1,40,1,,,,1,2013,2106.0,4780,7,1,,13,3,2.0,3.0,3.0
4780,28,9,6,15,19,2,99,1,45,1,,,,1,2013,1901.0,4781,8,1,,21,4,4.0,4.0,4.0
4781,28,9,6,15,19,2,99,1,27,1,,,,1,2013,1901.0,4782,4,1,,99,6,99.0,99.0,6.0
4782,28,9,6,20,19,2,99,1,27,2,,,,1,2013,1901.0,4783,4,1,,24,6,4.0,1.0,6.0
4783,28,9,6,20,6,2,99,9,999,9,,,,1,2013,608.0,4784,11,9,,21,6,4.0,1.0,6.0
4784,28,9,6,20,6,2,99,9,999,9,,,,1,2013,608.0,4785,11,9,,99,6,2.0,5.0,6.0
4785,28,9,6,15,13,2,99,1,28,2,,,,2,2013,1301.0,4786,4,1,,44,6,9.0,4.0,6.0
4786,28,9,6,18,16,2,99,1,27,2,,,,2,2013,1616.0,4787,4,1,,21,6,4.0,1.0,6.0
4787,28,9,6,18,16,2,99,1,18,1,,,,1,2013,1610.0,4788,2,1,,9,1,3.0,6.0,1.0
4788,28,9,6,18,16,2,99,1,25,1,,,,1,2013,1610.0,4789,4,1,,44,3,3.0,2.0,3.0
4789,29,9,7,23,1,1,7,1,47,1,,,,1,2013,101.0,4790,8,1,,11,6,3.0,5.0,6.0
4790,29,9,7,23,1,1,7,1,21,1,,,,1,2013,101.0,4791,3,1,,40,6,4.0,5.0,6.0
4791,29,9,7,23,1,1,7,1,32,1,,,,1,2013,101.0,4792,5,1,,2,4,4.0,1.0,4.0
4792,29,9,7,16,1,1,7,1,19,1,,,,1,2013,101.0,4793,2,1,,2,5,4.0,7.0,2014.0
4793,29,9,7,16,1,1,7,1,17,1,,,,1,2013,101.0,4794,2,2,,24,5,4.0,1.0,5.0
4794,29,9,7,19,1,2,99,1,24,1,,,,1,2013,114.0,4795,3,1,,44,3,1.0,9.0,3.0
4795,29,9,7,19,1,2,99,1,25,1,,,,1,2013,114.0,4796,4,1,,99,6,4.0,99.0,6.0
4796,29,9,7,11,1,1,4,1,32,1,,,,1,2013,108.0,4797,5,1,,9,3,11.0,99.0,3.0
4797,29,9,7,13,1,2,99,2,29,1,,,,2,2013,110.0,4798,4,1,,99,6,1.0,1.0,6.0
4798,29,9,7,18,22,2,99,1,37,2,,,,1,2013,2207.0,4799,6,1,,15,3,6.0,2.0,3.0
4799,29,9,7,6,19,2,99,1,32,1,,,,1,2013,1905.0,4800,5,1,,22,4,6.0,2.0,4.0
4800,29,9,7,6,19,2,99,1,19,1,,,,1,2013,1905.0,4801,2,1,,32,4,1.0,4.0,4.0
4801,29,9,7,23,19,2,99,1,39,2,,,,1,2013,1901.0,4802,6,1,,5,6,1.0,9.0,6.0
4802,29,9,7,0,19,2,99,1,58,1,,,,2,2013,1901.0,4803,10,1,,99,3,3.0,6.0,3.0
4803,29,9,7,20,6,2,99,1,20,1,,,,1,2013,608.0,4804,3,1,,34,4,2.0,5.0,4.0
4804,29,9,7,8,6,2,99,9,999,9,,,,1,2013,608.0,4805,11,9,,47,6,6.0,2.0,6.0
4805,29,9,7,8,6,2,99,9,999,9,,,,1,2013,608.0,4806,11,9,,32,4,1.0,4.0,4.0
4806,29,9,7,16,6,2,99,1,999,9,,,,2,2013,608.0,4807,11,1,,99,6,3.0,99.0,6.0
4807,29,9,7,21,9,2,99,1,58,2,,,,1,2013,901.0,4808,10,1,,44,6,3.0,11.0,6.0
4808,29,9,7,1,16,1,1,1,24,2,,,,2,2013,1604.0,4809,3,1,,99,6,4.0,4.0,6.0
4809,29,9,7,8,14,2,99,1,24,9,,,,1,2013,1406.0,4810,3,1,,44,3,3.0,5.0,3.0
4810,29,9,7,8,14,2,99,1,36,1,,,,1,2013,1406.0,4811,6,1,,13,4,3.0,11.0,4.0
4811,30,9,1,1,1,2,99,1,23,1,,,,1,2013,106.0,4812,3,1,,23,3,3.0,1.0,3.0
4812,30,9,1,7,1,2,6,9,999,9,,,,1,2013,106.0,4813,11,9,,30,4,1.0,2.0,4.0
4813,30,9,1,20,1,1,6,9,999,9,,,,1,2013,101.0,4814,11,9,,99,6,99.0,99.0,6.0
4814,30,9,1,13,1,2,4,2,46,1,,,,1,2013,108.0,4815,8,1,,15,6,6.0,2.0,6.0
4815,30,9,1,15,1,1,12,1,999,9,,,,1,2013,101.0,4816,11,9,,99,6,99.0,99.0,6.0
4816,30,9,1,11,20,1,99,1,22,1,,,,1,2013,2007.0,4817,3,1,,21,4,4.0,4.0,4.0
4817,30,9,1,11,20,1,99,1,24,1,,,,1,2013,2007.0,4818,3,1,,44,6,3.0,99.0,6.0
4818,30,9,1,18,6,2,99,1,999,9,,,,1,2013,601.0,4819,11,9,,99,6,99.0,99.0,6.0
4819,30,9,1,9,11,2,99,1,32,1,,,,1,2013,1108.0,4820,5,1,,33,1,5.0,7.0,1.0
4820,30,9,1,9,11,2,99,1,25,1,,,,1,2013,1108.0,4821,4,1,,99,6,11.0,2.0,6.0
4821,30,9,1,11,7,2,99,1,35,9,,,,1,2013,704.0,4822,6,1,,44,6,3.0,3.0,6.0
4822,1,10,2,12,1,1,10,1,58,1,,,,1,2013,101.0,4823,10,1,,23,4,5.0,2.0,4.0
4823,1,10,2,12,1,1,10,1,21,1,,,,1,2013,101.0,4824,3,1,,42,5,4.0,4.0,5.0
4824,1,10,2,19,1,1,7,9,999,9,,,,1,2013,101.0,4825,11,1,,20,6,1.0,2.0,6.0
4825,1,10,2,19,1,1,7,1,28,1,,,,1,2013,101.0,4826,4,1,,22,2,12.0,6.0,2.0
4826,1,10,2,0,1,1,1,1,24,1,,,,1,2013,108.0,4827,3,1,,37,5,1.0,2.0,2014.0
4827,1,10,2,0,1,1,1,1,26,1,,,,1,2013,108.0,4828,4,1,,42,5,1.0,1.0,5.0
4828,1,10,2,0,3,2,99,1,27,1,,,,2,2013,312.0,4829,4,1,,44,3,3.0,2.0,3.0
4829,1,10,2,16,3,2,99,1,35,1,,,,1,2013,307.0,4830,6,1,,44,6,3.0,2.0,6.0
4830,1,10,2,16,3,2,99,1,73,1,,,,1,2013,307.0,4831,10,1,,32,6,1.0,2.0,6.0
4831,2,10,3,12,1,1,4,1,25,1,,,,1,2013,101.0,4832,4,1,,44,4,1.0,2.0,4.0
4832,2,10,3,12,1,1,4,1,48,1,,,,1,2013,101.0,4833,8,1,,13,4,1.0,4.0,4.0
4833,2,10,3,8,1,1,12,1,49,1,,,,1,2013,101.0,4834,8,1,,22,5,5.0,99.0,5.0
4834,2,10,3,8,1,1,12,1,26,1,,,,1,2013,101.0,4835,4,1,,2,5,4.0,5.0,5.0
4835,2,10,3,22,20,2,99,1,35,1,,,,1,2013,2001.0,4836,6,1,,44,5,3.0,2.0,5.0
4836,2,10,3,22,20,2,99,1,24,1,,,,1,2013,2001.0,4837,3,1,,2,5,4.0,5.0,5.0
4837,2,10,3,23,6,1,99,1,18,1,,,,1,2013,605.0,4838,2,1,,99,6,1.0,4.0,6.0
4838,2,10,3,23,6,1,99,1,999,1,,,,1,2013,605.0,4839,11,1,,99,6,7.0,7.0,6.0
4839,2,10,3,23,6,1,99,1,999,1,,,,1,2013,605.0,4840,11,1,,42,6,2.0,9.0,6.0
4840,2,10,3,23,10,1,1,1,52,1,,,,1,2013,1010.0,4841,9,1,,44,6,3.0,3.0,6.0
4841,2,10,3,23,10,1,1,1,999,1,,,,1,2013,1010.0,4842,11,1,,37,4,3.0,10.0,4.0
4842,2,10,3,18,13,2,99,1,25,2,,,,1,2013,1303.0,4843,4,1,,34,6,5.0,2.0,6.0
4843,2,10,3,18,13,2,99,1,54,1,,,,1,2013,1303.0,4844,9,1,,44,6,3.0,2.0,6.0
4844,3,10,4,23,1,1,9,1,52,1,,,,1,2013,101.0,4845,9,1,,5,4,1.0,3.0,4.0
4845,3,10,4,23,1,1,9,2,34,1,,,,1,2013,101.0,4846,5,1,,21,4,1.0,4.0,4.0
4846,3,10,4,21,1,1,18,1,29,1,,,,1,2013,101.0,4847,4,1,,20,6,10.0,2.0,6.0
4847,3,10,4,21,1,1,18,1,45,1,,,,1,2013,101.0,4848,8,1,,15,6,6.0,5.0,6.0
4848,3,10,4,21,1,2,99,1,22,1,,,,3,2013,105.0,4849,3,1,,2,6,14.0,1.0,6.0
4849,3,10,4,18,1,2,99,1,52,2,,,,1,2013,114.0,4850,9,1,,99,6,8.0,99.0,6.0
4850,3,10,4,18,1,2,99,1,30,1,,,,1,2013,114.0,4851,5,1,,99,6,3.0,99.0,6.0
4851,3,10,4,20,5,2,99,1,37,1,,,,1,2013,501.0,4852,6,1,,44,6,1.0,2.0,6.0
4852,3,10,4,20,5,2,99,1,37,1,,,,1,2013,501.0,4853,6,1,,99,6,4.0,3.0,6.0
4853,3,10,4,11,5,2,99,1,31,1,,,,1,2013,507.0,4854,5,1,,44,5,11.0,2.0,5.0
4854,3,10,4,11,5,2,99,1,27,1,,,,1,2013,507.0,4855,4,1,,24,6,4.0,1.0,6.0
4855,3,10,4,20,11,2,99,1,27,1,,,,1,2013,1102.0,4856,4,1,,21,3,4.0,99.0,3.0
4856,3,10,4,20,11,2,99,1,21,1,,,,1,2013,1102.0,4857,3,1,,21,5,4.0,99.0,5.0
4857,3,10,4,15,9,2,99,1,999,1,,,,3,2013,909.0,4858,11,1,,44,6,9.0,6.0,6.0
4858,3,10,4,6,13,2,99,1,25,1,,,,3,2013,1312.0,4859,4,1,,19,6,5.0,3.0,6.0
4859,3,10,4,22,8,2,99,1,23,2,,,,1,2013,801.0,4860,3,1,,44,4,1.0,1.0,4.0
4860,3,10,4,22,8,2,99,1,23,1,,,,1,2013,801.0,4861,3,1,,44,6,1.0,4.0,6.0
4861,4,10,5,14,1,1,1,1,19,1,,,,2,2013,101.0,4862,2,1,,44,4,5.0,2.0,4.0
4862,4,10,5,20,1,1,3,1,27,2,,,,1,2013,101.0,4863,4,1,,2,6,4.0,1.0,6.0
4863,4,10,5,20,1,1,3,1,39,1,,,,1,2013,101.0,4864,6,1,,37,6,10.0,2.0,6.0
4864,4,10,5,3,1,1,99,1,26,2,,,,2,2013,115.0,4865,4,1,,99,6,2.0,3.0,6.0
4865,4,10,5,6,5,2,99,1,63,1,,,,3,2013,504.0,4866,10,1,,22,3,7.0,6.0,3.0
4866,4,10,5,15,6,2,99,1,53,2,,,,3,2013,608.0,4867,9,1,,40,4,3.0,4.0,4.0
4867,4,10,5,0,11,2,99,1,19,2,,,,2,2013,1102.0,4868,2,1,,24,6,4.0,1.0,6.0
4868,4,10,5,8,15,2,99,1,31,1,,,,3,2013,1508.0,4869,5,1,,99,6,5.0,99.0,6.0
4869,4,10,5,0,18,1,99,1,25,1,,,,1,2013,1801.0,4870,4,1,,21,6,4.0,2.0,6.0
4870,4,10,5,0,18,1,99,1,27,1,,,,1,2013,1801.0,4871,4,1,,42,6,4.0,5.0,6.0
4871,4,10,5,15,14,2,99,1,21,1,,,,1,2013,1413.0,4872,3,1,,42,4,4.0,5.0,4.0
4872,5,10,6,23,1,1,1,1,21,2,,,,1,2013,101.0,4873,3,1,,32,4,1.0,14.0,4.0
4873,5,10,6,23,1,1,1,1,21,1,,,,1,2013,101.0,4874,3,1,,44,3,1.0,2.0,3.0
4874,5,10,6,23,1,1,1,1,35,1,,,,1,2013,101.0,4875,6,1,,44,3,1.0,11.0,3.0
4875,5,10,6,10,1,1,1,1,41,1,,,,1,2013,101.0,4876,7,1,,20,5,10.0,2.0,5.0
4876,5,10,6,10,1,1,1,1,39,1,,,,1,2013,101.0,4877,6,1,,44,3,1.0,6.0,3.0
4877,5,10,6,21,1,1,1,1,41,1,,,,1,2013,101.0,4878,7,1,,20,6,10.0,2.0,6.0
4878,5,10,6,21,1,1,1,1,41,1,,,,1,2013,101.0,4879,7,1,,41,6,1.0,8.0,6.0
4879,5,10,6,2,1,1,18,1,36,1,,,,2,2013,101.0,4880,6,1,,42,6,4.0,3.0,6.0
4880,5,10,6,20,1,2,99,2,26,1,,,,2,2013,105.0,4881,4,1,,2,6,4.0,5.0,6.0
4881,5,10,6,4,1,1,6,1,24,1,,,,1,2013,101.0,4882,3,1,,2,6,4.0,1.0,6.0
4882,5,10,6,4,1,1,6,1,999,1,,,,1,2013,101.0,4883,11,1,,99,6,1.0,99.0,6.0
4883,5,10,6,5,1,1,10,1,45,2,,,,1,2013,101.0,4884,8,1,,5,3,1.0,2.0,3.0
4884,5,10,6,5,1,1,10,1,30,1,,,,1,2013,101.0,4885,5,1,,99,6,9.0,6.0,6.0
4885,5,10,6,0,1,1,7,1,33,1,,,,2,2013,101.0,4886,5,1,,30,5,1.0,5.0,5.0
4886,5,10,6,22,1,2,99,1,999,1,,,,1,2013,115.0,4887,11,1,,99,6,1.0,99.0,6.0
4887,5,10,6,22,1,2,99,1,22,1,,,,1,2013,115.0,4888,3,1,,99,6,4.0,99.0,6.0
4888,5,10,6,16,1,2,99,1,34,1,,,,1,2013,115.0,4889,5,1,,99,6,4.0,99.0,6.0
4889,5,10,6,16,1,2,99,1,999,1,,,,1,2013,115.0,4890,11,1,,99,6,1.0,99.0,6.0
4890,5,10,6,4,1,1,3,1,31,1,,,,2,2013,108.0,4891,5,1,,30,6,1.0,4.0,6.0
4891,5,10,6,23,22,2,99,1,18,1,,,,1,2013,2201.0,4892,2,1,,99,6,4.0,6.0,6.0
4892,5,10,6,23,22,2,99,1,31,1,,,,1,2013,2201.0,4893,5,1,,31,4,4.0,5.0,4.0
4893,5,10,6,1,22,2,99,1,18,1,,,,3,2013,2211.0,4894,2,1,,21,5,4.0,99.0,5.0
4894,5,10,6,20,21,1,99,1,26,1,,,,1,2013,2101.0,4895,4,1,,42,5,4.0,5.0,5.0
4895,5,10,6,20,21,1,99,1,23,1,,,,1,2013,2101.0,4896,3,1,,40,4,4.0,5.0,4.0
4896,5,10,6,10,5,2,99,1,47,1,,,,1,2013,501.0,4897,8,1,,22,3,7.0,1.0,3.0
4897,5,10,6,10,5,2,99,1,34,1,,,,1,2013,501.0,4898,5,1,,15,3,6.0,2.0,3.0
4898,5,10,6,11,5,2,99,1,23,1,,,,1,2013,509.0,4899,3,1,,32,3,1.0,1.0,3.0
4899,5,10,6,11,5,2,99,1,22,1,,,,1,2013,509.0,4900,3,1,,99,6,4.0,1.0,6.0
4900,5,10,6,22,6,2,99,1,37,1,,,,1,2013,603.0,4901,6,1,,99,6,1.0,4.0,6.0
4901,5,10,6,22,6,2,99,1,33,1,,,,1,2013,603.0,4902,5,1,,5,6,2.0,5.0,6.0
4902,5,10,6,22,6,2,99,1,23,1,,,,1,2013,603.0,4903,3,1,,99,6,1.0,5.0,6.0
4903,5,10,6,5,10,2,99,1,22,2,,,,3,2013,1001.0,4904,3,1,,21,6,4.0,5.0,6.0
4904,5,10,6,15,15,2,99,1,999,1,,,,3,2013,1505.0,4905,11,1,,22,3,7.0,3.0,3.0
4905,5,10,6,22,18,2,99,2,18,1,,,,1,2013,1801.0,4906,2,1,,99,6,14.0,99.0,6.0
4906,5,10,6,22,18,2,99,1,999,1,,,,1,2013,1801.0,4907,11,1,,99,6,1.0,99.0,6.0
4907,5,10,6,0,17,2,99,1,36,1,,,,1,2013,1703.0,4908,6,1,,44,6,3.0,5.0,6.0
4908,5,10,6,0,17,2,99,1,34,1,,,,1,2013,1703.0,4909,5,1,,24,6,4.0,1.0,6.0
4909,5,10,6,22,14,2,99,1,30,1,,,,1,2013,1415.0,4910,5,1,,44,4,3.0,4.0,4.0
4910,5,10,6,22,14,2,99,1,22,1,,,,1,2013,1415.0,4911,3,1,,36,6,4.0,1.0,6.0
4911,5,10,6,10,4,2,99,1,43,1,,,,2,2013,402.0,4912,7,1,,44,6,3.0,6.0,6.0
4912,6,10,7,16,1,1,1,2,26,1,,,,1,2013,101.0,4913,4,1,,44,4,1.0,4.0,4.0
4913,6,10,7,16,1,1,1,2,52,1,,,,1,2013,101.0,4914,9,1,,44,4,1.0,11.0,4.0
4914,6,10,7,21,1,1,5,1,68,1,,,,1,2013,101.0,4915,10,1,,44,3,1.0,6.0,3.0
4915,6,10,7,21,1,1,5,1,56,1,,,,1,2013,101.0,4916,10,1,,37,3,1.0,3.0,3.0
4916,6,10,7,21,1,1,5,1,32,1,,,,1,2013,101.0,4917,5,1,,99,3,8.0,5.0,3.0
4917,6,10,7,3,1,1,14,1,22,1,,,,3,2013,101.0,4918,3,1,,2,6,4.0,5.0,6.0
4918,6,10,7,0,1,2,99,1,36,1,,,,1,2013,117.0,4919,6,1,,99,3,2.0,9.0,3.0
4919,6,10,7,0,1,2,99,1,36,1,,,,1,2013,117.0,4920,6,1,,32,4,1.0,99.0,4.0
4920,6,10,7,13,5,2,99,1,51,1,,,,1,2013,511.0,4921,9,1,,44,2,1.0,6.0,2.0
4921,6,10,7,13,5,2,99,1,22,1,,,,1,2013,511.0,4922,3,1,,24,4,4.0,3.0,4.0
4922,6,10,7,19,5,2,99,1,35,1,,,,3,2013,501.0,4923,6,1,,42,6,4.0,3.0,6.0
4923,6,10,7,22,5,2,99,1,37,1,,,,2,2013,513.0,4924,6,1,,42,6,4.0,1.0,6.0
4924,6,10,7,21,5,2,99,1,45,1,,,,3,2013,511.0,4925,8,1,,13,6,7.0,2.0,6.0
4925,6,10,7,15,11,2,99,1,18,1,,,,2,2013,1101.0,4926,2,1,,2,5,14.0,1.0,5.0
4926,6,10,7,15,11,2,99,2,27,1,,,,2,2013,1101.0,4927,4,1,,99,5,4.0,5.0,5.0
4927,6,10,7,0,9,2,99,1,22,2,,,,1,2013,920.0,4928,3,1,,14,6,4.0,5.0,6.0
4928,6,10,7,0,9,2,99,1,30,1,,,,1,2013,920.0,4929,5,1,,37,6,1.0,14.0,6.0
4929,6,10,7,22,15,2,99,1,35,1,,,,1,2013,1501.0,4930,6,1,,20,6,2.0,4.0,6.0
4930,6,10,7,22,15,2,99,1,45,1,,,,1,2013,1501.0,4931,8,1,,44,6,1.0,4.0,6.0
4931,6,10,7,19,2,2,99,1,51,1,,,,1,2013,201.0,4932,9,1,,99,6,3.0,99.0,6.0
4932,6,10,7,19,2,2,99,1,51,1,,,,1,2013,201.0,4933,9,1,,99,6,5.0,99.0,6.0
4933,6,10,7,11,2,2,99,1,29,1,,,,1,2013,203.0,4934,4,1,,21,6,1.0,3.0,6.0
4934,6,10,7,10,2,2,99,1,43,1,,,,2,2013,205.0,4935,7,1,,42,6,4.0,5.0,6.0
4935,6,10,7,9,17,2,99,1,23,1,,,,2,2013,1712.0,4936,3,1,,21,6,4.0,5.0,6.0
4936,6,10,7,1,14,2,99,1,43,1,,,,3,2013,1415.0,4937,7,1,,44,6,3.0,8.0,6.0
4937,7,10,1,18,1,1,7,1,40,1,,,,2,2013,101.0,4938,7,1,,20,5,1.0,2.0,5.0
4938,7,10,1,19,10,1,4,1,32,1,,,,2,2013,1001.0,4939,5,1,,99,6,4.0,99.0,6.0
4939,7,10,1,20,12,1,4,2,16,1,,,,2,2013,1227.0,4940,2,2,,99,6,4.0,99.0,6.0
4940,7,10,1,15,17,2,99,1,32,1,,,,3,2013,1703.0,4941,5,1,,99,6,4.0,99.0,6.0
4941,7,10,1,21,17,2,99,1,999,1,,,,2,2013,1711.0,4942,11,1,,99,6,4.0,99.0,6.0
4942,8,10,2,22,1,1,16,1,999,1,,,,1,2013,102.0,4943,11,1,,32,5,3.0,14.0,5.0
4943,8,10,2,22,1,1,16,1,44,1,,,,1,2013,102.0,4944,7,1,,12,4,3.0,4.0,4.0
4944,8,10,2,16,1,1,12,1,40,1,,,,1,2013,101.0,4945,7,1,,99,6,11.0,99.0,6.0
4945,8,10,2,18,9,2,99,1,20,1,,,,2,2013,904.0,4946,3,1,,21,4,4.0,2.0,4.0
4946,9,10,3,21,1,1,1,1,24,2,,,,1,2013,101.0,4947,3,1,,99,5,9.0,4.0,5.0
4947,9,10,3,7,1,2,99,1,34,1,,,,3,2013,116.0,4948,5,1,,13,6,12.0,6.0,6.0
4948,9,10,3,19,19,2,99,1,23,1,,,,1,2013,1901.0,4949,3,1,,99,6,4.0,99.0,6.0
4949,9,10,3,19,19,2,99,1,19,1,,,,1,2013,1901.0,4950,2,1,,44,4,1.0,6.0,4.0
4950,9,10,3,22,5,2,99,1,62,1,,,,2,2013,506.0,4951,10,1,,44,3,3.0,3.0,3.0
4951,9,10,3,1,5,2,99,1,22,1,,,,2,2013,502.0,4952,3,1,,2,4,4.0,4.0,4.0
4952,9,10,3,1,10,1,99,1,17,1,,,,1,2013,1001.0,4953,2,2,,44,6,3.0,14.0,6.0
4953,9,10,3,14,14,2,99,1,20,1,,,,2,2013,1404.0,4954,3,1,,21,6,4.0,5.0,6.0
4954,10,10,4,1,1,1,1,1,27,1,,,,1,2013,101.0,4955,4,1,,20,4,1.0,4.0,4.0
4955,10,10,4,1,1,1,1,1,26,1,,,,1,2013,101.0,4956,4,1,,21,6,4.0,1.0,6.0
4956,10,10,4,19,1,1,13,1,27,2,,,,1,2013,101.0,4957,4,1,,22,2,12.0,7.0,2.0
4957,10,10,4,19,1,1,13,2,36,1,,,,1,2013,101.0,4958,6,1,,5,4,1.0,9.0,4.0
4958,10,10,4,18,1,1,12,1,999,9,,,,1,2013,101.0,4959,11,1,,41,6,2.0,99.0,6.0
4959,10,10,4,18,1,1,12,1,41,1,,,,1,2013,101.0,4960,7,1,,21,6,4.0,1.0,6.0
4960,10,10,4,21,1,1,4,1,35,1,,,,1,2013,108.0,4961,6,1,,34,4,2.0,3.0,4.0
4961,10,10,4,21,1,1,4,1,34,1,,,,1,2013,108.0,4962,5,1,,5,4,2.0,7.0,4.0
4962,10,10,4,18,22,2,99,1,33,2,,,,1,2013,2201.0,4963,5,1,,24,5,4.0,1.0,5.0
4963,10,10,4,18,22,2,99,1,32,1,,,,1,2013,2201.0,4964,5,1,,32,4,9.0,2.0,4.0
4964,10,10,4,23,20,2,99,1,43,1,,,,3,2013,2001.0,4965,7,1,,46,6,1.0,6.0,6.0
4965,10,10,4,17,11,1,1,1,24,1,,,,1,2013,1101.0,4966,3,1,,99,6,14.0,1.0,6.0
4966,10,10,4,17,11,1,1,1,23,1,,,,1,2013,1101.0,4967,3,1,,44,6,3.0,2.0,6.0
4967,10,10,4,12,13,2,99,1,31,1,,,,1,2013,1301.0,4968,5,1,,13,2,7.0,1.0,2.0
4968,10,10,4,12,13,2,99,1,24,1,,,,1,2013,1301.0,4969,3,1,,32,3,1.0,6.0,3.0
4969,10,10,4,19,16,2,99,2,27,1,,,,1,2013,1615.0,4970,4,1,,32,6,3.0,4.0,6.0
4970,10,10,4,19,16,2,99,1,23,1,,,,1,2013,1615.0,4971,3,1,,40,6,4.0,1.0,6.0
4971,10,10,4,14,15,2,99,1,29,1,,,,3,2013,1508.0,4972,4,1,,99,6,7.0,99.0,6.0
4972,10,10,4,17,15,1,2,1,34,2,,,,1,2013,1508.0,4973,5,1,,13,6,2.0,99.0,6.0
4973,10,10,4,17,15,1,2,1,999,1,,,,1,2013,1508.0,4974,11,1,,99,6,1.0,99.0,6.0
4974,10,10,4,17,15,1,2,1,999,1,,,,1,2013,1508.0,4975,11,1,,99,6,1.0,99.0,6.0
4975,10,10,4,17,15,1,2,1,999,1,,,,1,2013,1508.0,4976,11,1,,99,6,4.0,99.0,6.0
4976,11,10,5,20,10,1,99,1,26,2,,,,1,2013,1001.0,4977,4,1,,44,2,3.0,2.0,2.0
4977,11,10,5,15,12,2,99,1,999,9,,,,1,2013,1202.0,4978,11,1,,99,6,3.0,99.0,6.0
4978,11,10,5,15,12,2,99,1,35,1,,,,1,2013,1202.0,4979,6,1,,99,6,4.0,99.0,6.0
4979,11,10,5,15,17,2,99,1,18,1,,,,1,2013,1703.0,4980,2,1,,42,6,4.0,1.0,6.0
4980,11,10,5,15,17,2,99,1,16,1,,,,1,2013,1703.0,4981,2,2,,40,6,4.0,1.0,6.0
4981,11,10,5,7,7,2,99,1,48,1,,,,1,2013,703.0,4982,8,1,,32,6,7.0,2.0,6.0
4982,11,10,5,7,7,2,99,1,40,1,,,,1,2013,703.0,4983,7,1,,32,4,1.0,99.0,4.0
4983,11,10,5,3,1,1,3,1,34,1,,,,1,2013,101.0,4984,5,1,,34,6,3.0,4.0,6.0
4984,11,10,5,3,15,2,99,1,33,1,,,,4,2013,1507.0,4985,5,1,,34,6,9.0,11.0,6.0
4985,12,10,6,2,1,2,99,1,21,2,,,,1,2013,113.0,4986,3,1,,47,4,2.0,7.0,4.0
4986,12,10,6,2,1,2,99,1,20,2,,,,1,2013,113.0,4987,3,1,,99,3,1.0,1.0,3.0
4987,12,10,6,4,1,1,21,1,33,2,,,,2,2013,101.0,4988,5,1,,32,3,1.0,11.0,3.0
4988,12,10,6,2,1,1,3,1,50,2,,,,2,2013,108.0,4989,9,1,,23,6,3.0,1.0,6.0
4989,12,10,6,1,1,1,7,1,23,9,,,,2,2013,101.0,4990,3,1,,99,6,4.0,1.0,6.0
4990,12,10,6,15,19,2,99,1,51,2,,,,1,2013,1904.0,4991,9,1,,32,2,3.0,5.0,2.0
4991,12,10,6,15,19,2,99,2,40,1,,,,1,2013,1904.0,4992,7,1,,31,4,4.0,4.0,4.0
4992,12,10,6,16,5,2,99,1,28,2,,,,1,2013,509.0,4993,4,1,,99,5,3.0,2.0,5.0
4993,12,10,6,16,5,2,99,2,24,2,,,,1,2013,509.0,4994,3,1,,2,6,14.0,1.0,6.0
4994,12,10,6,19,10,2,99,1,19,2,,,,1,2013,1020.0,4995,2,1,,44,5,11.0,2.0,5.0
4995,12,10,6,19,10,2,99,1,28,1,,,,1,2013,1020.0,4996,4,1,,44,6,1.0,5.0,6.0
4996,12,10,6,4,9,2,99,2,28,2,,,,2,2013,901.0,4997,4,1,,44,4,1.0,4.0,4.0
4997,12,10,6,13,13,1,99,1,23,2,,,,1,2013,1301.0,4998,3,1,,41,6,4.0,5.0,6.0
4998,12,10,6,13,13,1,99,1,25,1,,,,1,2013,1301.0,4999,4,1,,20,4,2.0,4.0,4.0
4999,12,10,6,16,8,1,99,1,999,9,,,,4,2013,803.0,5000,11,1,,22,6,7.0,2.0,6.0
5000,12,10,6,16,16,2,99,1,22,9,,,,1,2013,1613.0,5001,3,1,,44,2,3.0,5.0,2.0
5001,12,10,6,16,16,2,99,1,28,9,,,,1,2013,1613.0,5002,4,1,,44,5,3.0,2.0,5.0
5002,12,10,6,19,16,2,99,1,26,2,,,,1,2013,1602.0,5003,4,1,,44,3,1.0,4.0,3.0
5003,12,10,6,19,16,2,99,1,39,1,,,,1,2013,1602.0,5004,6,1,,44,2,3.0,4.0,2.0
5004,12,10,6,21,1,1,18,1,27,1,,,,1,2013,101.0,5005,4,1,,44,3,1.0,2.0,3.0
5005,12,10,6,21,1,1,18,1,22,1,,,,1,2013,101.0,5006,3,1,,21,5,4.0,5.0,5.0
5006,12,10,6,18,1,1,3,1,35,1,,,,1,2013,101.0,5007,6,1,,99,6,12.0,1.0,6.0
5007,12,10,6,18,1,1,3,1,29,1,,,,1,2013,101.0,5008,4,1,,46,4,4.0,1.0,4.0
5008,12,10,6,11,1,1,3,1,26,1,,,,1,2013,101.0,5009,4,1,,44,6,3.0,10.0,6.0
5009,12,10,6,11,1,1,3,1,28,1,,,,1,2013,101.0,5010,4,1,,44,6,1.0,99.0,6.0
5010,13,10,7,5,1,1,2,1,21,2,,,,2,2013,101.0,5011,3,1,,20,6,1.0,9.0,6.0
5011,13,10,7,3,1,1,1,1,999,9,,,,3,2013,101.0,5012,11,1,,44,6,1.0,1.0,6.0
5012,13,10,7,11,1,2,99,1,31,9,,,,2,2013,102.0,5013,5,1,,20,4,1.0,2.0,4.0
5013,13,10,7,17,1,1,12,1,25,1,,,,1,2013,101.0,5014,4,1,,46,6,1.0,1.0,6.0
5014,13,10,7,17,1,1,12,1,38,1,,,,1,2013,101.0,5015,6,1,,30,3,2.0,9.0,3.0
5015,13,10,7,14,5,1,99,1,57,1,,,,1,2013,506.0,5016,10,1,,2,5,4.0,5.0,5.0
5016,13,10,7,14,5,1,99,2,34,1,,,,1,2013,506.0,5017,5,1,,99,5,4.0,3.0,5.0
5017,13,10,7,20,5,1,99,1,26,1,,,,1,2013,506.0,5018,4,1,,99,6,4.0,99.0,6.0
5018,13,10,7,20,5,1,99,9,999,1,,,,1,2013,506.0,5019,11,1,,99,6,12.0,99.0,6.0
5019,13,10,7,2,9,1,99,1,21,1,,,,1,2013,920.0,5020,3,1,,37,2,1.0,11.0,2.0
5020,13,10,7,2,9,1,99,2,999,1,,,,1,2013,920.0,5021,11,1,,32,6,1.0,3.0,6.0
5021,13,10,7,22,7,1,99,1,40,2,,,,1,2013,701.0,5022,7,1,,44,3,1.0,10.0,3.0
5022,13,10,7,22,7,1,99,1,45,1,,,,1,2013,701.0,5023,8,1,,44,6,3.0,4.0,6.0
5023,13,10,7,4,20,1,99,1,38,1,,,,1,2013,2001.0,5024,6,1,,44,6,3.0,5.0,6.0
5024,13,10,7,15,19,2,99,1,25,1,,,,4,2013,1910.0,5025,4,1,,99,6,4.0,99.0,6.0
5025,14,10,1,11,1,1,7,2,34,1,,,,1,2013,101.0,5026,5,1,,34,4,1.0,6.0,4.0
5026,14,10,1,11,1,1,7,1,36,1,,,,1,2013,101.0,5027,6,1,,42,4,4.0,4.0,4.0
5027,14,10,1,0,1,1,13,1,25,1,,,,1,2013,101.0,5028,4,1,,20,5,1.0,2.0,5.0
5028,14,10,1,0,1,1,13,2,25,1,,,,1,2013,101.0,5029,4,1,,5,4,1.0,9.0,4.0
5029,14,10,1,17,13,2,99,1,28,1,,,,4,2013,1301.0,5030,4,1,,44,6,3.0,1.0,6.0
5030,14,10,1,19,8,1,4,1,25,1,,,,1,2013,801.0,5031,4,1,,44,3,3.0,1.0,3.0
5031,14,10,1,19,8,1,4,1,999,1,,,,1,2013,801.0,5032,11,1,,44,6,3.0,4.0,6.0
5032,14,10,1,23,18,2,99,1,38,2,,,,1,2013,1804.0,5033,6,1,,44,6,1.0,11.0,6.0
5033,14,10,1,23,18,2,99,1,45,2,,,,1,2013,1804.0,5034,8,1,,99,6,9.0,99.0,6.0
5034,14,10,1,13,17,2,99,1,31,9,,,,3,2013,1703.0,5035,5,1,,99,6,3.0,5.0,6.0
5035,14,10,1,14,22,2,99,1,31,9,,,,1,2013,2201.0,5036,5,1,,99,6,4.0,99.0,6.0
5036,14,10,1,14,22,2,99,9,999,9,,,,1,2013,2201.0,5037,11,1,,99,6,1.0,99.0,6.0
5037,14,10,1,10,17,2,99,1,64,9,,,,2,2013,1709.0,5038,10,1,,44,6,1.0,6.0,6.0
5038,15,10,2,10,1,1,12,1,32,9,,,,1,2013,115.0,5039,5,1,,99,3,2.0,9.0,3.0
5039,15,10,2,10,1,1,12,1,999,9,,,,1,2013,115.0,5040,11,1,,42,6,1.0,2.0,6.0
5040,15,10,2,14,1,1,1,1,26,9,,,,1,2013,101.0,5041,4,1,,23,3,3.0,3.0,3.0
5041,15,10,2,14,1,1,1,1,45,9,,,,1,2013,101.0,5042,8,1,,99,6,4.0,99.0,6.0
5042,15,10,2,5,1,1,2,1,20,9,,,,1,2013,116.0,5043,3,1,,99,6,12.0,2.0,6.0
5043,15,10,2,5,1,1,2,1,38,9,,,,1,2013,116.0,5044,6,1,,44,6,1.0,2.0,6.0
5044,15,10,2,7,1,1,99,1,53,9,,,,1,2013,106.0,5045,9,1,,44,6,1.0,99.0,6.0
5045,15,10,2,7,1,1,99,1,999,9,,,,1,2013,106.0,5046,11,1,,2,6,4.0,99.0,6.0
5046,15,10,2,10,14,2,99,1,53,9,,,,1,2013,1406.0,5047,9,1,,44,4,3.0,2.0,4.0
5047,15,10,2,10,14,2,99,1,58,9,,,,1,2013,1406.0,5048,10,1,,13,3,5.0,1.0,3.0
5048,15,10,2,22,7,2,99,1,41,1,,,,1,2013,705.0,5049,7,1,,29,4,6.0,2.0,4.0
5049,15,10,2,22,7,2,99,1,41,1,,,,1,2013,705.0,5050,7,1,,44,3,1.0,3.0,3.0
5050,15,10,2,23,7,2,99,1,34,1,,,,2,2013,701.0,5051,5,1,,99,6,3.0,99.0,6.0
5051,15,10,2,18,1,1,6,1,51,1,,,,1,2013,101.0,5052,9,1,,13,3,2.0,4.0,3.0
5052,15,10,2,18,1,1,6,1,55,1,,,,1,2013,101.0,5053,10,1,,21,4,4.0,5.0,4.0
5053,15,10,2,7,12,1,99,1,50,2,,,,1,2013,1202.0,5054,9,1,,24,6,4.0,4.0,6.0
5054,15,10,2,7,12,1,99,1,999,1,,,,1,2013,1202.0,5055,11,1,,44,2,3.0,4.0,2.0
5055,15,10,2,23,1,1,5,1,23,9,,,,2,2013,101.0,5056,3,1,,99,6,4.0,5.0,6.0
5056,16,10,3,2,1,1,12,1,29,2,,,,1,2013,101.0,5057,4,1,,4,2,1.0,2.0,2.0
5057,16,10,3,2,1,1,12,1,30,1,,,,1,2013,101.0,5058,5,1,,21,3,1.0,3.0,3.0
5058,16,10,3,23,16,1,5,1,33,2,,,,2,2013,1601.0,5059,5,1,,44,6,2.0,6.0,6.0
5059,17,10,4,5,1,1,1,1,29,1,,,,1,2013,101.0,5060,4,1,,22,6,7.0,6.0,6.0
5060,17,10,4,5,1,1,1,1,999,1,,,,1,2013,101.0,5061,11,1,,99,6,3.0,5.0,6.0
5061,17,10,4,1,1,1,6,1,25,1,,,,2,2013,101.0,5062,4,1,,20,4,2.0,1.0,4.0
5062,17,10,4,20,1,1,7,1,19,2,,,,1,2013,101.0,5063,2,1,,40,5,4.0,3.0,5.0
5063,17,10,4,20,1,1,7,1,21,2,,,,1,2013,101.0,5064,3,1,,44,5,2.0,4.0,5.0
5064,17,10,4,23,1,1,6,1,55,2,,,,2,2013,108.0,5065,10,1,,23,4,2.0,2.0,4.0
5065,17,10,4,19,6,2,99,1,999,9,,,,1,2013,602.0,5066,11,1,,99,6,3.0,99.0,6.0
5066,17,10,4,19,6,2,99,1,24,9,,,,1,2013,602.0,5067,3,1,,99,6,14.0,1.0,6.0
5067,17,10,4,15,10,2,99,1,999,9,,,,1,2013,1001.0,5068,11,1,,99,6,3.0,99.0,6.0
5068,17,10,4,15,10,2,99,1,14,9,,,,1,2013,1001.0,5069,1,2,,99,6,4.0,99.0,6.0
5069,17,10,4,18,8,2,99,1,25,1,,,,3,2013,802.0,5070,4,1,,99,3,2.0,9.0,3.0
5070,17,10,4,16,16,2,99,1,55,1,,,,1,2013,1614.0,5071,10,1,,99,6,5.0,99.0,6.0
5071,17,10,4,16,16,2,99,1,24,1,,,,1,2013,1614.0,5072,3,1,,99,6,4.0,99.0,6.0
5072,18,10,5,21,1,1,1,2,43,2,,,,1,2013,101.0,5073,7,1,,5,3,1.0,4.0,3.0
5073,18,10,5,21,1,1,1,2,61,1,,,,1,2013,101.0,5074,10,1,,23,3,2.0,14.0,3.0
5074,18,10,5,4,1,1,3,1,21,2,,,,1,2013,108.0,5075,3,1,,99,6,1.0,1.0,6.0
5075,18,10,5,4,1,1,3,9,999,9,,,,1,2013,108.0,5076,11,1,,99,6,5.0,99.0,6.0
5076,18,10,5,10,1,1,11,1,28,1,,,,1,2013,101.0,5077,4,1,,44,4,3.0,99.0,4.0
5077,18,10,5,10,1,1,11,1,49,1,,,,1,2013,101.0,5078,8,1,,46,6,1.0,9.0,6.0
5078,18,10,5,8,10,2,99,1,52,1,,,,1,2013,1002.0,5079,9,1,,99,4,4.0,5.0,4.0
5079,18,10,5,8,10,2,99,1,20,1,,,,1,2013,1002.0,5080,3,1,,2,4,4.0,1.0,4.0
5080,18,10,5,18,1,1,18,1,32,9,,,,3,2013,101.0,5081,5,1,,44,6,2.0,4.0,6.0
5081,18,10,5,23,1,2,99,1,17,9,,,,3,2013,110.0,5082,2,2,,99,6,4.0,99.0,6.0
5082,18,10,5,13,5,2,99,1,43,9,,,,2,2013,512.0,5083,7,1,,99,4,4.0,3.0,4.0
5083,18,10,5,0,1,1,12,1,28,1,,,,2,2013,101.0,5084,4,1,,22,4,6.0,2.0,4.0
5084,18,10,5,0,1,1,12,1,50,1,,,,2,2013,101.0,5085,9,1,,44,6,1.0,2.0,6.0
5085,19,10,6,4,1,1,2,1,40,1,,,,1,2013,101.0,5086,7,1,,99,6,5.0,2.0,6.0
5086,19,10,6,4,1,1,2,1,21,1,,,,1,2013,101.0,5087,3,1,,30,6,1.0,4.0,6.0
5087,19,10,6,5,1,1,13,1,35,1,,,,2,2013,101.0,5088,6,1,,40,4,4.0,5.0,4.0
5088,19,10,6,2,19,2,99,1,34,2,,,,1,2013,1906.0,5089,5,1,,34,4,3.0,2.0,4.0
5089,19,10,6,2,19,2,99,1,59,1,,,,1,2013,1906.0,5090,10,1,,15,3,6.0,16.0,3.0
5090,19,10,6,5,5,2,99,1,35,1,,,,2,2013,501.0,5091,6,1,,31,6,4.0,1.0,6.0
5091,19,10,6,21,5,2,99,1,23,2,,,,1,2013,501.0,5092,3,1,,44,4,2.0,11.0,4.0
5092,19,10,6,21,5,2,99,1,32,1,,,,1,2013,501.0,5093,5,1,,44,3,3.0,6.0,3.0
5093,19,10,6,22,10,2,99,1,31,1,,,,3,2013,1013.0,5094,5,1,,24,6,4.0,5.0,6.0
5094,19,10,6,1,12,2,99,1,999,9,,,,2,2013,1201.0,5095,11,1,,99,6,3.0,99.0,6.0
5095,19,10,6,1,18,2,99,1,28,2,,,,1,2013,1801.0,5096,4,1,,2,6,4.0,5.0,6.0
5096,19,10,6,1,18,2,99,1,999,1,,,,1,2013,1801.0,5097,11,1,,99,6,3.0,5.0,6.0
5097,19,10,6,17,18,2,99,1,28,9,,,,3,2013,1801.0,5098,4,1,,99,6,4.0,99.0,6.0
5098,19,10,6,16,7,2,99,1,999,1,,,,3,2013,705.0,5099,11,1,,22,6,7.0,2.0,6.0
5099,19,10,6,19,7,2,99,2,21,1,,,,3,2013,709.0,5100,3,1,,44,6,3.0,2.0,6.0
5100,20,10,7,18,1,1,3,1,58,1,,,,1,2013,101.0,5101,10,1,,44,6,3.0,2.0,6.0
5101,20,10,7,18,1,1,3,1,20,1,,,,1,2013,101.0,5102,3,1,,42,6,4.0,1.0,6.0
5102,20,10,7,3,1,1,16,1,40,1,,,,2,2013,101.0,5103,7,1,,32,6,2.0,3.0,6.0
5103,20,10,7,5,1,1,7,1,999,2,,,,1,2013,101.0,5104,11,1,,44,6,1.0,6.0,6.0
5104,20,10,7,5,1,1,7,1,999,9,,,,1,2013,101.0,5105,11,1,,13,6,3.0,6.0,6.0
5105,20,10,7,18,1,1,10,1,22,2,,,,1,2013,108.0,5106,3,1,,3,2,5.0,1.0,2.0
5106,20,10,7,18,1,1,10,1,25,1,,,,1,2013,108.0,5107,4,1,,99,6,1.0,2.0,6.0
5107,20,10,7,18,1,1,10,1,52,1,,,,1,2013,108.0,5108,9,1,,9,6,1.0,6.0,6.0
5108,20,10,7,18,1,1,10,1,36,1,,,,1,2013,108.0,5109,6,1,,44,6,1.0,6.0,6.0
5109,20,10,7,18,1,1,10,1,32,1,,,,1,2013,108.0,5110,5,1,,22,6,5.0,2.0,6.0
5110,20,10,7,10,5,2,99,1,24,1,,,,1,2013,513.0,5111,3,1,,14,6,4.0,5.0,6.0
5111,20,10,7,10,5,2,99,2,29,1,,,,1,2013,513.0,5112,4,1,,40,6,4.0,1.0,6.0
5112,20,10,7,3,18,2,99,1,999,9,,,,1,2013,1801.0,5113,11,1,,19,6,5.0,99.0,6.0
5113,20,10,7,3,18,2,99,1,14,1,,,,1,2013,1801.0,5114,1,2,,44,6,3.0,3.0,6.0
5114,20,10,7,18,3,2,99,1,63,1,,,,1,2013,305.0,5115,10,1,,23,6,2.0,6.0,6.0
5115,20,10,7,18,3,2,99,1,27,1,,,,1,2013,305.0,5116,4,1,,44,6,3.0,9.0,6.0
5116,21,10,1,14,1,1,3,1,32,1,,,,1,2013,101.0,5117,5,1,,44,6,3.0,5.0,6.0
5117,21,10,1,14,1,1,3,1,53,1,,,,1,2013,101.0,5118,9,1,,99,6,4.0,1.0,6.0
5118,21,10,1,19,1,1,7,1,33,1,,,,1,2013,101.0,5119,5,1,,14,5,4.0,1.0,5.0
5119,21,10,1,19,1,1,7,1,999,1,,,,1,2013,101.0,5120,11,1,,99,6,1.0,99.0,6.0
5120,21,10,1,19,19,1,99,1,42,1,,,,1,2013,1901.0,5121,7,1,,32,3,3.0,6.0,3.0
5121,21,10,1,11,17,2,99,1,34,1,,,,1,2013,1707.0,5122,5,1,,19,4,5.0,2.0,4.0
5122,21,10,1,11,17,2,99,2,35,1,,,,1,2013,1707.0,5123,6,1,,34,4,1.0,4.0,4.0
5123,21,10,1,13,17,2,99,1,23,1,,,,2,2013,1703.0,5124,3,1,,99,6,4.0,99.0,6.0
5124,21,10,1,23,4,2,99,1,18,1,,,,2,2013,401.0,5125,2,1,,24,6,4.0,1.0,6.0
5125,21,10,1,16,1,1,19,9,999,1,,,,1,2013,101.0,5126,11,1,,99,6,1.0,99.0,6.0
5126,21,10,1,16,1,1,19,1,22,1,,,,1,2013,101.0,5127,3,1,,99,6,4.0,99.0,6.0
5127,22,10,2,20,5,2,99,1,39,1,,,,1,2013,501.0,5128,6,1,,99,5,4.0,1.0,5.0
5128,22,10,2,20,5,2,99,1,31,1,,,,1,2013,501.0,5129,5,1,,34,6,9.0,3.0,6.0
5129,22,10,2,20,16,2,99,1,999,1,,,,1,2013,1602.0,5130,11,1,,99,5,14.0,2.0,2014.0
5130,22,10,2,20,16,2,99,1,999,1,,,,1,2013,1602.0,5131,11,1,,2,4,14.0,1.0,4.0
5131,22,10,2,20,16,2,99,1,999,1,,,,1,2013,1602.0,5132,11,1,,32,2,3.0,8.0,2.0
5132,22,10,2,14,14,2,99,1,24,1,,,,4,2013,1420.0,5133,3,1,,44,6,3.0,4.0,6.0
5133,22,10,2,18,2,2,99,1,21,1,,,,2,2013,203.0,5134,3,1,,21,5,4.0,4.0,5.0
5134,23,10,3,21,1,1,6,1,49,2,,,,2,2013,101.0,5135,8,1,,99,3,8.0,4.0,3.0
5135,23,10,3,12,10,2,99,1,35,1,,,,1,2013,1010.0,5136,6,1,,15,3,6.0,1.0,3.0
5136,23,10,3,12,10,2,99,1,35,1,,,,1,2013,1010.0,5137,6,1,,13,3,5.0,11.0,3.0
5137,23,10,3,16,10,2,99,2,43,1,,,,1,2013,1001.0,5138,7,1,,44,4,2.0,4.0,4.0
5138,23,10,3,16,10,2,99,1,34,1,,,,1,2013,1001.0,5139,5,1,,34,4,1.0,2.0,4.0
5139,23,10,3,8,16,2,99,2,20,1,,,,1,2013,1609.0,5140,3,1,,32,5,1.0,2.0,5.0
5140,23,10,3,8,16,2,99,1,40,1,,,,1,2013,1609.0,5141,7,1,,21,6,4.0,9.0,6.0
5141,23,10,3,15,3,2,99,1,32,1,,,,2,2013,314.0,5142,5,1,,14,6,1.0,1.0,6.0
5142,23,10,3,9,2,2,99,1,52,1,,,,2,2013,201.0,5143,9,1,,99,6,4.0,1.0,6.0
5143,23,10,3,18,9,2,99,1,999,1,,,,2,2013,919.0,5144,11,1,,99,6,3.0,1.0,6.0
5144,24,10,4,23,1,1,18,1,35,2,,,,1,2013,101.0,5145,6,1,,37,2,1.0,4.0,2.0
5145,24,10,4,23,1,1,18,1,28,1,,,,1,2013,101.0,5146,4,1,,24,5,4.0,5.0,5.0
5146,24,10,4,17,1,1,5,1,999,1,,,,1,2013,101.0,5147,11,1,,20,5,1.0,2.0,5.0
5147,24,10,4,17,1,1,5,1,31,1,,,,1,2013,101.0,5148,5,1,,42,6,4.0,4.0,6.0
5148,24,10,4,19,1,1,12,1,30,2,,,,2,2013,101.0,5149,5,1,,44,6,1.0,1.0,6.0
5149,24,10,4,7,1,1,2,1,53,1,,,,2,2013,101.0,5150,9,1,,3,6,12.0,1.0,6.0
5150,24,10,4,7,1,1,2,1,23,1,,,,2,2013,101.0,5151,3,1,,34,4,1.0,3.0,4.0
5151,24,10,4,13,22,2,99,1,44,1,,,,1,2013,2205.0,5152,7,1,,21,6,1.0,5.0,6.0
5152,24,10,4,13,22,2,99,1,26,1,,,,1,2013,2205.0,5153,4,1,,2,6,4.0,1.0,6.0
5153,24,10,4,7,5,1,1,1,26,9,,,,2,2013,501.0,5154,4,1,,2,6,4.0,99.0,6.0
5154,24,10,4,23,17,2,99,1,24,9,,,,2,2013,1711.0,5155,3,1,,21,6,4.0,4.0,6.0
5155,24,10,4,12,14,2,99,1,15,9,,,,2,2013,1412.0,5156,2,2,,44,3,3.0,4.0,3.0
5156,24,10,4,18,14,2,99,1,999,9,,,,2,2013,1409.0,5157,11,1,,99,6,3.0,99.0,6.0
5157,24,10,4,16,17,2,99,1,27,9,,,,2,2013,1706.0,5158,4,1,,24,5,4.0,1.0,5.0
5158,25,10,5,15,1,1,8,1,36,9,,,,2,2013,101.0,5159,6,1,,44,4,1.0,4.0,4.0
5159,25,10,5,21,1,1,1,1,27,2,,,,1,2013,101.0,5160,4,1,,99,4,4.0,5.0,4.0
5160,25,10,5,21,1,1,1,2,32,9,,,,1,2013,101.0,5161,5,1,,20,4,2.0,2.0,4.0
5161,25,10,5,21,1,1,1,1,33,2,,,,1,2013,101.0,5162,5,1,,30,4,2.0,5.0,4.0
5162,25,10,5,21,1,1,1,1,22,9,,,,1,2013,101.0,5163,3,1,,21,4,1.0,1.0,4.0
5163,25,10,5,1,1,1,11,1,36,2,,,,1,2013,101.0,5164,6,1,,5,4,1.0,2.0,4.0
5164,25,10,5,1,1,1,11,1,999,9,,,,1,2013,101.0,5165,11,1,,34,3,1.0,2.0,3.0
5165,25,10,5,20,1,1,11,1,999,9,,,,1,2013,101.0,5166,11,1,,12,6,1.0,4.0,6.0
5166,25,10,5,20,1,1,11,1,35,9,,,,1,2013,101.0,5167,6,1,,13,4,1.0,3.0,4.0
5167,25,10,5,22,1,1,11,1,22,2,,,,1,2013,101.0,5168,3,1,,99,4,1.0,11.0,4.0
5168,25,10,5,22,1,1,11,1,26,9,,,,1,2013,101.0,5169,4,1,,5,6,1.0,99.0,6.0
5169,25,10,5,22,1,2,99,1,41,9,,,,1,2013,115.0,5170,7,1,,5,6,2.0,4.0,6.0
5170,25,10,5,22,1,2,99,1,28,9,,,,1,2013,115.0,5171,4,1,,2,6,4.0,14.0,6.0
5171,25,10,5,21,22,2,99,1,999,9,,,,1,2013,2201.0,5172,11,1,,13,6,3.0,1.0,6.0
5172,25,10,5,21,22,2,99,1,30,9,,,,1,2013,2201.0,5173,5,1,,32,6,1.0,4.0,6.0
5173,25,10,5,12,5,2,99,1,46,9,,,,1,2013,502.0,5174,8,1,,99,6,4.0,3.0,6.0
5174,25,10,5,12,5,2,99,1,21,9,,,,1,2013,502.0,5175,3,1,,42,6,2.0,4.0,6.0
5175,25,10,5,23,6,2,99,1,25,9,,,,1,2013,605.0,5176,4,1,,44,2,3.0,4.0,2.0
5176,25,10,5,23,6,2,99,2,23,9,,,,1,2013,605.0,5177,3,1,,30,4,2.0,6.0,4.0
5177,25,10,5,20,10,2,99,1,26,2,,,,1,2013,1014.0,5178,4,1,,2,5,4.0,1.0,5.0
5178,25,10,5,20,10,2,99,1,24,2,,,,1,2013,1014.0,5179,3,1,,2,5,4.0,5.0,5.0
5179,25,10,5,18,12,2,99,1,23,2,,,,1,2013,1215.0,5180,3,1,,44,3,1.0,11.0,3.0
5180,25,10,5,20,12,2,99,1,39,2,,,,2,2013,1201.0,5181,6,1,,44,6,3.0,4.0,6.0
5181,25,10,5,15,13,2,99,1,999,9,,,,3,2013,1301.0,5182,11,1,,99,6,3.0,99.0,6.0
5182,25,10,5,17,2,2,99,1,36,9,,,,1,2013,203.0,5183,6,1,,20,5,3.0,4.0,5.0
5183,25,10,5,17,2,2,99,1,28,2,,,,1,2013,203.0,5184,4,1,,44,3,3.0,1.0,3.0
5184,25,10,5,20,2,2,99,1,36,9,,,,1,2013,207.0,5185,6,1,,37,6,3.0,2.0,6.0
5185,25,10,5,20,2,2,99,1,22,9,,,,1,2013,207.0,5186,3,1,,2,6,4.0,5.0,6.0
5186,26,10,6,0,1,1,2,1,36,2,,,,2,2013,101.0,5187,6,1,,99,2,1.0,4.0,2.0
5187,26,10,6,1,1,1,1,1,999,9,,,,1,2013,101.0,5188,11,1,,34,6,1.0,4.0,6.0
5188,26,10,6,1,1,1,1,1,30,9,,,,1,2013,101.0,5189,5,1,,99,6,1.0,5.0,6.0
5189,26,10,6,17,1,1,7,1,43,9,,,,2,2013,101.0,5190,7,1,,5,4,1.0,2.0,4.0
5190,26,10,6,22,5,2,99,1,20,9,,,,1,2013,509.0,5191,3,1,,45,5,4.0,1.0,5.0
5191,26,10,6,22,5,2,99,1,23,9,,,,1,2013,509.0,5192,3,1,,99,5,4.0,5.0,5.0
5192,26,10,6,16,6,2,99,1,33,9,,,,1,2013,601.0,5193,5,1,,37,3,3.0,6.0,3.0
5193,26,10,6,16,6,2,99,1,58,9,,,,1,2013,601.0,5194,10,1,,37,4,5.0,2.0,4.0
5194,26,10,6,16,6,2,99,1,55,9,,,,1,2013,601.0,5195,10,1,,44,3,2.0,1.0,3.0
5195,26,10,6,16,6,2,99,1,33,9,,,,1,2013,601.0,5196,5,1,,42,3,2.0,6.0,3.0
5196,26,10,6,21,10,2,99,1,27,9,,,,1,2013,1001.0,5197,4,1,,34,4,1.0,4.0,4.0
5197,26,10,6,21,10,2,99,1,999,9,,,,1,2013,1001.0,5198,11,1,,99,6,1.0,99.0,6.0
5198,26,10,6,18,9,2,99,1,45,9,,,,1,2013,901.0,5199,8,1,,99,6,3.0,4.0,6.0
5199,26,10,6,18,9,2,99,1,999,9,,,,1,2013,901.0,5200,11,1,,44,3,2.0,5.0,3.0
5200,26,10,6,19,16,2,99,1,33,9,,,,2,2013,1605.0,5201,5,1,,99,6,3.0,3.0,6.0
5201,26,10,6,10,17,2,99,1,999,9,,,,1,2013,1707.0,5202,11,1,,32,3,1.0,9.0,3.0
5202,26,10,6,10,17,2,99,1,999,9,,,,1,2013,1707.0,5203,11,1,,37,4,3.0,2.0,4.0
5203,26,10,6,1,7,2,99,1,34,9,,,,2,2013,710.0,5204,5,1,,21,6,1.0,6.0,6.0
5204,27,10,7,1,1,1,6,1,37,9,,,,2,2013,101.0,5205,6,1,,37,4,1.0,99.0,4.0
5205,27,10,7,14,1,2,99,1,999,9,,,,2,2013,105.0,5206,11,1,,44,2,3.0,11.0,2.0
5206,27,10,7,13,1,2,99,1,40,9,,,,2,2013,106.0,5207,7,1,,37,2,3.0,3.0,2.0
5207,27,10,7,8,1,1,12,1,39,9,,,,1,2013,101.0,5208,6,1,,99,6,12.0,1.0,6.0
5208,27,10,7,8,1,1,12,1,33,9,,,,1,2013,101.0,5209,5,1,,99,6,4.0,5.0,6.0
5209,27,10,7,20,1,1,12,1,30,2,,,,1,2013,101.0,5210,5,1,,32,4,1.0,5.0,4.0
5210,27,10,7,20,1,1,12,1,22,9,,,,1,2013,101.0,5211,3,1,,99,6,1.0,99.0,6.0
5211,27,10,7,1,1,1,5,1,23,2,,,,1,2013,115.0,5212,3,1,,37,3,1.0,2.0,3.0
5212,27,10,7,1,1,1,5,1,29,9,,,,1,2013,115.0,5213,4,1,,99,6,4.0,5.0,6.0
5213,27,10,7,13,19,2,99,1,57,9,,,,1,2013,1904.0,5214,10,1,,40,5,4.0,5.0,5.0
5214,27,10,7,13,19,2,99,1,26,9,,,,1,2013,1904.0,5215,4,1,,40,5,4.0,1.0,5.0
5215,27,10,7,14,19,2,99,1,31,9,,,,1,2013,1901.0,5216,5,1,,34,4,3.0,16.0,4.0
5216,27,10,7,14,19,2,99,1,24,9,,,,1,2013,1901.0,5217,3,1,,21,4,4.0,5.0,4.0
5217,27,10,7,7,9,2,99,1,27,9,,,,1,2013,901.0,5218,4,1,,21,3,1.0,3.0,3.0
5218,27,10,7,7,9,2,99,1,999,9,,,,1,2013,901.0,5219,11,1,,20,6,1.0,2.0,6.0
5219,27,10,7,19,13,2,99,1,42,2,,,,1,2013,1301.0,5220,7,1,,99,6,4.0,5.0,6.0
5220,27,10,7,23,7,2,99,1,999,2,,,,1,2013,705.0,5221,11,1,,44,6,3.0,7.0,6.0
5221,27,10,7,23,7,2,99,1,36,9,,,,1,2013,705.0,5222,6,1,,44,3,3.0,9.0,3.0
5222,27,10,7,17,4,2,99,1,36,9,,,,1,2013,401.0,5223,6,1,,99,2,3.0,8.0,2.0
5223,27,10,7,17,4,2,99,1,45,9,,,,1,2013,401.0,5224,8,1,,2,4,4.0,1.0,4.0
5224,27,10,7,7,3,2,99,1,28,2,,,,1,2013,306.0,5225,4,1,,99,5,4.0,1.0,5.0
5225,27,10,7,7,3,2,99,1,30,9,,,,1,2013,306.0,5226,5,1,,44,2,3.0,9.0,2.0
5226,28,10,1,17,1,2,99,1,27,9,,,,1,2013,103.0,5227,4,1,,2,4,4.0,1.0,4.0
5227,28,10,1,17,1,2,99,1,47,9,,,,1,2013,103.0,5228,8,1,,42,6,4.0,5.0,6.0
5228,28,10,1,13,1,1,12,1,69,9,,,,1,2013,101.0,5229,10,1,,5,4,11.0,3.0,4.0
5229,28,10,1,13,1,1,12,1,40,9,,,,1,2013,101.0,5230,7,1,,99,6,4.0,1.0,6.0
5230,28,10,1,20,19,2,99,1,36,9,,,,2,2013,1908.0,5231,6,1,,99,3,3.0,3.0,3.0
5231,28,10,1,10,5,2,99,1,26,2,,,,2,2013,501.0,5232,4,1,,44,4,1.0,2.0,4.0
5232,28,10,1,14,11,2,99,1,40,9,,,,2,2013,1101.0,5233,7,1,,33,6,5.0,6.0,6.0
5233,28,10,1,8,3,2,99,1,21,9,,,,2,2013,312.0,5234,3,1,,32,6,1.0,4.0,6.0
5234,29,10,2,1,1,1,10,1,45,9,,,,1,2013,101.0,5235,8,1,,21,5,2.0,2.0,5.0
5235,29,10,2,1,1,1,10,1,42,9,,,,1,2013,101.0,5236,7,1,,37,3,1.0,3.0,3.0
5236,29,10,2,3,22,2,99,1,26,9,,,,2,2013,2205.0,5237,4,1,,44,5,9.0,3.0,5.0
5237,29,10,2,19,6,2,99,1,28,9,,,,1,2013,603.0,5238,4,1,,44,4,1.0,99.0,4.0
5238,29,10,2,19,6,2,99,1,40,9,,,,1,2013,603.0,5239,7,1,,42,6,2.0,2.0,6.0
5239,29,10,2,18,16,2,99,1,999,9,,,,3,2013,1617.0,5240,11,1,,99,6,1.0,99.0,6.0
5240,29,10,2,14,14,2,99,1,32,9,,,,1,2013,1421.0,5241,5,1,,30,4,9.0,4.0,4.0
5241,29,10,2,14,14,2,99,1,19,9,,,,1,2013,1421.0,5242,2,1,,21,6,4.0,2.0,6.0
5242,29,10,2,13,7,2,99,1,46,9,,,,1,2013,706.0,5243,8,1,,21,6,4.0,1.0,6.0
5243,29,10,2,13,7,2,99,1,33,9,,,,1,2013,706.0,5244,5,1,,44,6,3.0,8.0,6.0
5244,30,10,3,0,1,1,1,1,47,2,,,,1,2013,101.0,5245,8,1,,11,6,2.0,5.0,6.0
5245,30,10,3,0,1,1,1,1,25,1,,,,1,2013,101.0,5246,4,1,,37,6,1.0,4.0,6.0
5246,30,10,3,6,1,2,99,1,37,9,,,,3,2013,115.0,5247,6,1,,99,6,6.0,6.0,6.0
5247,30,10,3,14,1,1,1,1,34,9,,,,1,2013,101.0,5248,5,1,,32,4,1.0,6.0,4.0
5248,30,10,3,14,1,1,1,1,61,9,,,,1,2013,101.0,5249,10,1,,46,4,1.0,4.0,4.0
5249,30,10,3,11,1,1,7,1,56,9,,,,1,2013,101.0,5250,10,1,,99,3,5.0,6.0,3.0
5250,30,10,3,11,1,1,7,1,22,9,,,,1,2013,101.0,5251,3,1,,42,4,4.0,4.0,4.0
5251,30,10,3,22,1,2,99,1,22,9,,,,1,2013,102.0,5252,3,1,,46,4,1.0,4.0,4.0
5252,30,10,3,22,1,2,99,1,999,9,,,,1,2013,102.0,5253,11,1,,46,4,1.0,99.0,4.0
5253,30,10,3,21,20,2,99,1,28,9,,,,4,2013,2005.0,5254,4,1,,99,6,4.0,99.0,6.0
5254,30,10,3,15,12,2,99,1,28,9,,,,2,2013,1204.0,5255,4,1,,42,6,4.0,1.0,6.0
5255,30,10,3,17,13,2,99,1,21,9,,,,1,2013,1301.0,5256,3,1,,99,6,3.0,5.0,6.0
5256,30,10,3,17,13,2,99,1,21,9,,,,1,2013,1301.0,5257,3,1,,99,4,4.0,1.0,4.0
5257,30,10,3,11,7,2,99,1,33,9,,,,2,2013,710.0,5258,5,1,,44,6,1.0,4.0,6.0
5258,31,10,4,11,1,1,9,2,38,1,,,,1,2013,101.0,5259,6,1,,32,6,1.0,4.0,6.0
5259,31,10,4,11,1,1,9,1,51,1,,,,1,2013,101.0,5260,9,1,,99,4,4.0,4.0,4.0
5260,31,10,4,20,1,1,4,1,48,9,,,,1,2013,101.0,5261,8,1,,2,4,4.0,2.0,4.0
5261,31,10,4,20,1,1,4,1,56,9,,,,1,2013,101.0,5262,10,1,,24,5,4.0,5.0,5.0
5262,31,10,4,23,1,1,5,1,52,9,,,,1,2013,101.0,5263,9,1,,19,5,5.0,2.0,2014.0
5263,31,10,4,23,1,1,5,1,32,9,,,,1,2013,101.0,5264,5,1,,20,5,1.0,2.0,2014.0
5264,31,10,4,18,10,2,99,1,23,9,,,,1,2013,1002.0,5265,3,1,,99,6,4.0,99.0,6.0
5265,31,10,4,18,10,2,99,1,17,9,,,,1,2013,1002.0,5266,2,2,,99,6,4.0,99.0,6.0
5266,31,10,4,17,17,2,99,1,20,9,,,,2,2013,1703.0,5267,3,1,,99,6,4.0,99.0,6.0
5267,31,10,4,18,12,2,99,1,35,9,,,,3,2013,1223.0,5268,6,1,,99,6,3.0,99.0,6.0
5268,31,10,4,14,3,2,99,1,58,9,,,,1,2013,308.0,5269,10,1,,32,3,3.0,2.0,3.0
5269,31,10,4,14,3,2,99,1,38,9,,,,1,2013,308.0,5270,6,1,,21,5,4.0,1.0,5.0
5270,1,11,5,1,1,1,3,1,30,9,,,,1,2013,101.0,5271,5,1,,23,2,8.0,1.0,2.0
5271,1,11,5,1,1,1,3,2,23,9,,,,1,2013,101.0,5272,3,1,,44,2,1.0,4.0,2.0
5272,1,11,5,5,1,1,2,1,40,9,,,,1,2013,101.0,5273,7,1,,19,5,5.0,2.0,5.0
5273,1,11,5,5,1,1,2,1,32,9,,,,1,2013,101.0,5274,5,1,,99,6,4.0,5.0,6.0
5274,1,11,5,5,1,1,5,1,45,9,,,,1,2013,101.0,5275,8,1,,24,6,4.0,1.0,6.0
5275,1,11,5,5,1,1,5,2,39,9,,,,1,2013,101.0,5276,6,1,,44,4,1.0,4.0,4.0
5276,1,11,5,3,1,2,99,1,26,9,,,,2,2013,117.0,5277,4,1,,99,6,1.0,5.0,6.0
5277,1,11,5,19,1,1,7,1,42,9,,,,1,2013,101.0,5278,7,1,,44,3,1.0,8.0,3.0
5278,1,11,5,19,1,1,7,1,42,9,,,,1,2013,101.0,5279,7,1,,2,5,4.0,5.0,5.0
5279,1,11,5,0,7,1,99,1,34,9,,,,2,2013,710.0,5280,5,1,,13,3,2.0,6.0,3.0
5280,1,11,5,11,20,2,99,1,999,9,,,,2,2013,2002.0,5281,11,1,,21,6,4.0,4.0,6.0
5281,1,11,5,11,21,2,99,1,32,9,,,,1,2013,2106.0,5282,5,1,,44,3,1.0,6.0,3.0
5282,1,11,5,11,21,2,99,1,24,9,,,,1,2013,2106.0,5283,3,1,,24,5,4.0,5.0,5.0
5283,1,11,5,16,12,2,99,1,19,2,,,,1,2013,1215.0,5284,2,1,,44,2,3.0,1.0,2.0
5284,1,11,5,16,12,2,99,1,21,1,,,,1,2013,1215.0,5285,3,1,,2,5,14.0,1.0,5.0
5285,1,11,5,22,16,2,99,1,22,9,,,,2,2013,1601.0,5286,3,1,,99,6,1.0,99.0,6.0
5286,1,11,5,18,1,2,99,1,28,2,,,,1,2013,115.0,5287,4,1,,24,6,4.0,1.0,6.0
5287,1,11,5,18,1,2,99,9,999,9,,,,1,2013,115.0,5288,11,1,,99,6,1.0,99.0,6.0
5288,1,11,5,0,18,2,99,1,21,9,,,,4,2013,1803.0,5289,3,1,,99,6,4.0,99.0,6.0
5289,1,11,5,0,22,1,1,1,19,2,,,,2,2013,2201.0,5290,2,1,,21,6,4.0,1.0,6.0
5290,1,11,5,14,22,2,99,1,20,1,,,,1,2013,2212.0,5291,3,1,,99,6,4.0,3.0,6.0
5291,1,11,5,14,22,2,99,1,50,1,,,,1,2013,2212.0,5292,9,1,,46,4,1.0,3.0,4.0
5292,1,11,5,17,22,2,99,1,46,2,,,,1,2013,2201.0,5293,8,1,,44,3,1.0,99.0,3.0
5293,1,11,5,17,22,2,99,2,22,1,,,,1,2013,2201.0,5294,3,1,,40,4,3.0,7.0,4.0
5294,1,11,5,23,10,1,1,1,38,1,,,,1,2013,1001.0,5295,6,1,,14,5,4.0,5.0,5.0
5295,1,11,5,23,10,1,1,1,42,2,,,,1,2013,1001.0,5296,7,1,,45,5,14.0,1.0,5.0
5296,1,11,5,0,10,2,99,1,999,9,,,,1,2013,1007.0,5297,11,1,,22,3,12.0,7.0,3.0
5297,1,11,5,0,10,2,99,1,26,9,,,,1,2013,1007.0,5298,4,1,,21,6,4.0,5.0,6.0
5298,1,11,5,19,10,2,99,1,42,9,,,,1,2013,1016.0,5299,7,1,,30,6,2.0,5.0,6.0
5299,1,11,5,19,10,2,99,1,999,9,,,,1,2013,1016.0,5300,11,1,,22,3,7.0,1.0,3.0
5300,1,11,5,20,3,2,99,1,49,9,,,,1,2013,309.0,5301,8,1,,34,4,1.0,1.0,4.0
5301,1,11,5,20,3,2,99,1,29,9,,,,1,2013,309.0,5302,4,1,,21,5,4.0,9.0,5.0
5302,1,11,5,19,1,1,4,1,999,9,,,,1,2013,108.0,5303,11,1,,99,6,7.0,99.0,6.0
5303,1,11,5,19,1,1,4,1,21,9,,,,1,2013,108.0,5304,3,1,,99,6,4.0,1.0,6.0
5304,1,11,5,16,1,1,8,1,19,9,,,,1,2013,108.0,5305,2,1,,42,6,4.0,1.0,6.0
5305,1,11,5,16,1,1,8,1,999,9,,,,1,2013,108.0,5306,11,1,,99,6,1.0,6.0,6.0
5306,2,11,6,2,1,1,6,1,40,2,,,,1,2013,101.0,5307,7,1,,34,5,2.0,5.0,5.0
5307,2,11,6,2,1,1,6,1,33,9,,,,1,2013,101.0,5308,5,1,,24,6,4.0,1.0,6.0
5308,2,11,6,15,1,1,11,1,53,2,,,,1,2013,101.0,5309,9,1,,37,3,1.0,2.0,3.0
5309,2,11,6,15,1,1,11,1,999,1,,,,1,2013,101.0,5310,11,1,,44,3,1.0,5.0,3.0
5310,2,11,6,23,1,1,99,1,25,2,,,,1,2013,102.0,5311,4,1,,44,3,3.0,1.0,3.0
5311,2,11,6,23,1,1,99,1,33,9,,,,1,2013,102.0,5312,5,1,,3,3,12.0,1.0,3.0
5312,2,11,6,23,21,2,99,1,20,1,,,,2,2013,2104.0,5313,3,1,,24,6,4.0,5.0,6.0
5313,2,11,6,0,5,2,99,1,42,1,,,,1,2013,501.0,5314,7,1,,15,3,6.0,2.0,3.0
5314,2,11,6,0,5,2,99,1,35,1,,,,1,2013,501.0,5315,6,1,,15,6,6.0,2.0,6.0
5315,2,11,6,7,5,2,99,1,49,9,,,,3,2013,511.0,5316,8,1,,44,6,1.0,1.0,6.0
5316,2,11,6,19,10,2,99,1,25,9,,,,1,2013,1016.0,5317,4,1,,32,6,1.0,11.0,6.0
5317,2,11,6,19,10,2,99,1,26,9,,,,1,2013,1016.0,5318,4,1,,44,6,11.0,2.0,6.0
5318,2,11,6,8,16,2,99,1,28,2,,,,1,2013,1609.0,5319,4,1,,32,6,1.0,4.0,6.0
5319,2,11,6,8,16,2,99,2,43,1,,,,1,2013,1609.0,5320,7,1,,32,6,1.0,14.0,6.0
5320,2,11,6,23,1,1,11,1,52,9,,,,2,2013,101.0,5321,9,1,,44,6,1.0,1.0,6.0
5321,2,11,6,20,20,2,99,1,20,9,,,,2,2013,2001.0,5322,3,1,,42,6,4.0,5.0,6.0
5322,2,11,6,19,7,2,99,1,39,2,,,,1,2013,710.0,5323,6,1,,37,3,1.0,3.0,3.0
5323,2,11,6,19,7,2,99,1,24,9,,,,1,2013,710.0,5324,3,1,,44,4,1.0,4.0,4.0
5324,2,11,6,14,4,2,99,1,27,9,,,,1,2013,416.0,5325,4,1,,99,6,4.0,99.0,6.0
5325,2,11,6,14,4,2,99,1,999,9,,,,1,2013,416.0,5326,11,1,,99,6,1.0,99.0,6.0
5326,3,11,7,0,1,1,13,1,45,1,,,,1,2013,101.0,5327,8,1,,30,4,1.0,5.0,4.0
5327,3,11,7,0,1,1,13,1,41,1,,,,1,2013,101.0,5328,7,1,,11,3,1.0,9.0,3.0
5328,3,11,7,0,1,1,13,9,999,9,,,,1,2013,101.0,5329,11,1,,5,6,2.0,9.0,6.0
5329,3,11,7,5,1,1,11,9,26,2,,,,1,2013,108.0,5330,4,1,,44,4,1.0,9.0,4.0
5330,3,11,7,5,1,1,11,9,999,1,,,,1,2013,108.0,5331,11,1,,13,6,7.0,1.0,6.0
5331,3,11,7,9,1,1,1,2,34,1,,,,1,2013,101.0,5332,5,1,,99,4,1.0,4.0,4.0
5332,3,11,7,9,1,1,1,1,33,1,,,,1,2013,101.0,5333,5,1,,14,6,4.0,5.0,6.0
5333,3,11,7,11,1,1,11,1,25,1,,,,2,2013,101.0,5334,4,1,,44,6,1.0,1.0,6.0
5334,3,11,7,9,1,1,4,1,20,2,,,,2,2013,108.0,5335,3,1,,99,6,4.0,99.0,6.0
5335,3,11,7,19,1,2,99,1,47,9,,,,1,2013,109.0,5336,8,1,,22,6,12.0,10.0,6.0
5336,3,11,7,19,1,2,99,1,19,9,,,,1,2013,109.0,5337,2,1,,22,6,4.0,3.0,6.0
5337,3,11,7,14,22,2,99,1,23,1,,,,1,2013,2203.0,5338,3,1,,21,4,1.0,2.0,4.0
5338,3,11,7,14,22,2,99,2,20,9,,,,1,2013,2203.0,5339,3,1,,23,6,2.0,5.0,6.0
5339,3,11,7,2,19,2,99,1,30,9,,,,1,2013,1901.0,5340,5,1,,99,6,6.0,99.0,6.0
5340,3,11,7,2,19,2,99,1,24,9,,,,1,2013,1901.0,5341,3,1,,42,6,4.0,99.0,6.0
5341,3,11,7,6,5,2,99,1,24,9,,,,2,2013,511.0,5342,3,1,,46,4,1.0,99.0,4.0
5342,3,11,7,12,5,2,99,1,40,9,,,,1,2013,501.0,5343,7,1,,3,6,7.0,1.0,6.0
5343,3,11,7,12,5,2,99,1,40,9,,,,1,2013,501.0,5344,7,1,,20,6,99.0,11.0,6.0
5344,3,11,7,14,5,2,99,1,44,9,,,,1,2013,502.0,5345,7,1,,99,3,7.0,1.0,3.0
5345,3,11,7,14,5,2,99,1,19,9,,,,1,2013,502.0,5346,2,1,,99,6,4.0,99.0,6.0
5346,3,11,7,15,10,2,99,1,999,9,,,,3,2013,1013.0,5347,11,1,,99,6,7.0,1.0,6.0
5347,3,11,7,16,11,2,99,1,24,9,,,,3,2013,1109.0,5348,3,1,,44,4,9.0,4.0,4.0
5348,3,11,7,7,9,2,99,1,38,9,,,,1,2013,920.0,5349,6,1,,2,6,4.0,5.0,6.0
5349,3,11,7,7,9,2,99,2,36,9,,,,1,2013,920.0,5350,6,1,,44,6,1.0,6.0,6.0
5350,3,11,7,0,15,2,99,1,38,9,,,,1,2013,1501.0,5351,6,1,,44,3,3.0,6.0,3.0
5351,3,11,7,0,15,2,99,1,34,9,,,,1,2013,1501.0,5352,5,1,,21,4,4.0,4.0,4.0
5352,3,11,7,23,18,2,99,1,45,1,,,,1,2013,1804.0,5353,8,1,,99,6,5.0,1.0,6.0
5353,3,11,7,23,18,2,99,1,65,1,,,,1,2013,1804.0,5354,10,1,,19,2,5.0,2.0,2.0
5354,3,11,7,2,17,2,99,1,20,1,,,,2,2013,1705.0,5355,3,1,,99,6,4.0,99.0,6.0
5355,3,11,7,0,17,2,99,2,22,1,,,,2,2013,1712.0,5356,3,1,,99,6,4.0,99.0,6.0
5356,3,11,7,22,7,2,99,1,29,2,,,,1,2013,710.0,5357,4,1,,42,6,4.0,5.0,6.0
5357,3,11,7,22,7,2,99,1,999,1,,,,1,2013,710.0,5358,11,1,,2,6,14.0,7.0,6.0
5358,3,11,7,21,1,1,1,1,23,1,,,,1,2013,101.0,5359,3,1,,42,6,4.0,1.0,6.0
5359,3,11,7,21,1,1,1,9,999,9,,,,1,2013,101.0,5360,11,9,,99,6,1.0,99.0,6.0
5360,3,11,7,15,2,2,99,1,23,9,,,,2,2013,201.0,5361,3,1,,32,6,1.0,4.0,6.0
5361,3,11,7,18,5,2,99,1,28,9,,,,2,2013,501.0,5362,4,1,,44,6,3.0,4.0,6.0
5362,4,11,1,21,1,1,6,1,23,9,,,,1,2013,101.0,5363,3,1,,44,6,1.0,2.0,6.0
5363,4,11,1,21,1,1,6,1,49,9,,,,1,2013,101.0,5364,8,1,,41,6,4.0,9.0,6.0
5364,4,11,1,9,6,2,99,1,60,9,,,,1,2013,611.0,5365,10,1,,99,6,4.0,1.0,6.0
5365,4,11,1,9,6,2,99,1,30,9,,,,1,2013,611.0,5366,5,1,,40,5,4.0,1.0,5.0
5366,4,11,1,15,15,1,99,1,37,2,,,,1,2013,1501.0,5367,6,1,,44,2,3.0,10.0,2.0
5367,4,11,1,15,15,1,99,1,37,1,,,,1,2013,1501.0,5368,6,1,,44,2,3.0,10.0,2.0
5368,4,11,1,15,15,1,99,1,25,1,,,,1,2013,1501.0,5369,4,1,,44,5,9.0,2.0,2014.0
5369,4,11,1,20,2,2,99,1,33,1,,,,1,2013,201.0,5370,5,1,,47,4,12.0,99.0,4.0
5370,4,11,1,20,2,2,99,1,33,1,,,,1,2013,201.0,5371,5,1,,99,6,1.0,99.0,6.0
5371,4,11,1,9,3,2,99,1,999,9,,,,1,2013,304.0,5372,11,1,,44,6,3.0,14.0,6.0
5372,4,11,1,9,3,2,99,1,22,9,,,,1,2013,304.0,5373,3,1,,32,5,3.0,2.0,5.0
5373,5,11,2,20,1,1,13,1,35,9,,,,1,2013,101.0,5374,6,1,,19,4,5.0,2.0,4.0
5374,5,11,2,19,1,1,13,1,40,9,,,,1,2013,101.0,5375,7,1,,32,6,1.0,1.0,6.0
5375,5,11,2,10,10,2,99,1,54,9,,,,1,2013,1001.0,5376,9,1,,99,4,3.0,6.0,4.0
5376,5,11,2,10,10,2,99,1,20,9,,,,1,2013,1001.0,5377,3,1,,2,4,4.0,1.0,4.0
5377,5,11,2,18,10,2,99,1,34,9,,,,1,2013,1001.0,5378,5,1,,21,6,1.0,5.0,6.0
5378,5,11,2,18,10,2,99,1,27,9,,,,1,2013,1001.0,5379,4,1,,42,5,4.0,1.0,5.0
5379,5,11,2,16,9,1,1,1,31,2,,,,1,2013,901.0,5380,5,1,,20,6,1.0,4.0,6.0
5380,5,11,2,16,9,1,1,1,41,9,,,,1,2013,901.0,5381,7,1,,21,6,4.0,1.0,6.0
5381,5,11,2,19,12,2,99,1,50,2,,,,1,2013,1201.0,5382,9,1,,44,3,1.0,3.0,3.0
5382,5,11,2,19,12,2,99,1,999,9,,,,1,2013,1201.0,5383,11,9,,44,4,3.0,4.0,4.0
5383,5,11,2,6,15,2,99,1,28,9,,,,1,2013,1508.0,5384,4,1,,19,6,5.0,2.0,6.0
5384,5,11,2,6,15,2,99,1,54,9,,,,1,2013,1508.0,5385,9,1,,33,6,5.0,4.0,6.0
5385,6,11,3,11,1,1,3,1,50,9,,,,1,2013,101.0,5386,9,1,,44,4,1.0,4.0,4.0
5386,6,11,3,11,1,1,3,1,999,9,,,,1,2013,101.0,5387,11,9,,99,6,4.0,99.0,6.0
5387,6,11,3,10,22,2,99,1,25,9,,,,1,2013,2206.0,5388,4,1,,2,5,4.0,1.0,5.0
5388,6,11,3,10,22,2,99,1,22,9,,,,1,2013,2206.0,5389,3,1,,44,6,1.0,9.0,6.0
5389,6,11,3,21,21,2,99,1,32,9,,,,2,2013,2104.0,5390,5,1,,26,3,2.0,9.0,3.0
5390,6,11,3,13,19,2,99,1,52,9,,,,1,2013,1901.0,5391,9,1,,37,3,9.0,9.0,3.0
5391,6,11,3,13,19,2,99,2,48,9,,,,1,2013,1901.0,5392,8,1,,31,4,4.0,1.0,4.0
5392,6,11,3,5,5,2,99,1,40,9,,,,2,2013,504.0,5393,7,1,,13,2,7.0,1.0,2.0
5393,6,11,3,21,9,2,99,1,20,9,,,,1,2013,901.0,5394,3,1,,24,6,4.0,1.0,6.0
5394,6,11,3,21,9,2,99,1,22,9,,,,1,2013,901.0,5395,3,1,,99,6,4.0,2.0,6.0
5395,6,11,3,11,15,2,99,1,29,9,,,,1,2013,1508.0,5396,4,1,,44,5,3.0,4.0,5.0
5396,6,11,3,11,15,2,99,1,72,9,,,,1,2013,1508.0,5397,10,1,,44,3,3.0,11.0,3.0
5397,7,11,4,3,1,1,2,1,40,2,,,,2,2013,101.0,5398,7,1,,25,4,1.0,4.0,4.0
5398,7,11,4,3,1,1,1,1,24,2,,,,1,2013,101.0,5399,3,1,,11,3,1.0,4.0,3.0
5399,7,11,4,3,1,1,1,1,43,1,,,,1,2013,101.0,5400,7,1,,44,3,3.0,14.0,3.0
5400,7,11,4,8,1,2,99,1,21,1,,,,2,2013,108.0,5401,3,1,,20,4,1.0,5.0,4.0
5401,7,11,4,18,20,2,99,1,25,2,,,,2,2013,2004.0,5402,4,1,,2,5,14.0,1.0,5.0
5402,7,11,4,8,12,2,99,9,999,9,,,,2,2013,1216.0,5403,11,9,,2,6,14.0,1.0,6.0
5403,7,11,4,10,14,1,1,1,38,2,,,,2,2013,1420.0,5404,6,1,,19,4,5.0,2.0,4.0
5404,7,11,4,20,16,1,1,1,45,2,,,,2,2013,1601.0,5405,8,1,,23,2,2.0,2.0,2.0
5405,7,11,4,18,17,2,99,1,28,9,,,,3,2013,1705.0,5406,4,1,,99,6,4.0,99.0,6.0
5406,8,11,5,15,1,1,14,1,37,9,,,,1,2013,101.0,5407,6,1,,44,4,2.0,4.0,4.0
5407,8,11,5,15,1,1,14,2,37,9,,,,1,2013,101.0,5408,6,1,,1,4,1.0,2.0,4.0
5408,8,11,5,15,18,1,99,1,24,9,,,,1,2013,1804.0,5409,3,1,,44,2,3.0,11.0,2.0
5409,8,11,5,15,18,1,99,1,49,9,,,,1,2013,1804.0,5410,8,1,,44,4,11.0,2.0,4.0
5410,8,11,5,16,14,2,99,1,27,1,,,,2,2013,1406.0,5411,4,1,,32,3,1.0,11.0,3.0
5411,8,11,5,22,7,2,99,1,26,1,,,,1,2013,710.0,5412,4,1,,44,3,1.0,1.0,3.0
5412,8,11,5,22,7,2,99,1,17,1,,,,1,2013,710.0,5413,2,2,,21,6,4.0,99.0,6.0
5413,8,11,5,7,4,2,99,1,43,9,,,,2,2013,406.0,5414,7,1,,44,6,3.0,1.0,6.0
5414,8,11,5,0,1,2,99,1,999,9,,,,2,2013,117.0,5415,11,1,,99,6,4.0,99.0,6.0
5415,8,11,5,3,5,1,99,1,22,9,,,,2,2013,501.0,5416,3,1,,99,6,4.0,99.0,6.0
5416,8,11,5,23,13,2,99,1,999,9,,,,2,2013,1301.0,5417,11,1,,99,6,3.0,99.0,6.0
5417,9,11,6,2,1,1,1,1,34,2,,,,2,2013,101.0,5418,5,1,,5,3,1.0,2.0,3.0
5418,9,11,6,4,1,1,5,1,23,1,,,,1,2013,101.0,5419,3,1,,44,4,1.0,4.0,4.0
5419,9,11,6,4,1,1,5,1,51,1,,,,1,2013,101.0,5420,9,1,,37,2,1.0,10.0,2.0
5420,9,11,6,8,1,1,13,1,24,1,,,,3,2013,101.0,5421,3,1,,24,6,4.0,1.0,6.0
5421,9,11,6,2,1,1,3,1,44,1,,,,1,2013,108.0,5422,7,1,,32,6,1.0,7.0,6.0
5422,9,11,6,2,1,1,3,1,21,1,,,,1,2013,108.0,5423,3,1,,24,5,4.0,1.0,5.0
5423,9,11,6,18,9,2,99,1,29,2,,,,1,2013,901.0,5424,4,1,,21,6,1.0,2.0,6.0
5424,9,11,6,18,9,2,99,1,29,1,,,,1,2013,901.0,5425,4,1,,44,2,1.0,14.0,2.0
5425,10,11,7,2,1,1,1,1,29,1,,,,1,2013,101.0,5426,4,1,,37,3,9.0,10.0,3.0
5426,10,11,7,2,1,1,1,1,34,2,,,,1,2013,101.0,5427,5,1,,13,5,2.0,5.0,5.0
5427,10,11,7,0,1,1,5,1,54,1,,,,1,2013,101.0,5428,9,1,,17,3,1.0,4.0,3.0
5428,10,11,7,0,1,1,5,1,26,1,,,,1,2013,101.0,5429,4,1,,99,6,4.0,3.0,6.0
5429,10,11,7,22,1,2,99,1,41,1,,,,1,2013,116.0,5430,7,1,,21,2,1.0,8.0,2.0
5430,10,11,7,22,1,2,99,2,27,1,,,,1,2013,116.0,5431,4,1,,32,3,1.0,99.0,3.0
5431,10,11,7,5,1,2,99,1,34,2,,,,1,2013,116.0,5432,5,1,,46,6,1.0,5.0,6.0
5432,10,11,7,5,1,2,99,1,37,1,,,,1,2013,116.0,5433,6,1,,21,6,1.0,9.0,6.0
5433,10,11,7,1,1,1,3,1,30,1,,,,1,2013,108.0,5434,5,1,,32,5,3.0,5.0,5.0
5434,10,11,7,1,1,1,3,1,23,1,,,,1,2013,108.0,5435,3,1,,32,4,1.0,4.0,4.0
5435,10,11,7,15,1,1,1,1,18,1,,,,1,2013,108.0,5436,2,1,,20,6,1.0,2.0,6.0
5436,10,11,7,15,1,1,1,1,30,1,,,,1,2013,108.0,5437,5,1,,17,3,1.0,9.0,3.0
5437,10,11,7,17,1,1,4,1,65,1,,,,2,2013,108.0,5438,10,1,,37,3,3.0,2.0,3.0
5438,10,11,7,23,1,1,3,1,25,2,,,,1,2013,108.0,5439,4,1,,21,3,1.0,6.0,3.0
5439,10,11,7,23,1,1,3,1,26,1,,,,1,2013,108.0,5440,4,1,,21,6,4.0,5.0,6.0
5440,10,11,7,22,19,2,99,1,26,2,,,,1,2013,1901.0,5441,4,1,,99,5,4.0,5.0,5.0
5441,10,11,7,22,19,2,99,2,37,1,,,,1,2013,1901.0,5442,6,1,,24,6,4.0,1.0,6.0
5442,10,11,7,22,12,2,99,1,44,2,,,,1,2013,1215.0,5443,7,1,,44,6,3.0,1.0,6.0
5443,10,11,7,22,12,2,99,1,22,1,,,,1,2013,1215.0,5444,3,1,,23,3,2.0,6.0,3.0
5444,10,11,7,12,12,2,99,1,999,9,,,,3,2013,1211.0,5445,11,1,,19,6,5.0,2.0,6.0
5445,10,11,7,14,12,2,99,1,999,9,,,,2,2013,1222.0,5446,11,1,,44,6,3.0,4.0,6.0
5446,10,11,7,8,18,2,99,1,79,9,,,,1,2013,1802.0,5447,10,1,,44,6,1.0,6.0,6.0
5447,10,11,7,8,18,2,99,1,999,9,,,,1,2013,1802.0,5448,11,1,,99,6,5.0,2.0,6.0
5448,10,11,7,0,17,2,99,1,79,9,,,,3,2013,1710.0,5449,10,1,,99,6,3.0,99.0,6.0
5449,10,11,7,18,4,2,99,1,45,9,,,,1,2013,403.0,5450,8,1,,99,2,1.0,1.0,2.0
5450,10,11,7,18,4,2,99,1,17,9,,,,1,2013,403.0,5451,2,2,,2,4,14.0,5.0,4.0
5451,10,11,7,21,1,1,9,2,49,9,,,,1,2013,101.0,5452,8,1,,6,6,1.0,5.0,6.0
5452,10,11,7,21,1,1,9,1,47,9,,,,1,2013,101.0,5453,8,1,,10,6,2.0,4.0,6.0
5453,10,11,7,15,1,1,99,2,22,9,,,,1,2013,115.0,5454,3,1,,32,4,1.0,6.0,4.0
5454,10,11,7,15,1,1,99,2,22,9,,,,1,2013,115.0,5455,3,1,,99,5,4.0,5.0,5.0
5455,10,11,7,19,15,1,99,1,21,9,,,,1,2013,1501.0,5456,3,1,,99,6,9.0,1.0,6.0
5456,10,11,7,19,15,1,99,1,22,9,,,,1,2013,1501.0,5457,3,1,,42,6,4.0,99.0,6.0
5457,11,11,1,10,1,1,6,2,55,1,,,,1,2013,101.0,5458,10,1,,42,2,8.0,1.0,2.0
5458,11,11,1,10,1,1,6,1,25,1,,,,1,2013,101.0,5459,4,1,,24,6,4.0,1.0,6.0
5459,11,11,1,10,1,2,99,1,26,9,,,,2,2013,116.0,5460,4,1,,44,6,1.0,10.0,6.0
5460,11,11,1,19,1,1,11,9,999,9,,,,3,2013,101.0,5461,11,1,,22,3,7.0,1.0,3.0
5461,11,11,1,3,22,2,99,1,34,2,,,,2,2013,2202.0,5462,5,1,,99,6,4.0,99.0,6.0
5462,11,11,1,12,5,1,3,1,62,1,,,,1,2013,501.0,5463,10,1,,13,6,3.0,3.0,6.0
5463,11,11,1,21,12,2,99,1,28,2,,,,1,2013,1219.0,5464,4,1,,44,5,9.0,2.0,5.0
5464,12,11,2,10,1,1,5,1,29,2,,,,1,2013,101.0,5465,4,1,,44,2,3.0,2.0,2.0
5465,12,11,2,10,1,1,5,1,25,1,,,,1,2013,101.0,5466,4,1,,44,3,1.0,2.0,3.0
5466,12,11,2,16,21,1,99,1,26,1,,,,3,2013,2102.0,5467,4,1,,44,2,3.0,4.0,2.0
5467,12,11,2,20,9,1,99,1,39,1,,,,1,2013,920.0,5468,6,1,,99,6,11.0,2.0,6.0
5468,12,11,2,11,12,1,99,1,25,2,,,,2,2013,1202.0,5469,4,1,,44,2,3.0,3.0,2.0
5469,12,11,2,16,13,2,99,1,25,2,,,,1,2013,1301.0,5470,4,1,,99,6,4.0,99.0,6.0
5470,12,11,2,16,13,2,99,1,40,1,,,,1,2013,1301.0,5471,7,1,,21,4,4.0,1.0,4.0
5471,13,11,3,15,1,1,6,1,23,9,,,,3,2013,101.0,5472,3,1,,2,4,14.0,1.0,4.0
5472,13,11,3,8,19,2,99,1,32,9,,,,1,2013,1901.0,5473,5,1,,42,6,4.0,5.0,6.0
5473,13,11,3,8,19,2,99,1,21,9,,,,1,2013,1901.0,5474,3,1,,99,3,3.0,2.0,3.0
5474,13,11,3,17,19,2,99,1,37,9,,,,1,2013,1901.0,5475,6,1,,44,6,2.0,4.0,6.0
5475,13,11,3,17,19,2,99,1,999,9,,,,1,2013,1901.0,5476,11,9,,99,6,4.0,99.0,6.0
5476,13,11,3,7,10,2,99,1,44,9,,,,1,2013,1011.0,5477,7,1,,44,2,3.0,3.0,2.0
5477,13,11,3,7,10,2,99,1,999,9,,,,1,2013,1011.0,5478,11,9,,30,4,12.0,7.0,4.0
5478,13,11,3,22,9,2,99,1,35,9,,,,1,2013,920.0,5479,6,1,,44,2,1.0,3.0,2.0
5479,13,11,3,22,9,2,99,1,999,9,,,,1,2013,920.0,5480,11,9,,44,3,3.0,4.0,3.0
5480,13,11,3,23,16,2,99,1,37,9,,,,3,2013,1609.0,5481,6,1,,99,6,4.0,3.0,6.0
5481,13,11,3,16,3,2,99,1,31,9,,,,3,2013,314.0,5482,5,1,,13,6,5.0,2.0,6.0
5482,14,11,4,1,1,1,1,1,24,9,,,,1,2013,101.0,5483,3,1,,99,6,99.0,99.0,6.0
5483,14,11,4,1,1,1,1,1,29,9,,,,1,2013,101.0,5484,4,1,,99,6,1.0,2.0,6.0
5484,14,11,4,0,1,1,6,1,22,9,,,,1,2013,101.0,5485,3,1,,44,3,2.0,5.0,3.0
5485,14,11,4,0,1,1,6,1,22,9,,,,1,2013,101.0,5486,3,1,,44,4,1.0,4.0,4.0
5486,14,11,4,22,12,2,99,1,32,9,,,,2,2013,1202.0,5487,5,1,,44,6,3.0,99.0,6.0
5487,14,11,4,18,7,2,99,1,36,9,,,,1,2013,710.0,5488,6,1,,37,4,1.0,99.0,4.0
5488,14,11,4,18,7,2,99,1,999,9,,,,1,2013,710.0,5489,11,9,,44,5,3.0,99.0,5.0
5489,14,11,4,0,4,2,99,1,55,9,,,,1,2013,401.0,5490,10,1,,44,3,3.0,3.0,3.0
5490,14,11,4,0,4,2,99,1,21,9,,,,1,2013,401.0,5491,3,1,,36,5,4.0,5.0,5.0
5491,15,11,5,22,1,1,9,1,30,2,,,,1,2013,101.0,5492,5,1,,5,6,1.0,3.0,6.0
5492,15,11,5,22,1,1,9,2,29,9,,,,1,2013,101.0,5493,4,1,,20,6,1.0,6.0,6.0
5493,15,11,5,13,1,1,10,1,39,9,,,,1,2013,101.0,5494,6,1,,44,4,3.0,2.0,4.0
5494,15,11,5,13,1,1,10,1,32,9,,,,1,2013,101.0,5495,5,1,,42,6,4.0,5.0,6.0
5495,15,11,5,22,1,1,12,1,40,2,,,,1,2013,101.0,5496,7,1,,34,3,1.0,1.0,3.0
5496,15,11,5,22,1,1,12,1,35,9,,,,1,2013,101.0,5497,6,1,,99,3,2.0,6.0,3.0
5497,15,11,5,5,1,1,12,1,56,9,,,,1,2013,101.0,5498,10,1,,99,6,12.0,3.0,6.0
5498,15,11,5,5,1,1,12,1,31,9,,,,1,2013,101.0,5499,5,1,,44,6,2.0,5.0,6.0
5499,15,11,5,5,1,1,12,1,36,9,,,,1,2013,101.0,5500,6,1,,44,6,1.0,2.0,6.0
5500,15,11,5,21,19,2,99,1,38,9,,,,1,2013,1901.0,5501,6,1,,42,6,3.0,2.0,6.0
5501,15,11,5,21,19,2,99,1,20,9,,,,1,2013,1901.0,5502,3,1,,24,5,4.0,5.0,5.0
5502,15,11,5,15,18,2,99,1,48,9,,,,1,2013,1801.0,5503,8,1,,22,6,6.0,99.0,6.0
5503,15,11,5,15,18,2,99,1,26,9,,,,1,2013,1801.0,5504,4,1,,23,6,2.0,4.0,6.0
5504,16,11,6,0,1,1,3,1,28,2,,,,1,2013,101.0,5505,4,1,,32,3,1.0,11.0,3.0
5505,16,11,6,0,1,1,3,1,45,2,,,,1,2013,101.0,5506,8,1,,46,6,1.0,2.0,6.0
5506,16,11,6,22,1,2,99,1,47,9,,,,1,2013,107.0,5507,8,1,,44,1,1.0,10.0,1.0
5507,16,11,6,22,1,2,99,1,50,9,,,,1,2013,107.0,5508,9,1,,44,2,3.0,2.0,2.0
5508,16,11,6,14,1,1,5,1,20,9,,,,1,2013,101.0,5509,3,1,,42,5,4.0,5.0,5.0
5509,16,11,6,14,1,1,5,1,32,9,,,,1,2013,101.0,5510,5,1,,99,6,5.0,99.0,6.0
5510,16,11,6,15,1,1,10,1,26,9,,,,1,2013,101.0,5511,4,1,,42,6,4.0,5.0,6.0
5511,16,11,6,15,1,1,10,1,25,9,,,,1,2013,101.0,5512,4,1,,21,6,1.0,4.0,6.0
5512,16,11,6,2,1,1,7,1,27,9,,,,2,2013,101.0,5513,4,1,,21,6,4.0,1.0,6.0
5513,16,11,6,10,1,2,99,1,27,9,,,,1,2013,116.0,5514,4,1,,99,1,3.0,3.0,1.0
5514,16,11,6,10,1,2,99,1,33,9,,,,1,2013,116.0,5515,5,1,,44,2,3.0,2.0,2.0
5515,16,11,6,2,1,1,4,1,28,9,,,,1,2013,108.0,5516,4,1,,32,3,1.0,11.0,3.0
5516,16,11,6,2,1,1,4,1,22,9,,,,1,2013,108.0,5517,3,1,,32,4,1.0,4.0,4.0
5517,16,11,6,17,22,2,99,1,40,9,,,,2,2013,2203.0,5518,7,1,,34,3,1.0,2.0,3.0
5518,16,11,6,19,6,2,99,1,999,9,,,,1,2013,601.0,5519,11,9,,44,6,3.0,3.0,6.0
5519,16,11,6,19,6,2,99,1,21,9,,,,1,2013,601.0,5520,3,1,,99,6,4.0,5.0,6.0
5520,16,11,6,1,10,2,99,1,27,9,,,,2,2013,1001.0,5521,4,1,,13,4,1.0,4.0,4.0
5521,16,11,6,23,10,2,99,1,30,9,,,,1,2013,1001.0,5522,5,1,,99,6,99.0,99.0,6.0
5522,16,11,6,23,10,2,99,1,30,9,,,,1,2013,1001.0,5523,5,1,,99,6,4.0,99.0,6.0
5523,16,11,6,17,9,2,99,1,37,9,,,,4,2013,916.0,5524,6,1,,30,4,3.0,2.0,4.0
5524,16,11,6,18,9,1,3,1,27,9,,,,1,2013,901.0,5525,4,1,,2,4,4.0,1.0,4.0
5525,16,11,6,18,9,1,3,2,44,9,,,,1,2013,901.0,5526,7,1,,5,6,2.0,4.0,6.0
5526,16,11,6,10,16,2,99,1,38,9,,,,2,2013,1613.0,5527,6,1,,44,6,99.0,99.0,6.0
5527,16,11,6,19,17,2,99,1,29,9,,,,1,2013,1712.0,5528,4,1,,34,6,1.0,1.0,6.0
5528,16,11,6,19,17,2,99,1,39,9,,,,1,2013,1712.0,5529,6,1,,42,6,4.0,5.0,6.0
5529,16,11,6,14,7,2,99,1,35,9,,,,1,2013,706.0,5530,6,1,,99,5,2.0,99.0,5.0
5530,16,11,6,14,7,2,99,1,24,9,,,,1,2013,706.0,5531,3,1,,45,5,4.0,1.0,5.0
5531,17,11,7,19,1,1,21,1,37,9,,,,1,2013,101.0,5532,6,1,,44,2,3.0,2.0,2.0
5532,17,11,7,23,1,1,4,1,42,9,,,,1,2013,108.0,5533,7,1,,40,5,3.0,4.0,5.0
5533,17,11,7,2,19,2,99,1,20,9,,,,1,2013,1901.0,5534,3,1,,2,5,4.0,3.0,5.0
5534,17,11,7,16,5,2,99,1,33,9,,,,4,2013,501.0,5535,5,1,,21,3,1.0,4.0,3.0
5535,17,11,7,17,6,2,99,1,21,9,,,,3,2013,601.0,5536,3,1,,99,6,14.0,99.0,6.0
5536,17,11,7,22,14,2,99,1,26,9,,,,1,2013,1406.0,5537,4,1,,21,5,4.0,4.0,5.0
5537,18,11,1,2,1,1,5,1,44,9,,,,1,2013,108.0,5538,7,1,,44,4,9.0,2.0,4.0
5538,18,11,1,2,1,1,5,1,21,9,,,,1,2013,108.0,5539,3,1,,2,5,4.0,5.0,5.0
5539,18,11,1,14,1,2,99,1,45,9,,,,2,2013,110.0,5540,8,1,,3,6,12.0,3.0,6.0
5540,18,11,1,19,1,1,7,2,33,9,,,,1,2013,101.0,5541,5,1,,99,6,1.0,99.0,6.0
5541,18,11,1,19,1,1,7,2,28,9,,,,1,2013,101.0,5542,4,1,,32,6,1.0,11.0,6.0
5542,18,11,1,12,19,2,99,1,23,2,,,,4,2013,1901.0,5543,3,1,,42,6,4.0,1.0,6.0
5543,18,11,1,10,5,2,99,1,35,9,,,,1,2013,509.0,5544,6,1,,34,5,3.0,5.0,5.0
5544,18,11,1,10,5,2,99,1,34,9,,,,1,2013,509.0,5545,5,1,,15,6,6.0,3.0,6.0
5545,18,11,1,22,5,2,99,1,55,9,,,,1,2013,507.0,5546,10,1,,2,6,4.0,1.0,6.0
5546,18,11,1,6,6,2,99,1,28,9,,,,1,2013,609.0,5547,4,1,,29,6,6.0,3.0,6.0
5547,18,11,1,6,6,2,99,1,37,9,,,,1,2013,609.0,5548,6,1,,37,6,1.0,9.0,6.0
5548,18,11,1,17,9,1,99,1,39,2,,,,1,2013,920.0,5549,6,1,,32,6,3.0,5.0,6.0
5549,18,11,1,17,9,1,99,2,33,9,,,,1,2013,920.0,5550,5,1,,13,6,2.0,2.0,6.0
5550,18,11,1,20,13,2,99,1,23,2,,,,1,2013,1301.0,5551,3,1,,99,6,3.0,99.0,6.0
5551,18,11,1,20,13,2,99,1,57,1,,,,1,2013,1301.0,5552,10,1,,44,2,1.0,2.0,2.0
5552,18,11,1,22,13,1,99,9,999,9,,,,1,2013,1301.0,5553,11,9,,99,6,3.0,99.0,6.0
5553,18,11,1,22,13,1,99,1,23,9,,,,1,2013,1301.0,5554,3,1,,99,6,4.0,99.0,6.0
5554,18,11,1,15,8,2,99,1,37,2,,,,1,2013,802.0,5555,6,1,,99,6,2.0,99.0,6.0
5555,18,11,1,15,8,2,99,1,49,1,,,,1,2013,802.0,5556,8,1,,44,3,1.0,6.0,3.0
5556,18,11,1,17,18,2,99,1,38,2,,,,1,2013,1803.0,5557,6,1,,44,6,3.0,2.0,6.0
5557,18,11,1,17,18,2,99,1,14,1,,,,1,2013,1803.0,5558,1,2,,42,6,4.0,4.0,6.0
5558,18,11,1,23,1,2,99,9,999,9,,,,1,2013,116.0,5559,11,9,,22,6,5.0,99.0,6.0
5559,18,11,1,23,1,2,99,1,999,9,,,,1,2013,116.0,5560,11,1,,99,6,5.0,2.0,6.0
5560,18,11,1,21,17,2,99,9,999,9,,,,1,2013,1701.0,5561,11,9,,19,6,5.0,2.0,6.0
5561,18,11,1,21,17,2,99,1,20,9,,,,1,2013,1701.0,5562,3,1,,14,6,4.0,5.0,6.0
5562,18,11,1,8,1,1,12,9,999,9,,,,1,2013,115.0,5563,11,9,,99,6,4.0,99.0,6.0
5563,18,11,1,8,1,1,12,1,18,9,,,,1,2013,115.0,5564,2,1,,99,6,4.0,99.0,6.0
5564,19,11,2,0,2,2,99,1,44,9,,,,3,2013,201.0,5565,7,1,,44,6,3.0,3.0,6.0
5565,19,11,2,22,1,1,7,1,54,9,,,,1,2013,108.0,5566,9,1,,44,4,1.0,2.0,4.0
5566,19,11,2,20,19,2,99,1,59,9,,,,1,2013,1903.0,5567,10,1,,19,3,5.0,2.0,3.0
5567,19,11,2,14,19,1,1,1,64,9,,,,1,2013,1901.0,5568,10,1,,99,6,4.0,99.0,6.0
5568,20,11,2,19,10,1,99,1,57,9,,,,1,2013,1001.0,5569,10,1,,13,3,3.0,16.0,3.0
5569,20,11,2,19,19,2,99,1,37,9,,,,1,2013,1901.0,5570,6,1,,37,6,1.0,4.0,6.0
5570,20,11,2,15,15,2,99,1,44,9,,,,1,2013,1503.0,5571,7,1,,41,2,2.0,4.0,2.0
5571,20,11,2,15,1,1,1,1,36,9,,,,1,2013,101.0,5572,6,1,,32,3,1.0,5.0,3.0
5572,20,11,2,15,1,1,1,1,35,9,,,,1,2013,101.0,5573,6,1,,47,4,12.0,3.0,4.0
5573,20,11,2,13,8,2,99,1,28,9,,,,1,2013,801.0,5574,4,1,,99,6,3.0,99.0,6.0
5574,21,11,4,12,1,1,7,1,29,9,,,,1,2013,108.0,5575,4,1,,19,6,5.0,99.0,6.0
5575,22,11,5,22,1,1,7,1,48,9,,,,1,2013,101.0,5576,8,1,,99,5,4.0,1.0,5.0
5576,22,11,5,22,1,1,7,1,26,9,,,,1,2013,101.0,5577,4,1,,24,4,4.0,1.0,4.0
5577,22,11,5,12,20,2,99,1,34,9,,,,2,2013,2001.0,5578,5,1,,44,6,3.0,1.0,6.0
5578,22,11,5,23,6,2,99,1,29,9,,,,4,2013,603.0,5579,4,1,,99,6,3.0,99.0,6.0
5579,22,11,5,19,10,2,99,1,20,9,,,,1,2013,1004.0,5580,3,1,,44,4,9.0,6.0,4.0
5580,22,11,5,19,10,2,99,1,28,9,,,,1,2013,1004.0,5581,4,1,,44,5,9.0,6.0,5.0
5581,22,11,5,22,9,2,99,1,999,9,,,,1,2013,914.0,5582,11,9,,37,3,5.0,4.0,3.0
5582,22,11,5,22,9,2,99,1,999,9,,,,1,2013,914.0,5583,11,9,,23,4,5.0,2.0,4.0
5583,22,11,5,22,9,2,99,2,999,9,,,,1,2013,914.0,5584,11,9,,37,4,1.0,11.0,4.0
5584,22,11,5,3,9,2,99,1,24,9,,,,1,2013,901.0,5585,3,1,,44,4,1.0,4.0,4.0
5585,22,11,5,3,9,2,99,1,27,9,,,,1,2013,901.0,5586,4,1,,32,4,1.0,4.0,4.0
5586,22,11,5,17,18,2,99,1,45,9,,,,1,2013,1801.0,5587,8,1,,19,6,5.0,5.0,6.0
5587,22,11,5,17,18,2,99,1,70,9,,,,1,2013,1801.0,5588,10,1,,30,6,2.0,6.0,6.0
5588,22,11,5,19,3,2,99,1,28,9,,,,1,2013,302.0,5589,4,1,,44,5,3.0,2.0,5.0
5589,22,11,5,19,3,2,99,1,32,9,,,,1,2013,302.0,5590,5,1,,34,3,3.0,6.0,3.0
5590,23,11,6,21,1,1,1,1,30,9,,,,1,2013,101.0,5591,5,1,,37,5,1.0,5.0,5.0
5591,23,11,6,21,1,1,1,1,24,9,,,,1,2013,101.0,5592,3,1,,35,6,4.0,3.0,6.0
5592,23,11,6,0,1,1,1,1,43,9,,,,1,2013,101.0,5593,7,1,,34,4,1.0,9.0,4.0
5593,23,11,6,0,1,1,1,2,36,9,,,,1,2013,101.0,5594,6,1,,5,4,1.0,3.0,4.0
5594,23,11,6,2,1,1,1,1,36,9,,,,1,2013,101.0,5595,6,1,,20,4,1.0,2.0,4.0
5595,23,11,6,2,1,1,1,1,53,9,,,,1,2013,101.0,5596,9,1,,20,4,2.0,4.0,4.0
5596,23,11,6,19,1,1,3,1,26,9,,,,1,2013,101.0,5597,4,1,,46,2,1.0,5.0,2.0
5597,23,11,6,19,1,1,3,1,22,9,,,,1,2013,101.0,5598,3,1,,37,6,4.0,3.0,6.0
5598,23,11,6,8,1,2,99,1,23,9,,,,1,2013,101.0,5599,3,1,,99,6,4.0,3.0,6.0
5599,23,11,6,8,1,2,99,1,999,9,,,,1,2013,101.0,5600,11,1,,99,6,1.0,99.0,6.0
5600,23,11,6,4,1,2,99,1,33,9,,,,1,2013,115.0,5601,5,1,,99,3,2.0,14.0,3.0
5601,23,11,6,4,1,2,99,1,32,9,,,,1,2013,115.0,5602,5,1,,2,6,4.0,1.0,6.0
5602,23,11,6,4,1,2,99,1,30,9,,,,2,2013,115.0,5603,5,1,,34,3,1.0,99.0,3.0
5603,23,11,6,3,1,2,99,1,25,9,,,,1,2013,117.0,5604,4,1,,99,6,4.0,5.0,6.0
5604,23,11,6,3,1,2,99,1,32,9,,,,1,2013,117.0,5605,5,1,,99,6,1.0,9.0,6.0
5605,23,11,6,19,1,1,7,1,46,9,,,,1,2013,108.0,5606,8,1,,99,6,4.0,99.0,6.0
5606,23,11,6,19,1,1,7,1,26,9,,,,1,2013,108.0,5607,4,1,,99,6,4.0,99.0,6.0
5607,23,11,6,23,1,2,99,1,38,9,,,,1,2013,109.0,5608,6,1,,20,6,1.0,2.0,6.0
5608,23,11,6,23,1,2,99,1,43,9,,,,1,2013,109.0,5609,7,1,,20,6,1.0,2.0,6.0
5609,23,11,6,23,1,2,99,1,28,9,,,,1,2013,109.0,5610,4,1,,2,6,4.0,1.0,6.0
5610,23,11,6,2,22,2,99,1,17,9,,,,3,2013,2201.0,5611,2,2,,21,6,4.0,1.0,6.0
5611,23,11,6,21,21,2,99,1,41,9,,,,1,2013,2101.0,5612,7,1,,99,6,1.0,3.0,6.0
5612,23,11,6,21,21,2,99,1,47,9,,,,1,2013,2101.0,5613,8,1,,99,6,3.0,99.0,6.0
5613,23,11,6,13,6,2,99,1,38,9,,,,2,2013,601.0,5614,6,1,,30,4,1.0,10.0,4.0
5614,23,11,6,9,16,2,99,1,40,9,,,,1,2013,1604.0,5615,7,1,,30,5,5.0,2.0,5.0
5615,23,11,6,9,16,2,99,1,52,9,,,,1,2013,1604.0,5616,9,1,,44,2,3.0,5.0,2.0
5616,23,11,6,18,18,2,99,1,47,9,,,,1,2013,1803.0,5617,8,1,,30,6,5.0,2.0,6.0
5617,23,11,6,18,18,2,99,1,26,9,,,,1,2013,1803.0,5618,4,1,,42,6,4.0,1.0,6.0
5618,23,11,6,12,3,2,99,1,36,9,,,,3,2013,301.0,5619,6,1,,13,6,12.0,99.0,6.0
5619,24,11,7,23,1,1,12,1,53,9,,,,2,2013,101.0,5620,9,1,,44,6,2.0,99.0,6.0
5620,24,11,7,13,1,1,12,1,36,9,,,,1,2013,101.0,5621,6,1,,13,4,2.0,4.0,4.0
5621,24,11,7,13,1,1,12,1,53,9,,,,1,2013,101.0,5622,9,1,,20,4,9.0,4.0,4.0
5622,24,11,7,17,19,2,99,1,40,9,,,,1,2013,1902.0,5623,7,1,,44,3,3.0,9.0,3.0
5623,24,11,7,17,19,2,99,1,31,9,,,,1,2013,1902.0,5624,5,1,,21,4,1.0,11.0,4.0
5624,24,11,7,17,19,2,99,1,34,9,,,,1,2013,1902.0,5625,5,1,,32,4,1.0,4.0,4.0
5625,24,11,7,0,5,2,99,1,19,9,,,,1,2013,502.0,5626,2,1,,2,6,4.0,5.0,6.0
5626,24,11,7,0,5,2,99,1,26,9,,,,1,2013,502.0,5627,4,1,,36,6,4.0,1.0,6.0
5627,24,11,7,23,11,2,99,1,23,9,,,,4,2013,1103.0,5628,3,1,,34,6,1.0,2.0,6.0
5628,24,11,7,18,11,2,99,1,21,9,,,,1,2013,1101.0,5629,3,1,,42,6,4.0,5.0,6.0
5629,24,11,7,18,11,2,99,1,23,9,,,,1,2013,1101.0,5630,3,1,,2,5,4.0,5.0,5.0
5630,24,11,7,3,9,1,1,1,20,9,,,,2,2013,901.0,5631,3,1,,40,6,4.0,9.0,6.0
5631,24,11,7,20,13,2,99,1,49,9,,,,1,2013,1301.0,5632,8,1,,9,2,1.0,9.0,2.0
5632,24,11,7,20,13,2,99,1,35,9,,,,1,2013,1301.0,5633,6,1,,99,5,9.0,4.0,5.0
5633,24,11,7,20,13,2,99,1,35,9,,,,1,2013,1301.0,5634,6,1,,44,3,1.0,2.0,3.0
5634,24,11,7,19,2,2,99,1,29,9,,,,2,2013,204.0,5635,4,1,,99,6,14.0,99.0,6.0
5635,25,11,1,8,1,1,18,1,24,9,,,,1,2013,101.0,5636,3,1,,21,6,2.0,9.0,6.0
5636,25,11,1,8,1,1,18,1,19,9,,,,1,2013,101.0,5637,2,1,,42,6,4.0,99.0,6.0
5637,25,11,1,22,21,2,99,1,23,9,,,,1,2013,2106.0,5638,3,1,,41,6,4.0,1.0,6.0
5638,25,11,1,22,21,2,99,1,42,9,,,,1,2013,2106.0,5639,7,1,,21,6,4.0,1.0,6.0
5639,25,11,1,16,19,2,99,1,60,9,,,,1,2013,1904.0,5640,10,1,,44,4,9.0,1.0,4.0
5640,25,11,1,16,19,2,99,1,36,9,,,,1,2013,1904.0,5641,6,1,,44,4,1.0,4.0,4.0
5641,25,11,1,16,19,2,99,1,52,9,,,,1,2013,1904.0,5642,9,1,,32,5,3.0,4.0,5.0
5642,25,11,1,0,6,2,99,1,40,9,,,,1,2013,602.0,5643,7,1,,49,5,4.0,1.0,5.0
5643,25,11,1,0,6,2,99,1,29,9,,,,1,2013,602.0,5644,4,1,,99,4,4.0,1.0,4.0
5644,25,11,1,20,12,2,99,1,58,9,,,,1,2013,1216.0,5645,10,1,,44,3,1.0,2.0,3.0
5645,25,11,1,20,12,2,99,1,999,9,,,,1,2013,1216.0,5646,11,9,,2,6,14.0,1.0,6.0
5646,25,11,1,19,18,2,99,1,26,9,,,,1,2013,1803.0,5647,4,1,,10,6,2.0,5.0,6.0
5647,25,11,1,19,18,2,99,1,26,9,,,,1,2013,1803.0,5648,4,1,,44,2,3.0,2.0,2.0
5648,26,11,2,18,18,2,99,1,21,9,,,,2,2013,1804.0,5649,3,1,,42,5,4.0,5.0,5.0
5649,26,11,2,9,14,1,1,1,22,9,,,,1,2013,1401.0,5650,3,1,,42,2,4.0,3.0,2.0
5650,26,11,2,9,14,1,1,1,7,9,,,,1,2013,1401.0,5651,1,2,,2,5,14.0,1.0,5.0
5651,26,11,2,15,7,2,99,1,36,9,,,,4,2013,705.0,5652,6,1,,99,6,3.0,4.0,6.0
5652,27,11,3,18,1,1,4,2,30,9,,,,1,2013,108.0,5653,5,1,,20,6,2.0,4.0,6.0
5653,27,11,3,8,1,2,99,9,999,9,,,,1,2013,102.0,5654,11,9,,3,6,12.0,6.0,6.0
5654,27,11,3,16,19,2,99,9,999,9,,,,1,2013,1904.0,5655,11,9,,37,6,5.0,2.0,6.0
5655,27,11,3,22,6,2,99,1,17,9,,,,1,2013,603.0,5656,2,2,,21,6,4.0,3.0,6.0
5656,27,11,3,22,6,2,99,1,16,9,,,,1,2013,603.0,5657,2,2,,24,6,4.0,3.0,6.0
5657,27,11,3,18,11,1,99,1,999,9,,,,1,2013,1101.0,5658,11,9,,13,6,5.0,6.0,6.0
5658,28,11,4,3,1,1,12,1,999,9,,,,1,2013,101.0,5659,11,9,,22,4,6.0,3.0,4.0
5659,28,11,4,3,1,2,99,1,33,9,,,,1,2013,115.0,5660,5,1,,99,6,2.0,99.0,6.0
5660,28,11,4,3,1,2,99,1,47,9,,,,1,2013,115.0,5661,8,1,,99,6,5.0,99.0,6.0
5661,28,11,4,19,8,2,99,1,38,9,,,,1,2013,805.0,5662,6,1,,19,6,5.0,2.0,6.0
5662,29,11,5,5,1,1,18,1,30,9,,,,1,2013,101.0,5663,5,1,,15,6,6.0,8.0,6.0
5663,29,11,5,5,1,1,18,1,29,9,,,,1,2013,101.0,5664,4,1,,15,4,6.0,5.0,4.0
5664,29,11,5,11,1,1,7,1,38,9,,,,1,2013,101.0,5665,6,1,,44,6,3.0,5.0,6.0
5665,29,11,5,11,1,1,7,2,49,9,,,,1,2013,101.0,5666,8,1,,21,6,1.0,3.0,6.0
5666,29,11,5,10,1,1,8,1,52,9,,,,1,2013,108.0,5667,9,1,,33,2,5.0,7.0,2.0
5667,29,11,5,10,1,1,8,1,23,9,,,,1,2013,108.0,5668,3,1,,99,6,4.0,5.0,6.0
5668,29,11,5,22,1,1,11,1,26,9,,,,1,2013,101.0,5669,4,1,,1,3,1.0,3.0,3.0
5669,29,11,5,22,1,1,11,1,38,9,,,,1,2013,101.0,5670,6,1,,12,3,1.0,4.0,3.0
5670,29,11,5,22,1,1,11,1,25,9,,,,1,2013,101.0,5671,4,1,,99,4,1.0,1.0,4.0
5671,29,11,5,19,20,2,99,1,56,9,,,,1,2013,2007.0,5672,10,1,,44,2,3.0,11.0,2.0
5672,29,11,5,19,20,2,99,1,999,9,,,,1,2013,2007.0,5673,11,1,,32,3,1.0,6.0,3.0
5673,29,11,5,9,20,2,99,1,46,9,,,,1,2013,2005.0,5674,8,1,,44,4,12.0,4.0,4.0
5674,29,11,5,9,20,2,99,1,22,9,,,,1,2013,2005.0,5675,3,1,,42,6,4.0,1.0,6.0
5675,29,11,5,14,5,2,99,1,36,9,,,,1,2013,506.0,5676,6,1,,29,5,6.0,3.0,5.0
5676,29,11,5,14,5,2,99,1,16,9,,,,1,2013,506.0,5677,2,2,,2,6,4.0,3.0,6.0
5677,29,11,5,10,5,2,99,1,999,9,,,,1,2013,513.0,5678,11,9,,99,6,12.0,7.0,6.0
5678,29,11,5,10,1,1,1,1,47,9,,,,1,2013,101.0,5679,8,1,,37,5,1.0,2.0,2014.0
5679,29,11,5,10,1,1,1,1,999,9,,,,1,2013,101.0,5680,11,1,,10,6,4.0,5.0,6.0
5680,29,11,5,10,14,2,99,1,999,9,,,,1,2013,1404.0,5681,11,1,,99,6,99.0,99.0,6.0
5681,29,11,5,19,11,2,99,1,999,9,,,,1,2013,1109.0,5682,11,1,,99,6,99.0,99.0,6.0
5682,29,11,5,19,11,2,99,1,32,9,,,,1,2013,1109.0,5683,5,1,,99,6,9.0,99.0,6.0
5683,29,11,5,19,11,2,99,1,999,9,,,,1,2013,1109.0,5684,11,1,,99,6,14.0,99.0,6.0
5684,29,11,5,19,11,2,99,1,999,9,,,,1,2013,1109.0,5685,11,1,,44,6,9.0,99.0,6.0
5685,29,11,5,22,1,2,13,1,999,9,,,,1,2013,101.0,5686,11,1,,99,6,11.0,2.0,6.0
5686,29,11,5,22,1,2,13,1,33,9,,,,1,2013,101.0,5687,5,1,,99,6,99.0,99.0,6.0
5687,29,11,5,14,4,1,99,9,999,9,,,,1,2013,401.0,5688,11,1,,99,6,1.0,99.0,6.0
5688,29,11,5,14,4,1,99,1,32,9,,,,1,2013,401.0,5689,5,1,,40,6,4.0,1.0,6.0
5689,30,11,6,1,9,1,1,1,21,9,,,,1,2013,901.0,5690,3,1,,32,6,1.0,5.0,6.0
5690,30,11,6,1,9,1,1,1,20,9,,,,1,2013,901.0,5691,3,1,,99,6,1.0,1.0,6.0
5691,30,11,6,1,9,1,1,1,32,9,,,,1,2013,901.0,5692,5,1,,13,6,1.0,4.0,6.0
5692,30,11,6,3,9,1,3,1,24,9,,,,2,2013,901.0,5693,3,1,,44,6,1.0,9.0,6.0
5693,30,11,6,18,8,2,99,1,20,9,,,,1,2013,802.0,5694,3,1,,99,6,2.0,5.0,6.0
5694,30,11,6,18,8,2,99,1,22,9,,,,1,2013,802.0,5695,3,1,,99,6,12.0,3.0,6.0
5695,30,11,6,9,2,2,99,9,999,9,,,,1,2013,203.0,5696,11,9,,99,6,6.0,99.0,6.0
5696,30,11,6,9,2,2,99,1,29,9,,,,1,2013,203.0,5697,4,1,,2,5,4.0,1.0,5.0
5697,30,11,6,18,2,2,99,1,32,9,,,,1,2013,207.0,5698,5,1,,44,4,2.0,4.0,4.0
5698,30,11,6,18,2,2,99,1,20,9,,,,1,2013,207.0,5699,3,1,,2,4,4.0,1.0,4.0
5699,30,11,6,19,18,2,99,1,61,9,,,,1,2013,1801.0,5700,10,1,,44,2,3.0,2.0,2.0
5700,30,11,6,19,18,2,99,2,30,9,,,,1,2013,1801.0,5701,5,1,,21,4,4.0,5.0,4.0
5701,30,11,6,20,18,2,99,1,45,9,,,,1,2013,1801.0,5702,8,1,,22,3,6.0,2.0,3.0
5702,30,11,6,20,18,2,99,9,999,9,,,,1,2013,1801.0,5703,11,1,,44,6,3.0,5.0,6.0
5703,30,11,6,16,14,2,99,9,999,9,,,,3,2013,1414.0,5704,11,1,,44,6,3.0,9.0,6.0
5704,30,11,6,2,4,2,99,1,36,9,,,,2,2013,415.0,5705,6,1,,44,2,3.0,4.0,2.0
5705,30,11,6,16,1,1,3,1,54,9,,,,1,2013,101.0,5706,9,1,,34,3,1.0,2.0,3.0
5706,30,11,6,16,1,1,3,1,38,9,,,,1,2013,101.0,5707,6,1,,5,4,1.0,1.0,4.0
5707,30,11,6,20,1,1,12,1,20,9,,,,1,2013,101.0,5708,3,1,,21,6,1.0,2.0,6.0
5708,30,11,6,20,1,1,4,1,29,9,,,,1,2013,108.0,5709,4,1,,99,2,3.0,2.0,2.0
5709,30,11,6,20,1,1,4,1,21,9,,,,1,2013,108.0,5710,3,1,,42,5,4.0,1.0,5.0
5710,30,11,6,7,1,1,9,1,39,9,,,,1,2013,101.0,5711,6,1,,20,3,3.0,5.0,3.0
5711,30,11,6,7,1,1,9,1,999,9,,,,1,2013,101.0,5712,11,1,,2,6,4.0,5.0,6.0
5712,30,11,6,10,1,1,19,1,43,9,,,,1,2013,101.0,5713,7,1,,33,6,12.0,1.0,6.0
5713,30,11,6,10,1,1,19,1,21,9,,,,1,2013,101.0,5714,3,1,,2,6,4.0,5.0,6.0
5714,30,11,6,11,6,1,99,1,999,9,,,,2,2013,601.0,5715,11,1,,99,6,12.0,6.0,6.0
5715,1,12,7,0,1,1,6,2,20,2,,,,1,2013,101.0,5716,3,1,,37,5,2.0,10.0,5.0
5716,1,12,7,0,1,1,6,1,32,9,,,,1,2013,101.0,5717,5,1,,21,6,4.0,4.0,6.0
5717,1,12,7,7,1,1,16,1,24,9,,,,2,2013,101.0,5718,3,1,,34,6,11.0,9.0,6.0
5718,1,12,7,15,1,2,99,1,21,9,,,,1,2013,115.0,5719,3,1,,46,4,1.0,3.0,4.0
5719,1,12,7,15,1,2,99,2,25,9,,,,1,2013,115.0,5720,4,1,,30,4,1.0,11.0,4.0
5720,1,12,7,11,1,1,3,1,32,1,,,,1,2013,101.0,5721,5,1,,44,4,1.0,11.0,4.0
5721,1,12,7,11,1,1,3,2,53,1,,,,1,2013,101.0,5722,9,1,,33,3,12.0,3.0,3.0
5722,1,12,7,8,12,2,99,1,48,1,,,,1,2013,1201.0,5723,8,1,,44,3,1.0,11.0,3.0
5723,1,12,7,8,12,2,99,1,29,1,,,,1,2013,1201.0,5724,4,1,,37,4,9.0,4.0,4.0
5724,1,12,7,17,4,2,99,1,49,2,,,,1,2013,413.0,5725,8,1,,99,4,4.0,5.0,4.0
5725,1,12,7,7,6,2,99,9,999,9,,,,1,2013,604.0,5726,11,1,,44,2,3.0,4.0,2.0
5726,1,12,7,7,6,2,99,1,22,9,,,,1,2013,604.0,5727,3,1,,21,6,4.0,5.0,6.0
5727,1,12,7,21,6,2,99,9,999,9,,,,1,2013,608.0,5728,11,1,,99,6,3.0,99.0,6.0
5728,1,12,7,21,6,2,99,1,30,9,,,,1,2013,608.0,5729,5,1,,99,6,3.0,99.0,6.0
5729,1,12,7,2,11,2,99,1,25,9,,,,2,2013,1109.0,5730,4,1,,99,6,3.0,99.0,6.0
5730,1,12,7,0,13,2,99,9,999,9,,,,3,2013,1318.0,5731,11,1,,99,6,3.0,99.0,6.0
5731,1,12,7,0,19,2,99,1,28,9,,,,2,2013,1901.0,5732,4,1,,44,4,1.0,4.0,4.0
5732,1,12,7,2,19,2,99,1,34,9,,,,1,2013,1901.0,5733,5,1,,99,6,1.0,3.0,6.0
5733,1,12,7,2,19,2,99,1,34,9,,,,1,2013,1901.0,5734,5,1,,44,6,3.0,5.0,6.0
5734,1,12,7,20,19,2,99,1,25,9,,,,2,2013,1904.0,5735,4,1,,99,6,4.0,99.0,6.0
5735,1,12,7,1,5,2,99,1,69,9,,,,1,2013,502.0,5736,10,1,,99,4,2.0,5.0,4.0
5736,1,12,7,1,5,2,99,1,40,9,,,,1,2013,502.0,5737,7,1,,99,4,3.0,6.0,4.0
5737,1,12,7,20,6,1,99,1,26,9,,,,2,2013,601.0,5738,4,1,,44,3,3.0,5.0,3.0
5738,1,12,7,15,6,2,99,1,52,9,,,,1,2013,611.0,5739,9,1,,15,3,6.0,3.0,3.0
5739,1,12,7,15,6,2,99,1,17,9,,,,1,2013,611.0,5740,2,2,,99,6,18.0,99.0,6.0
5740,1,12,7,15,6,1,99,9,999,9,,,,3,2013,601.0,5741,11,1,,44,6,3.0,9.0,6.0
5741,1,12,7,1,11,1,99,1,999,9,,,,3,2013,1101.0,5742,11,1,,44,6,3.0,99.0,6.0
5742,1,12,7,10,12,1,99,1,31,9,,,,1,2013,1201.0,5743,5,1,,44,2,3.0,2.0,2.0
5743,1,12,7,10,12,1,99,2,999,9,,,,1,2013,1201.0,5744,11,1,,44,4,1.0,5.0,4.0
5744,1,12,7,15,13,2,99,1,26,9,,,,1,2013,1326.0,5745,4,1,,44,6,3.0,4.0,6.0
5745,1,12,7,15,13,2,99,1,26,9,,,,1,2013,1326.0,5746,4,1,,30,4,9.0,2.0,4.0
5746,1,12,7,20,15,2,99,1,36,9,,,,1,2013,1501.0,5747,6,1,,22,4,6.0,3.0,4.0
5747,1,12,7,20,15,2,99,1,28,9,,,,1,2013,1501.0,5748,4,1,,99,6,3.0,99.0,6.0
5748,1,12,7,7,17,2,99,1,37,9,,,,1,2013,1710.0,5749,6,1,,99,6,4.0,1.0,6.0
5749,1,12,7,7,17,2,99,1,18,9,,,,1,2013,1710.0,5750,2,1,,21,5,4.0,1.0,5.0
5750,2,12,1,19,1,1,6,1,37,9,,,,1,2013,101.0,5751,6,1,,44,3,3.0,4.0,3.0
5751,2,12,1,19,1,1,6,1,38,9,,,,1,2013,101.0,5752,6,1,,4,4,1.0,11.0,4.0
5752,2,12,1,22,1,1,12,1,22,9,,,,1,2013,101.0,5753,3,1,,46,6,1.0,2.0,6.0
5753,2,12,1,22,1,1,12,1,999,9,,,,1,2013,101.0,5754,11,9,,34,6,1.0,5.0,6.0
5754,2,12,1,3,1,1,5,1,43,9,,,,2,2013,108.0,5755,7,1,,21,4,1.0,3.0,4.0
5755,2,12,1,19,5,2,99,1,32,9,,,,1,2013,501.0,5756,5,1,,21,3,1.0,5.0,3.0
5756,2,12,1,19,5,2,99,1,39,9,,,,1,2013,501.0,5757,6,1,,36,6,4.0,5.0,6.0
5757,2,12,1,23,5,2,99,1,35,9,,,,1,2013,501.0,5758,6,1,,44,6,3.0,99.0,6.0
5758,2,12,1,23,5,2,99,1,999,9,,,,1,2013,501.0,5759,11,9,,99,6,15.0,2.0,6.0
5759,2,12,1,0,11,2,99,1,38,9,,,,1,2013,1101.0,5760,6,1,,2,5,4.0,1.0,5.0
5760,2,12,1,0,11,2,99,1,18,9,,,,1,2013,1101.0,5761,2,1,,99,6,4.0,99.0,6.0
5761,2,12,1,2,9,2,99,1,27,9,,,,1,2013,901.0,5762,4,1,,32,6,1.0,4.0,6.0
5762,2,12,1,2,9,2,99,1,28,9,,,,1,2013,901.0,5763,4,1,,42,6,4.0,5.0,6.0
5763,2,12,1,18,16,2,99,1,25,9,,,,1,2013,1603.0,5764,4,1,,44,2,3.0,2.0,2.0
5764,2,12,1,18,16,2,99,1,46,9,,,,1,2013,1603.0,5765,8,1,,13,4,2.0,9.0,4.0
5765,3,12,2,21,1,1,2,1,30,9,,,,1,2013,101.0,5766,5,1,,32,6,3.0,3.0,6.0
5766,3,12,2,21,1,1,2,1,36,9,,,,1,2013,101.0,5767,6,1,,37,6,1.0,7.0,6.0
5767,3,12,2,23,1,1,1,2,50,9,,,,1,2013,101.0,5768,9,1,,99,4,1.0,4.0,4.0
5768,3,12,2,23,1,1,1,1,23,9,,,,1,2013,101.0,5769,3,1,,20,4,1.0,2.0,4.0
5769,3,12,2,11,1,1,9,1,60,9,,,,1,2013,101.0,5770,10,1,,23,3,3.0,2.0,3.0
5770,3,12,2,11,1,1,9,1,58,9,,,,1,2013,101.0,5771,10,1,,21,6,4.0,1.0,6.0
5771,3,12,2,18,1,1,6,2,41,9,,,,1,2013,101.0,5772,7,1,,13,5,9.0,4.0,5.0
5772,3,12,2,18,1,1,6,1,19,9,,,,1,2013,101.0,5773,2,1,,2,5,4.0,1.0,5.0
5773,3,12,2,20,1,1,4,2,64,9,,,,1,2013,108.0,5774,10,1,,37,4,1.0,6.0,4.0
5774,3,12,2,20,1,1,4,1,28,9,,,,1,2013,108.0,5775,4,1,,2,6,4.0,5.0,6.0
5775,3,12,2,6,20,2,99,1,47,9,,,,3,2013,2011.0,5776,8,1,,44,6,3.0,99.0,6.0
5776,3,12,2,18,9,2,99,1,42,9,,,,1,2013,904.0,5777,7,1,,99,6,99.0,99.0,6.0
5777,3,12,2,18,9,2,99,1,999,9,,,,1,2013,904.0,5778,11,1,,46,6,1.0,99.0,6.0
5778,3,12,2,21,14,2,99,1,33,9,,,,1,2013,1401.0,5779,5,1,,44,3,1.0,3.0,3.0
5779,3,12,2,21,14,2,99,1,21,9,,,,1,2013,1401.0,5780,3,1,,5,5,11.0,2.0,5.0
5780,3,12,2,17,7,2,99,1,999,9,,,,3,2013,706.0,5781,11,1,,23,6,3.0,11.0,6.0
5781,4,12,3,1,1,1,10,1,33,9,,,,1,2013,101.0,5782,5,1,,46,5,1.0,4.0,5.0
5782,4,12,3,1,1,1,10,1,34,9,,,,1,2013,101.0,5783,5,1,,99,6,4.0,2.0,6.0
5783,4,12,3,6,1,2,99,1,23,9,,,,2,2013,110.0,5784,3,1,,99,6,4.0,5.0,6.0
5784,4,12,3,11,22,2,99,1,51,9,,,,1,2013,2201.0,5785,9,1,,18,6,5.0,2.0,6.0
5785,4,12,3,11,22,2,99,1,999,9,,,,1,2013,2201.0,5786,11,1,,15,6,6.0,3.0,6.0
5786,4,12,3,19,9,1,3,1,47,9,,,,2,2013,901.0,5787,8,1,,44,4,3.0,2.0,4.0
5787,4,12,3,19,14,2,99,1,60,9,,,,2,2013,1420.0,5788,10,1,,44,6,3.0,5.0,6.0
5788,5,12,4,0,1,1,4,1,21,2,,,,2,2013,108.0,5789,3,1,,44,4,3.0,1.0,4.0
5789,5,12,4,18,22,2,99,1,25,1,,,,2,2013,2203.0,5790,4,1,,99,5,4.0,1.0,5.0
5790,5,12,4,8,20,2,99,1,36,1,,,,1,2013,2001.0,5791,6,1,,23,5,3.0,2.0,5.0
5791,5,12,4,8,20,2,99,2,38,1,,,,1,2013,2001.0,5792,6,1,,31,6,4.0,5.0,6.0
5792,5,12,4,0,10,2,99,1,28,1,,,,2,2013,1004.0,5793,4,1,,21,4,1.0,4.0,4.0
5793,5,12,4,18,9,1,99,1,34,1,,,,1,2013,920.0,5794,5,1,,44,2,3.0,11.0,2.0
5794,5,12,4,18,9,1,99,1,51,1,,,,1,2013,920.0,5795,9,1,,21,5,4.0,5.0,5.0
5795,5,12,4,21,13,1,11,1,51,2,,,,1,2013,1301.0,5796,9,1,,44,3,2.0,2.0,3.0
5796,5,12,4,21,13,1,11,1,30,1,,,,1,2013,1301.0,5797,5,1,,99,4,1.0,11.0,4.0
5797,5,12,4,9,18,1,99,1,60,1,,,,1,2013,1804.0,5798,10,1,,99,6,3.0,99.0,6.0
5798,6,12,5,0,1,1,1,1,30,1,,,,1,2013,101.0,5799,5,1,,37,6,1.0,1.0,6.0
5799,6,12,5,0,1,1,1,1,42,1,,,,1,2013,101.0,5800,7,1,,44,3,1.0,6.0,3.0
5800,6,12,5,13,1,1,2,1,64,2,,,,1,2013,106.0,5801,10,1,,32,4,1.0,5.0,4.0
5801,6,12,5,13,1,1,2,9,999,2,,,,1,2013,106.0,5802,11,1,,44,4,1.0,9.0,4.0
5802,6,12,5,22,1,1,6,1,47,2,,,,1,2013,101.0,5803,8,1,,30,4,2.0,2.0,4.0
5803,6,12,5,22,1,1,6,1,27,1,,,,1,2013,105.0,5804,4,1,,46,3,1.0,3.0,3.0
5804,6,12,5,22,1,2,99,1,25,2,,,,1,2013,105.0,5805,4,1,,44,6,3.0,9.0,6.0
5805,6,12,5,22,1,2,99,1,999,1,,,,1,2013,105.0,5806,11,1,,44,6,2.0,11.0,6.0
5806,6,12,5,22,1,2,99,1,999,1,,,,1,2013,105.0,5807,11,1,,32,6,1.0,3.0,6.0
5807,6,12,5,20,1,2,99,1,20,1,,,,2,2013,109.0,5808,3,1,,32,6,1.0,2.0,6.0
5808,6,12,5,16,21,2,99,9,999,9,,,,2,2013,2104.0,5809,11,1,,99,6,3.0,99.0,6.0
5809,6,12,5,0,19,1,99,1,46,9,,,,1,2013,1901.0,5810,8,1,,99,4,4.0,5.0,4.0
5810,6,12,5,0,19,1,99,1,55,9,,,,1,2013,1901.0,5811,10,1,,99,6,4.0,1.0,6.0
5811,6,12,5,16,5,1,99,1,66,9,,,,1,2013,501.0,5812,10,1,,37,3,3.0,5.0,3.0
5812,6,12,5,16,5,2,99,1,37,9,,,,1,2013,502.0,5813,6,1,,21,6,4.0,1.0,6.0
5813,6,12,5,22,9,1,1,1,47,2,,,,2,2013,901.0,5814,8,1,,23,3,2.0,5.0,3.0
5814,6,12,5,11,9,2,99,1,40,9,,,,1,2013,921.0,5815,7,1,,44,4,9.0,3.0,4.0
5815,6,12,5,11,9,2,99,1,18,9,,,,1,2013,921.0,5816,2,1,,44,4,2.0,2.0,4.0
5816,6,12,5,10,12,2,99,1,45,9,,,,2,2013,1222.0,5817,8,1,,37,2,3.0,2.0,2.0
5817,6,12,5,14,16,2,99,1,20,9,,,,2,2013,1615.0,5818,3,1,,37,6,4.0,1.0,6.0
5818,6,12,5,19,2,2,99,1,21,9,,,,1,2013,203.0,5819,3,1,,44,6,1.0,2.0,6.0
5819,6,12,5,19,2,2,99,1,36,9,,,,1,2013,203.0,5820,6,1,,31,6,4.0,3.0,6.0
5820,6,12,5,19,18,2,99,1,37,9,,,,1,2013,1804.0,5821,6,1,,44,4,2.0,4.0,4.0
5821,6,12,5,19,18,2,99,1,52,9,,,,1,2013,1804.0,5822,9,1,,22,3,6.0,2.0,3.0
5822,6,12,5,17,3,2,99,1,30,9,,,,1,2013,306.0,5823,5,1,,99,6,5.0,99.0,6.0
5823,6,12,5,17,3,2,99,1,30,9,,,,1,2013,306.0,5824,5,1,,30,5,5.0,99.0,5.0
5824,6,12,5,17,3,2,99,9,999,9,,,,1,2013,306.0,5825,11,1,,22,6,6.0,5.0,6.0
5825,6,12,5,17,3,2,99,1,41,9,,,,1,2013,309.0,5826,7,1,,99,6,12.0,99.0,6.0
5826,6,12,5,9,1,1,7,1,26,9,,,,1,2013,101.0,5827,4,1,,21,6,1.0,6.0,6.0
5827,6,12,5,9,1,1,7,1,32,9,,,,1,2013,101.0,5828,5,1,,41,6,4.0,1.0,6.0
5828,7,12,6,4,1,1,1,1,31,2,,,,1,2013,101.0,5829,5,1,,44,4,1.0,5.0,4.0
5829,7,12,6,4,1,1,1,1,30,1,,,,1,2013,101.0,5830,5,1,,44,3,9.0,6.0,3.0
5830,7,12,6,14,1,1,1,1,23,1,,,,1,2013,101.0,5831,3,1,,21,4,1.0,3.0,4.0
5831,7,12,6,14,1,1,1,1,19,1,,,,1,2013,101.0,5832,2,1,,2,4,4.0,5.0,4.0
5832,7,12,6,23,1,1,8,1,22,9,,,,2,2013,101.0,5833,3,1,,2,6,4.0,5.0,6.0
5833,7,12,6,1,1,1,13,1,30,9,,,,2,2013,101.0,5834,5,1,,99,6,2.0,99.0,6.0
5834,7,12,6,21,1,1,7,1,62,1,,,,1,2013,101.0,5835,10,1,,37,2,3.0,8.0,2.0
5835,7,12,6,21,1,1,7,2,27,1,,,,1,2013,101.0,5836,4,1,,38,4,1.0,4.0,4.0
5836,7,12,6,21,1,1,7,1,44,1,,,,1,2013,101.0,5837,7,1,,99,3,1.0,5.0,3.0
5837,7,12,6,21,1,1,7,1,30,1,,,,1,2013,101.0,5838,5,1,,99,6,1.0,99.0,6.0
5838,7,12,6,4,1,1,99,9,999,9,,,,1,2013,115.0,5839,11,1,,44,6,1.0,5.0,6.0
5839,7,12,6,0,1,1,19,1,44,2,,,,1,2013,101.0,5840,7,1,,34,4,3.0,6.0,4.0
5840,7,12,6,0,1,1,19,1,49,1,,,,1,2013,101.0,5841,8,1,,44,3,1.0,2.0,3.0
5841,7,12,6,7,20,1,1,1,25,2,,,,1,2013,2001.0,5842,4,1,,42,6,4.0,4.0,6.0
5842,7,12,6,7,20,1,1,1,30,1,,,,1,2013,2001.0,5843,5,1,,15,3,6.0,2.0,3.0
5843,7,12,6,22,20,2,99,1,68,9,,,,3,2013,2001.0,5844,10,1,,99,6,4.0,99.0,6.0
5844,7,12,6,13,5,2,99,1,50,9,,,,1,2013,503.0,5845,9,1,,44,6,3.0,4.0,6.0
5845,7,12,6,13,5,2,99,1,25,9,,,,1,2013,503.0,5846,4,1,,2,6,4.0,99.0,6.0
5846,7,12,6,16,5,1,99,1,25,2,,,,1,2013,509.0,5847,4,1,,13,4,3.0,2.0,4.0
5847,7,12,6,16,5,1,99,1,37,1,,,,1,2013,509.0,5848,6,1,,44,4,1.0,4.0,4.0
5848,7,12,6,17,5,2,99,1,999,9,,,,1,2013,508.0,5849,11,1,,99,6,99.0,99.0,6.0
5849,7,12,6,9,9,2,99,1,25,1,,,,1,2013,917.0,5850,4,1,,30,4,5.0,2.0,4.0
5850,7,12,6,9,9,2,99,1,18,1,,,,1,2013,917.0,5851,2,1,,44,3,3.0,7.0,3.0
5851,7,12,6,19,9,2,1,1,30,2,,,,1,2013,923.0,5852,5,1,,44,2,3.0,3.0,2.0
5852,7,12,6,19,9,2,1,2,30,1,,,,1,2013,923.0,5853,5,1,,46,4,1.0,3.0,4.0
5853,7,12,6,3,9,2,99,1,38,1,,,,1,2013,917.0,5854,6,1,,99,2,7.0,99.0,2.0
5854,7,12,6,3,9,2,99,1,25,9,,,,1,2013,917.0,5855,4,1,,44,6,3.0,4.0,6.0
5855,7,12,6,18,12,1,3,1,46,9,,,,1,2013,1214.0,5856,8,1,,44,4,9.0,2.0,4.0
5856,7,12,6,18,12,1,3,1,27,9,,,,1,2013,1214.0,5857,4,1,,37,4,3.0,6.0,4.0
5857,7,12,6,20,2,2,99,1,25,2,,,,1,2013,203.0,5858,4,1,,44,3,3.0,1.0,3.0
5858,7,12,6,20,2,2,99,1,21,1,,,,1,2013,203.0,5859,3,1,,99,6,4.0,99.0,6.0
5859,7,12,6,14,18,2,99,1,999,1,,,,1,2013,1805.0,5860,11,1,,44,6,3.0,5.0,6.0
5860,7,12,6,14,18,2,99,1,999,1,,,,1,2013,1805.0,5861,11,1,,99,3,6.0,2.0,3.0
5861,7,12,6,19,18,2,99,1,17,9,,,,1,2013,1804.0,5862,2,2,,99,6,4.0,99.0,6.0
5862,7,12,6,19,18,2,99,1,999,9,,,,1,2013,1804.0,5863,11,1,,99,6,3.0,6.0,6.0
5863,7,12,6,22,17,2,99,1,999,9,,,,1,2013,1703.0,5864,11,1,,99,6,3.0,99.0,6.0
5864,7,12,6,22,17,2,99,1,999,9,,,,1,2013,1703.0,5865,11,1,,99,6,4.0,99.0,6.0
5865,7,12,6,10,14,2,99,1,62,1,,,,3,2013,1401.0,5866,10,1,,44,4,3.0,2.0,4.0
5866,8,12,7,3,1,1,9,1,28,1,,,,1,2013,101.0,5867,4,1,,44,5,3.0,5.0,5.0
5867,8,12,7,3,1,1,9,1,36,9,,,,1,2013,101.0,5868,6,1,,14,6,4.0,5.0,6.0
5868,8,12,7,15,1,1,3,1,27,1,,,,1,2013,101.0,5869,4,1,,44,3,1.0,5.0,3.0
5869,8,12,7,15,1,1,3,1,34,1,,,,1,2013,101.0,5870,5,1,,21,4,4.0,1.0,4.0
5870,8,12,7,9,1,1,9,1,999,9,,,,2,2013,101.0,5871,11,1,,99,6,12.0,1.0,6.0
5871,8,12,7,2,1,1,18,1,22,9,,,,3,2013,101.0,5872,3,1,,44,6,3.0,4.0,6.0
5872,8,12,7,0,1,1,12,2,24,2,,,,2,2013,101.0,5873,3,1,,42,6,4.0,5.0,6.0
5873,8,12,7,22,1,1,11,1,25,1,,,,1,2013,108.0,5874,4,1,,44,5,3.0,5.0,5.0
5874,8,12,7,22,1,1,11,1,52,1,,,,1,2013,108.0,5875,9,1,,20,4,1.0,2.0,4.0
5875,8,12,7,21,5,1,1,1,45,2,,,,1,2013,501.0,5876,8,1,,23,3,99.0,3.0,3.0
5876,8,12,7,21,5,1,1,2,21,1,,,,1,2013,501.0,5877,3,1,,34,3,99.0,2.0,3.0
5877,8,12,7,4,5,2,99,1,43,9,,,,1,2013,511.0,5878,7,1,,44,3,99.0,1.0,3.0
5878,8,12,7,4,5,2,99,9,999,9,,,,1,2013,511.0,5879,11,9,,37,3,99.0,5.0,3.0
5879,8,12,7,21,5,2,99,2,35,9,,,,2,2013,507.0,5880,6,1,,2,6,4.0,99.0,6.0
5880,8,12,7,10,11,2,99,1,46,9,,,,2,2013,1108.0,5881,8,1,,44,4,9.0,1.0,4.0
5881,8,12,7,0,9,1,1,1,32,2,,,,1,2013,901.0,5882,5,1,,32,4,1.0,4.0,4.0
5882,8,12,7,0,9,1,1,9,999,9,,,,1,2013,901.0,5883,11,9,,34,2,1.0,3.0,2.0
5883,8,12,7,0,9,1,1,9,999,9,,,,1,2013,901.0,5884,11,9,,9,2,1.0,10.0,2.0
5884,8,12,7,23,16,2,99,1,21,2,,,,1,2013,1601.0,5885,3,1,,44,3,2.0,11.0,3.0
5885,8,12,7,23,16,2,99,9,999,9,,,,1,2013,1601.0,5886,11,9,,99,6,3.0,6.0,6.0
5886,8,12,7,20,2,2,99,9,999,9,,,,2,2013,203.0,5887,11,9,,44,6,3.0,1.0,6.0
5887,8,12,7,2,18,2,99,1,32,2,,,,1,2013,1805.0,5888,5,1,,99,6,4.0,3.0,6.0
5888,8,12,7,2,18,2,99,1,26,2,,,,1,2013,1805.0,5889,4,1,,99,6,4.0,3.0,6.0
5889,8,12,7,21,17,2,99,1,27,9,,,,1,2013,1703.0,5890,4,1,,44,2,3.0,3.0,2.0
5890,8,12,7,21,17,2,99,1,999,9,,,,1,2013,1703.0,5891,11,1,,99,6,4.0,99.0,6.0
5891,8,12,7,23,14,2,99,9,999,9,,,,3,2013,1416.0,5892,11,9,,99,6,14.0,1.0,6.0
5892,8,12,7,19,14,2,99,1,999,9,,,,3,2013,1413.0,5893,11,1,,19,6,5.0,2.0,6.0
5893,8,12,7,18,3,2,99,1,31,2,,,,2,2013,303.0,5894,5,1,,99,6,4.0,1.0,6.0
5894,9,12,1,23,2,2,99,1,19,1,,,,1,2013,203.0,5895,2,1,,99,6,4.0,3.0,6.0
5895,9,12,1,23,2,2,99,1,33,1,,,,1,2013,203.0,5896,5,1,,22,6,6.0,1.0,6.0
5896,9,12,1,21,1,1,1,1,26,1,,,,1,2013,101.0,5897,4,1,,20,6,1.0,2.0,6.0
5897,9,12,1,18,6,1,99,1,31,1,,,,3,2013,601.0,5898,5,1,,44,2,3.0,9.0,2.0
5898,9,12,1,21,5,2,99,9,999,1,,,,3,2013,502.0,5899,11,1,,99,6,9.0,99.0,6.0
5899,9,12,1,0,13,1,99,1,27,1,,,,1,2013,1301.0,5900,4,1,,13,3,3.0,6.0,3.0
5900,9,12,1,0,13,1,99,1,50,1,,,,1,2013,1301.0,5901,9,1,,99,4,4.0,1.0,4.0
5901,9,12,1,15,16,2,99,1,27,1,,,,1,2013,1616.0,5902,4,1,,20,4,5.0,2.0,4.0
5902,9,12,1,15,16,2,99,1,21,1,,,,1,2013,1616.0,5903,3,1,,21,5,4.0,4.0,5.0
5903,9,12,1,21,17,2,99,1,999,9,,,,1,2013,1709.0,5904,11,1,,99,6,3.0,2.0,6.0
5904,9,12,1,21,17,2,99,1,999,9,,,,1,2013,1709.0,5905,11,1,,99,6,4.0,99.0,6.0
5905,10,12,2,7,1,1,18,1,999,9,,,,1,2013,101.0,5906,11,1,,99,6,5.0,99.0,6.0
5906,10,12,2,7,1,1,18,1,30,9,,,,1,2013,101.0,5907,5,1,,2,4,4.0,5.0,4.0
5907,10,12,2,9,1,1,7,2,26,9,,,,1,2013,101.0,5908,4,1,,30,4,1.0,3.0,4.0
5908,10,12,2,9,1,1,7,1,22,9,,,,1,2013,101.0,5909,3,1,,21,6,4.0,5.0,6.0
5909,10,12,2,8,1,1,1,1,27,9,,,,1,2013,108.0,5910,4,1,,14,6,4.0,5.0,6.0
5910,10,12,2,8,1,1,1,9,999,9,,,,1,2013,108.0,5911,11,9,,99,6,99.0,99.0,6.0
5911,10,12,2,15,1,1,1,1,25,9,,,,1,2013,108.0,5912,4,1,,99,6,4.0,99.0,6.0
5912,10,12,2,15,1,1,1,9,999,9,,,,1,2013,108.0,5913,11,9,,99,6,99.0,99.0,6.0
5913,10,12,2,20,19,2,99,1,29,9,,,,1,2013,1901.0,5914,4,1,,32,6,1.0,1.0,6.0
5914,10,12,2,20,19,2,99,1,25,9,,,,1,2013,1901.0,5915,4,1,,42,6,4.0,99.0,6.0
5915,10,12,2,21,5,1,1,1,52,9,,,,1,2013,501.0,5916,9,1,,44,3,99.0,2.0,3.0
5916,10,12,2,21,5,1,1,1,999,9,,,,1,2013,501.0,5917,11,1,,32,3,99.0,3.0,3.0
5917,10,12,2,6,5,2,99,1,29,9,,,,1,2013,506.0,5918,4,1,,99,6,4.0,1.0,6.0
5918,10,12,2,6,5,2,99,9,999,9,,,,1,2013,506.0,5919,11,9,,99,6,99.0,99.0,6.0
5919,10,12,2,18,6,2,99,1,43,9,,,,1,2013,609.0,5920,7,1,,99,6,5.0,9.0,6.0
5920,10,12,2,18,6,2,99,1,20,9,,,,1,2013,609.0,5921,3,1,,2,6,4.0,5.0,6.0
5921,10,12,2,4,6,2,99,1,25,2,,,,1,2013,608.0,5922,4,1,,34,6,3.0,2.0,6.0
5922,10,12,2,4,6,2,99,1,32,1,,,,1,2013,608.0,5923,5,1,,15,2,5.0,2.0,2.0
5923,10,12,2,14,12,2,99,1,19,9,,,,3,2013,1215.0,5924,2,1,,99,6,4.0,99.0,6.0
5924,10,12,2,1,18,2,99,1,22,9,,,,2,2013,1801.0,5925,3,1,,99,6,4.0,99.0,6.0
5925,10,12,2,20,17,2,99,1,25,9,,,,1,2013,1712.0,5926,4,1,,99,6,4.0,99.0,6.0
5926,10,12,2,20,17,2,99,1,999,9,,,,1,2013,1712.0,5927,11,1,,99,6,5.0,99.0,6.0
5927,10,12,2,16,17,2,99,1,23,9,,,,2,2013,1709.0,5928,3,1,,44,6,5.0,99.0,6.0
5928,10,12,2,9,7,2,99,2,34,9,,,,3,2013,701.0,5929,5,1,,44,6,2.0,99.0,6.0
5929,11,12,3,13,1,1,10,1,36,9,,,,1,2013,101.0,5930,6,1,,10,2,2.0,9.0,2.0
5930,11,12,3,13,1,1,10,1,35,9,,,,1,2013,101.0,5931,6,1,,21,5,4.0,1.0,5.0
5931,11,12,3,20,1,2,99,1,999,9,,,,3,2013,109.0,5932,11,9,,20,5,1.0,2.0,5.0
5932,11,12,3,7,5,2,99,1,53,9,,,,1,2013,502.0,5933,9,1,,19,3,5.0,2.0,3.0
5933,11,12,3,7,5,2,99,1,25,9,,,,1,2013,502.0,5934,4,1,,21,6,4.0,4.0,6.0
5934,11,12,3,19,12,2,99,1,999,9,,,,1,2013,1201.0,5935,11,9,,20,6,1.0,99.0,6.0
5935,11,12,3,19,12,2,99,1,21,9,,,,1,2013,1201.0,5936,3,1,,41,6,4.0,99.0,6.0
5936,11,12,3,11,13,2,99,1,30,9,,,,1,2013,1301.0,5937,5,1,,33,2,12.0,2.0,2.0
5937,11,12,3,11,13,2,99,1,16,9,,,,1,2013,1301.0,5938,2,2,,31,4,4.0,6.0,4.0
5938,11,12,3,15,16,2,99,1,35,9,,,,3,2013,1604.0,5939,6,1,,2,4,4.0,1.0,4.0
5939,11,12,3,19,16,2,99,1,25,9,,,,4,2013,1607.0,5940,4,1,,99,6,4.0,99.0,6.0
5940,11,12,3,20,15,2,99,1,52,9,,,,2,2013,1501.0,5941,9,1,,19,3,5.0,7.0,3.0
5941,11,12,3,18,7,2,99,1,47,9,,,,2,2013,701.0,5942,8,1,,44,6,3.0,3.0,6.0
5942,11,12,3,1,4,2,99,1,36,9,,,,1,2013,401.0,5943,6,1,,15,6,6.0,2.0,6.0
5943,11,12,3,1,4,2,99,1,999,9,,,,1,2013,401.0,5944,11,1,,99,6,3.0,1.0,6.0
5944,11,12,3,1,4,2,99,1,999,9,,,,1,2013,401.0,5945,11,1,,37,6,1.0,4.0,6.0
5945,12,12,4,5,1,2,18,1,15,9,,,,1,2013,101.0,5946,2,2,,32,3,9.0,2.0,3.0
5946,12,12,4,5,1,2,18,1,999,9,,,,1,2013,101.0,5947,11,1,,24,6,4.0,5.0,6.0
5947,12,12,4,23,1,1,17,1,36,9,,,,1,2013,101.0,5948,6,1,,44,6,3.0,6.0,6.0
5948,12,12,4,23,1,1,17,1,46,9,,,,1,2013,101.0,5949,8,1,,99,6,1.0,99.0,6.0
5949,12,12,4,22,1,2,99,1,42,9,,,,1,2013,116.0,5950,7,1,,99,6,1.0,99.0,6.0
5950,12,12,4,16,21,2,99,1,56,9,,,,1,2013,2101.0,5951,10,1,,44,2,3.0,2.0,2.0
5951,12,12,4,16,21,2,99,2,22,9,,,,1,2013,2101.0,5952,3,1,,40,6,4.0,7.0,6.0
5952,12,12,4,21,5,2,99,1,26,9,,,,1,2013,504.0,5953,4,1,,13,3,6.0,2.0,3.0
5953,12,12,4,21,5,2,99,1,32,9,,,,1,2013,504.0,5954,5,1,,44,3,3.0,14.0,3.0
5954,12,12,4,21,5,2,99,1,39,9,,,,1,2013,509.0,5955,6,1,,31,4,4.0,3.0,4.0
5955,12,12,4,21,5,2,99,1,999,9,,,,1,2013,509.0,5956,11,1,,99,6,99.0,99.0,6.0
5956,12,12,4,11,5,2,99,1,17,9,,,,1,2013,502.0,5957,2,2,,5,5,11.0,2.0,5.0
5957,12,12,4,11,5,2,99,1,21,9,,,,1,2013,502.0,5958,3,1,,2,6,4.0,5.0,6.0
5958,12,12,4,17,6,2,99,1,29,9,,,,3,2013,601.0,5959,4,1,,44,6,3.0,9.0,6.0
5959,12,12,4,5,11,2,99,1,55,9,,,,2,2013,1103.0,5960,10,1,,99,4,12.0,2.0,4.0
5960,12,12,4,21,9,2,99,1,28,9,,,,1,2013,919.0,5961,4,1,,44,6,3.0,6.0,6.0
5961,12,12,4,21,9,2,99,1,41,9,,,,1,2013,919.0,5962,7,1,,44,6,3.0,1.0,6.0
5962,12,12,4,23,12,2,99,1,27,9,,,,1,2013,1226.0,5963,4,1,,21,6,4.0,2.0,6.0
5963,12,12,4,23,12,2,99,1,17,9,,,,1,2013,1226.0,5964,2,2,,44,6,1.0,99.0,6.0
5964,12,12,4,22,15,2,99,1,30,9,,,,1,2013,1501.0,5965,5,1,,44,6,3.0,5.0,6.0
5965,12,12,4,22,15,2,99,1,25,9,,,,1,2013,1501.0,5966,4,1,,34,4,1.0,9.0,4.0
5966,12,12,4,16,18,2,99,1,26,9,,,,1,2013,1803.0,5967,4,1,,37,4,1.0,3.0,4.0
5967,12,12,4,16,18,2,99,1,17,9,,,,1,2013,1803.0,5968,2,2,,2,5,4.0,5.0,5.0
5968,12,12,4,22,18,2,99,1,18,9,,,,1,2013,1801.0,5969,2,1,,99,6,4.0,99.0,6.0
5969,12,12,4,22,18,2,99,1,37,9,,,,1,2013,1801.0,5970,6,1,,15,6,6.0,99.0,6.0
5970,12,12,4,15,14,2,99,1,35,9,,,,3,2013,1404.0,5971,6,1,,44,4,9.0,2.0,4.0
5971,12,12,4,15,7,2,99,1,44,9,,,,1,2013,704.0,5972,7,1,,99,6,1.0,11.0,6.0
5972,12,12,4,23,7,2,99,1,36,9,,,,1,2013,704.0,5973,6,1,,99,6,6.0,99.0,6.0
5973,12,12,4,23,7,2,99,1,999,9,,,,1,2013,704.0,5974,11,9,,44,6,2.0,99.0,6.0
5974,13,12,5,3,1,1,3,1,28,9,,,,1,2013,101.0,5975,4,1,,32,3,3.0,2.0,3.0
5975,13,12,5,3,1,1,3,1,36,9,,,,1,2013,101.0,5976,6,1,,20,6,1.0,2.0,6.0
5976,13,12,5,3,1,1,3,1,30,9,,,,1,2013,101.0,5977,5,1,,32,6,1.0,5.0,6.0
5977,13,12,5,15,1,1,6,1,22,9,,,,1,2013,101.0,5978,3,1,,99,6,4.0,5.0,6.0
5978,13,12,5,15,1,1,6,1,23,9,,,,1,2013,101.0,5979,3,1,,42,6,4.0,3.0,6.0
5979,13,12,5,5,1,1,5,1,39,9,,,,1,2013,101.0,5980,6,1,,34,5,9.0,11.0,5.0
5980,13,12,5,5,1,1,5,1,33,9,,,,1,2013,101.0,5981,5,1,,44,6,1.0,4.0,6.0
5981,13,12,5,1,1,1,12,1,33,9,,,,1,2013,101.0,5982,5,1,,21,3,1.0,3.0,3.0
5982,13,12,5,1,1,1,12,1,53,9,,,,1,2013,101.0,5983,9,1,,99,6,99.0,99.0,6.0
5983,13,12,5,15,1,1,5,1,65,9,,,,1,2013,115.0,5984,10,1,,46,6,1.0,8.0,6.0
5984,13,12,5,15,1,1,5,1,70,9,,,,1,2013,115.0,5985,10,1,,44,6,3.0,2.0,6.0
5985,13,12,5,21,1,1,5,1,21,9,,,,1,2013,108.0,5986,3,1,,17,3,1.0,4.0,3.0
5986,13,12,5,21,1,1,5,1,23,9,,,,1,2013,108.0,5987,3,1,,41,6,4.0,3.0,6.0
5987,13,12,5,17,20,1,1,1,46,9,,,,1,2013,2001.0,5988,8,1,,21,6,1.0,6.0,6.0
5988,13,12,5,17,20,1,1,1,20,9,,,,1,2013,2001.0,5989,3,1,,42,6,4.0,8.0,6.0
5989,13,12,5,17,20,2,99,1,32,9,,,,1,2013,2009.0,5990,5,1,,44,4,9.0,2.0,4.0
5990,13,12,5,17,20,2,99,1,24,9,,,,1,2013,2009.0,5991,3,1,,42,6,4.0,5.0,6.0
5991,13,12,5,2,19,2,99,1,39,9,,,,2,2013,1905.0,5992,6,1,,34,4,9.0,2.0,4.0
5992,13,12,5,14,5,2,99,1,999,9,,,,1,2013,501.0,5993,11,1,,44,6,1.0,11.0,6.0
5993,13,12,5,14,5,2,99,2,19,9,,,,1,2013,501.0,5994,2,1,,42,6,4.0,1.0,6.0
5994,13,12,5,11,6,2,99,1,29,9,,,,3,2013,603.0,5995,4,1,,22,4,5.0,6.0,4.0
5995,13,12,5,1,10,2,99,1,25,9,,,,1,2013,1004.0,5996,4,1,,13,5,3.0,4.0,5.0
5996,13,12,5,1,10,2,99,1,999,9,,,,1,2013,1004.0,5997,11,1,,23,4,2.0,5.0,4.0
5997,13,12,5,1,9,2,99,1,28,9,,,,1,2013,901.0,5998,4,1,,34,6,3.0,2.0,6.0
5998,13,12,5,1,9,2,99,1,25,9,,,,1,2013,901.0,5999,4,1,,21,6,1.0,4.0,6.0
5999,13,12,5,14,9,2,99,1,52,9,,,,1,2013,920.0,6000,9,1,,44,6,2.0,2.0,6.0
6000,13,12,5,14,9,2,99,1,57,9,,,,1,2013,920.0,6001,10,1,,99,6,99.0,4.0,6.0
6001,13,12,5,18,9,2,99,1,47,9,,,,1,2013,921.0,6002,8,1,,44,6,3.0,1.0,6.0
6002,13,12,5,18,9,2,99,1,24,9,,,,1,2013,921.0,6003,3,1,,99,6,4.0,99.0,6.0
6003,13,12,5,18,9,2,99,1,999,9,,,,1,2013,921.0,6004,11,1,,13,6,2.0,99.0,6.0
6004,13,12,5,17,13,2,99,1,999,9,,,,3,2013,1301.0,6005,11,1,,99,6,3.0,99.0,6.0
6005,14,12,6,4,1,1,1,1,29,9,,,,1,2013,101.0,6006,4,1,,8,6,1.0,11.0,6.0
6006,14,12,6,4,1,1,1,1,999,9,,,,1,2013,101.0,6007,11,1,,44,6,1.0,4.0,6.0
6007,14,12,6,18,1,1,9,1,42,9,,,,1,2013,101.0,6008,7,1,,21,6,1.0,5.0,6.0
6008,14,12,6,18,1,1,9,1,33,9,,,,1,2013,101.0,6009,5,1,,20,4,1.0,2.0,4.0
6009,14,12,6,3,1,1,17,1,23,9,,,,1,2013,101.0,6010,3,1,,44,6,1.0,2.0,6.0
6010,14,12,6,3,1,1,17,1,33,9,,,,1,2013,101.0,6011,5,1,,4,6,1.0,5.0,6.0
6011,14,12,6,22,1,1,10,1,43,9,,,,1,2013,101.0,6012,7,1,,21,2,1.0,4.0,2.0
6012,14,12,6,22,1,1,10,1,19,9,,,,1,2013,101.0,6013,2,1,,37,4,4.0,3.0,4.0
6013,14,12,6,2,1,1,12,1,51,9,,,,1,2013,101.0,6014,9,1,,44,4,1.0,6.0,4.0
6014,14,12,6,2,1,1,12,1,999,9,,,,1,2013,101.0,6015,11,1,,20,4,1.0,5.0,4.0
6015,14,12,6,11,22,2,99,1,35,9,,,,3,2013,2201.0,6016,6,1,,44,4,9.0,1.0,4.0
6016,14,12,6,22,22,2,99,1,58,9,,,,3,2013,2201.0,6017,10,1,,36,6,4.0,1.0,6.0
6017,14,12,6,22,5,2,99,1,20,9,,,,1,2013,501.0,6018,3,1,,34,4,1.0,3.0,4.0
6018,14,12,6,22,5,2,99,1,31,9,,,,1,2013,501.0,6019,5,1,,99,6,1.0,4.0,6.0
6019,14,12,6,14,5,2,99,1,21,9,,,,1,2013,509.0,6020,3,1,,34,4,3.0,4.0,4.0
6020,14,12,6,14,5,2,99,1,29,9,,,,1,2013,509.0,6021,4,1,,44,5,3.0,4.0,2014.0
6021,14,12,6,14,5,2,99,1,38,9,,,,1,2013,509.0,6022,6,1,,44,2,3.0,3.0,2.0
6022,14,12,6,19,5,2,99,1,35,9,,,,1,2013,501.0,6023,6,1,,99,6,4.0,7.0,6.0
6023,14,12,6,19,5,2,99,1,32,9,,,,1,2013,501.0,6024,5,1,,99,6,4.0,1.0,6.0
6024,14,12,6,14,10,2,99,1,23,9,,,,1,2013,1020.0,6025,3,1,,37,2,3.0,2.0,2.0
6025,14,12,6,14,10,2,99,1,23,9,,,,1,2013,1020.0,6026,3,1,,2,5,14.0,1.0,5.0
6026,14,12,6,17,16,2,99,1,38,9,,,,2,2013,1603.0,6027,6,1,,20,6,1.0,3.0,6.0
6027,14,12,6,5,18,2,99,1,44,9,,,,1,2013,1804.0,6028,7,1,,99,4,12.0,2.0,4.0
6028,14,12,6,5,18,2,99,1,34,9,,,,1,2013,1804.0,6029,5,1,,37,4,11.0,2.0,4.0
6029,14,12,6,5,17,2,99,1,36,2,,,,1,2013,1701.0,6030,6,1,,32,6,1.0,2.0,6.0
6030,14,12,6,5,17,2,99,1,999,9,,,,1,2013,1701.0,6031,11,1,,99,6,1.0,99.0,6.0
6031,14,12,6,5,17,2,99,1,999,9,,,,1,2013,1701.0,6032,11,1,,99,6,4.0,99.0,6.0
6032,14,12,6,14,7,2,99,1,26,9,,,,1,2013,710.0,6033,4,1,,34,4,5.0,2.0,4.0
6033,14,12,6,14,7,2,99,1,30,2,,,,1,2013,710.0,6034,5,1,,21,6,4.0,99.0,6.0
6034,14,12,6,14,4,2,99,1,31,9,,,,1,2013,406.0,6035,5,1,,99,2,3.0,1.0,2.0
6035,14,12,6,14,4,2,99,1,999,9,,,,1,2013,406.0,6036,11,1,,99,6,99.0,99.0,6.0
6036,15,12,7,3,1,1,9,1,23,2,,,,1,2013,101.0,6037,3,1,,38,4,1.0,1.0,4.0
6037,15,12,7,3,1,1,9,1,30,2,,,,1,2013,101.0,6038,5,1,,44,3,1.0,6.0,3.0
6038,15,12,7,22,1,2,99,1,59,9,,,,1,2013,105.0,6039,10,1,,99,6,12.0,3.0,6.0
6039,15,12,7,22,1,2,99,1,22,9,,,,1,2013,105.0,6040,3,1,,21,6,4.0,3.0,6.0
6040,15,12,7,6,1,2,18,1,23,9,,,,2,2013,101.0,6041,3,1,,34,6,3.0,9.0,6.0
6041,15,12,7,6,1,1,19,1,25,9,,,,2,2013,101.0,6042,4,1,,99,6,4.0,99.0,6.0
6042,15,12,7,11,22,2,99,1,52,9,,,,1,2013,2201.0,6043,9,1,,23,6,2.0,9.0,6.0
6043,15,12,7,11,22,2,99,1,22,9,,,,1,2013,2201.0,6044,3,1,,42,6,4.0,4.0,6.0
6044,15,12,7,16,22,2,99,1,999,9,,,,3,2013,2201.0,6045,11,9,,44,6,9.0,4.0,6.0
6045,15,12,7,21,5,2,99,1,33,9,,,,1,2013,501.0,6046,5,1,,24,5,4.0,1.0,5.0
6046,15,12,7,21,5,2,99,1,27,9,,,,1,2013,501.0,6047,4,1,,24,6,4.0,1.0,6.0
6047,15,12,7,4,5,2,99,1,29,9,,,,2,2013,511.0,6048,4,1,,44,3,3.0,9.0,3.0
6048,15,12,7,4,5,2,99,1,999,9,,,,2,2013,504.0,6049,11,9,,32,4,1.0,4.0,4.0
6049,15,12,7,19,5,2,99,1,34,9,,,,3,2013,501.0,6050,5,1,,42,6,4.0,4.0,6.0
6050,15,12,7,17,6,2,99,1,44,9,,,,2,2013,601.0,6051,7,1,,44,3,3.0,4.0,3.0
6051,15,12,7,16,6,2,99,1,45,9,,,,3,2013,601.0,6052,8,1,,44,6,3.0,3.0,6.0
6052,15,12,7,2,11,2,99,1,999,9,,,,2,2013,1106.0,6053,11,1,,30,6,2.0,2.0,6.0
6053,15,12,7,14,11,2,99,1,30,9,,,,1,2013,1105.0,6054,5,1,,44,6,3.0,6.0,6.0
6054,15,12,7,14,11,2,99,1,30,9,,,,1,2013,1105.0,6055,5,1,,44,3,3.0,9.0,3.0
6055,15,12,7,19,15,2,99,1,22,9,,,,2,2013,1501.0,6056,3,1,,42,6,4.0,5.0,6.0
6056,15,12,7,20,18,2,99,1,30,9,,,,2,2013,1804.0,6057,5,1,,23,3,2.0,4.0,3.0
6057,15,12,7,14,4,2,99,1,57,9,,,,1,2013,409.0,6058,10,1,,22,3,12.0,1.0,3.0
6058,15,12,7,14,4,2,99,1,999,9,,,,1,2013,409.0,6059,11,1,,44,5,9.0,2.0,5.0
6059,15,12,7,15,3,2,99,1,25,9,,,,3,2013,301.0,6060,4,1,,5,5,11.0,2.0,5.0
6060,16,12,1,16,1,1,1,1,999,1,,,,2,2013,101.0,6061,11,1,,44,6,3.0,5.0,6.0
6061,16,12,1,21,1,1,13,1,43,9,,,,1,2013,101.0,6062,7,1,,5,4,2.0,3.0,4.0
6062,16,12,1,21,1,1,13,1,36,9,,,,1,2013,101.0,6063,6,1,,37,3,1.0,6.0,3.0
6063,16,12,1,22,1,1,1,1,28,9,,,,1,2013,115.0,6064,4,1,,99,6,4.0,99.0,6.0
6064,16,12,1,22,1,1,1,9,999,9,,,,1,2013,115.0,6065,11,9,,99,6,2.0,99.0,6.0
6065,16,12,1,12,19,2,99,1,38,9,,,,1,2013,1903.0,6066,6,1,,37,6,5.0,2.0,6.0
6066,16,12,1,12,19,2,99,1,48,9,,,,1,2013,1903.0,6067,8,1,,42,6,2.0,6.0,6.0
6067,16,12,1,7,19,2,99,1,29,9,,,,3,2013,1901.0,6068,4,1,,44,3,3.0,1.0,3.0
6068,16,12,1,23,5,2,99,1,42,2,,,,2,2013,501.0,6069,7,1,,44,2,3.0,5.0,2.0
6069,16,12,1,17,6,1,99,1,45,9,,,,2,2013,601.0,6070,8,1,,99,6,3.0,99.0,6.0
6070,16,12,1,0,10,1,99,1,30,1,,,,1,2013,1004.0,6071,5,1,,15,3,6.0,5.0,3.0
6071,16,12,1,0,10,1,99,1,40,9,,,,1,2013,1004.0,6072,7,1,,44,6,3.0,1.0,6.0
6072,16,12,1,21,10,1,99,9,999,9,,,,1,2013,1004.0,6073,11,9,,99,6,99.0,1.0,6.0
6073,16,12,1,21,10,1,99,1,999,9,,,,1,2013,1004.0,6074,11,1,,2,6,4.0,3.0,6.0
6074,16,12,1,8,15,1,99,1,41,1,,,,3,2013,1503.0,6075,7,1,,44,2,3.0,99.0,2.0
6075,16,12,1,17,18,1,99,1,29,9,,,,4,2013,1804.0,6076,4,1,,4,4,1.0,2.0,4.0
6076,16,12,1,15,18,1,99,1,34,9,,,,1,2013,1801.0,6077,5,1,,34,5,1.0,4.0,5.0
6077,16,12,1,15,18,1,99,1,19,9,,,,1,2013,1801.0,6078,2,1,,42,6,4.0,4.0,6.0
6078,16,12,1,15,18,1,99,1,18,9,,,,1,2013,1801.0,6079,2,1,,42,6,4.0,99.0,6.0
6079,16,12,1,22,17,1,99,9,999,9,,,,1,2013,1703.0,6080,11,9,,99,6,99.0,99.0,6.0
6080,16,12,1,22,17,1,99,1,16,9,,,,1,2013,1703.0,6081,2,2,,99,6,4.0,99.0,6.0
6081,16,12,1,12,14,1,99,1,25,9,,,,1,2013,1416.0,6082,4,1,,44,2,3.0,1.0,2.0
6082,16,12,1,12,14,1,99,1,24,9,,,,1,2013,1416.0,6083,3,1,,21,5,4.0,4.0,5.0
6083,17,12,2,3,1,1,2,1,36,2,,,,2,2013,101.0,6084,6,1,,32,6,1.0,3.0,6.0
6084,17,12,2,23,1,1,11,1,22,2,,,,1,2013,101.0,6085,3,1,,11,2,1.0,3.0,2.0
6085,17,12,2,23,1,1,11,2,31,1,,,,1,2013,101.0,6086,5,1,,34,3,1.0,2.0,3.0
6086,17,12,2,9,1,1,6,1,45,9,,,,4,2013,108.0,6087,8,1,,10,6,4.0,5.0,6.0
6087,17,12,2,11,20,2,99,1,26,9,,,,1,2013,2001.0,6088,4,1,,40,4,4.0,99.0,4.0
6088,17,12,2,11,20,2,99,1,37,9,,,,1,2013,2001.0,6089,6,1,,21,5,4.0,99.0,5.0
6089,17,12,2,19,20,1,99,1,19,2,,,,1,2013,2004.0,6090,2,1,,2,5,14.0,5.0,5.0
6090,17,12,2,19,20,1,99,1,24,9,,,,1,2013,2004.0,6091,3,1,,42,5,4.0,5.0,5.0
6091,17,12,2,2,12,1,99,1,999,1,,,,2,2013,1201.0,6092,11,1,,44,6,3.0,5.0,6.0
6092,17,12,2,3,13,1,99,1,37,9,,,,2,2013,1312.0,6093,6,1,,13,6,1.0,6.0,6.0
6093,17,12,2,20,16,2,99,1,57,2,,,,1,2013,1601.0,6094,10,1,,13,3,3.0,3.0,3.0
6094,17,12,2,20,16,2,99,1,999,1,,,,1,2013,1601.0,6095,11,1,,13,4,2.0,2.0,4.0
6095,17,12,2,20,2,2,99,1,34,2,,,,1,2013,203.0,6096,5,1,,44,4,3.0,4.0,4.0
6096,17,12,2,20,2,2,99,1,53,1,,,,1,2013,203.0,6097,9,1,,44,4,1.0,99.0,4.0
6097,17,12,2,17,18,2,99,1,30,1,,,,1,2013,1801.0,6098,5,1,,99,5,4.0,5.0,5.0
6098,17,12,2,20,3,2,99,2,30,1,,,,1,2013,308.0,6099,5,1,,44,4,1.0,3.0,4.0
6099,17,12,2,20,3,2,99,1,51,1,,,,1,2013,308.0,6100,9,1,,2,6,4.0,3.0,6.0
6100,18,12,3,17,1,1,6,1,27,9,,,,1,2013,101.0,6101,4,1,,44,6,3.0,5.0,6.0
6101,18,12,3,17,1,1,6,1,27,2,,,,1,2013,101.0,6102,4,1,,44,3,1.0,4.0,3.0
6102,18,12,3,19,1,1,18,1,25,9,,,,1,2013,101.0,6103,4,1,,13,6,12.0,7.0,6.0
6103,18,12,3,19,1,1,18,2,34,9,,,,1,2013,101.0,6104,5,1,,44,6,2.0,1.0,6.0
6104,18,12,3,21,1,1,17,9,999,9,,,,1,2013,101.0,6105,11,9,,99,6,99.0,99.0,6.0
6105,18,12,3,21,1,1,17,1,25,9,,,,1,2013,101.0,6106,4,1,,2,6,4.0,1.0,6.0
6106,18,12,3,20,1,1,18,1,20,9,,,,1,2013,101.0,6107,3,1,,99,4,4.0,99.0,4.0
6107,18,12,3,20,1,1,18,9,999,9,,,,1,2013,101.0,6108,11,9,,99,6,2.0,3.0,6.0
6108,18,12,3,21,1,2,99,9,999,9,,,,1,2013,109.0,6109,11,9,,99,6,99.0,99.0,6.0
6109,18,12,3,21,1,2,99,1,30,9,,,,1,2013,109.0,6110,5,1,,16,6,4.0,5.0,6.0
6110,18,12,3,17,20,2,99,1,20,9,,,,2,2013,2009.0,6111,3,1,,42,6,4.0,1.0,6.0
6111,18,12,3,17,19,2,99,9,999,9,,,,3,2013,1901.0,6112,11,9,,99,6,99.0,99.0,6.0
6112,18,12,3,7,5,2,99,1,18,9,,,,3,2013,501.0,6113,2,1,,44,6,1.0,6.0,6.0
6113,18,12,3,20,10,2,99,1,37,2,,,,4,2013,1001.0,6114,6,1,,42,4,4.0,5.0,4.0
6114,18,12,3,20,10,2,99,1,16,9,,,,2,2013,1011.0,6115,2,2,,2,4,4.0,3.0,4.0
6115,18,12,3,21,11,2,99,1,49,9,,,,3,2013,1107.0,6116,8,1,,33,6,5.0,6.0,6.0
6116,18,12,3,22,2,2,99,1,56,9,,,,1,2013,203.0,6117,10,1,,22,3,99.0,14.0,3.0
6117,18,12,3,22,2,2,99,1,50,9,,,,1,2013,203.0,6118,9,1,,22,2,6.0,2.0,2.0
6118,18,12,3,22,2,2,99,1,34,9,,,,1,2013,203.0,6119,5,1,,44,6,3.0,2.0,6.0
6119,18,12,3,21,4,2,99,1,30,2,,,,1,2013,406.0,6120,5,1,,99,6,12.0,99.0,6.0
6120,18,12,3,21,4,2,99,9,999,9,,,,1,2013,406.0,6121,11,9,,99,6,12.0,99.0,6.0
6121,18,12,3,7,4,2,99,1,63,9,,,,2,2013,406.0,6122,10,1,,32,6,1.0,10.0,6.0
6122,19,12,4,2,1,1,1,1,45,2,,,,1,2013,117.0,6123,8,1,,30,5,2.0,10.0,5.0
6123,19,12,4,2,1,1,1,1,29,1,,,,1,2013,117.0,6124,4,1,,34,4,1.0,6.0,4.0
6124,19,12,4,22,1,1,2,1,31,9,,,,1,2013,108.0,6125,5,1,,42,6,4.0,1.0,6.0
6125,19,12,4,22,1,1,2,9,999,9,,,,1,2013,108.0,6126,11,9,,46,6,1.0,9.0,6.0
6126,19,12,4,22,1,2,99,1,35,2,,,,1,2013,110.0,6127,6,1,,44,2,3.0,11.0,2.0
6127,19,12,4,22,1,2,99,1,20,9,,,,1,2013,110.0,6128,3,1,,2,5,4.0,5.0,5.0
6128,19,12,4,8,21,2,99,1,35,1,,,,1,2013,2101.0,6129,6,1,,44,3,3.0,4.0,3.0
6129,19,12,4,8,21,2,99,2,31,9,,,,1,2013,2101.0,6130,5,1,,31,4,4.0,1.0,4.0
6130,19,12,4,22,21,2,99,1,26,9,,,,2,2013,2101.0,6131,4,1,,14,5,4.0,3.0,5.0
6131,19,12,4,18,19,2,99,1,52,9,,,,1,2013,1908.0,6132,9,1,,15,6,5.0,99.0,6.0
6132,19,12,4,18,19,2,99,1,25,9,,,,1,2013,1908.0,6133,4,1,,24,6,4.0,1.0,6.0
6133,19,12,4,21,5,2,99,1,19,9,,,,4,2013,501.0,6134,2,1,,42,6,4.0,5.0,6.0
6134,19,12,4,17,5,2,99,1,18,9,,,,2,2013,503.0,6135,2,1,,2,6,4.0,1.0,6.0
6135,19,12,4,6,5,2,99,1,28,9,,,,1,2013,507.0,6136,4,1,,99,6,4.0,99.0,6.0
6136,19,12,4,6,5,2,99,9,999,9,,,,1,2013,507.0,6137,11,9,,99,6,5.0,99.0,6.0
6137,19,12,4,12,10,2,99,1,18,1,,,,1,2013,1002.0,6138,2,1,,21,6,4.0,1.0,6.0
6138,19,12,4,12,10,2,99,1,21,1,,,,1,2013,1002.0,6139,3,1,,21,5,4.0,1.0,5.0
6139,19,12,4,18,11,2,99,1,38,9,,,,1,2013,1109.0,6140,6,1,,2,4,4.0,1.0,4.0
6140,19,12,4,18,11,2,99,1,50,9,,,,1,2013,1109.0,6141,9,1,,36,6,4.0,99.0,6.0
6141,19,12,4,7,12,2,99,1,24,9,,,,2,2013,1217.0,6142,3,1,,99,6,4.0,99.0,6.0
6142,19,12,4,18,12,2,99,1,999,9,,,,1,2013,1218.0,6143,11,1,,2,6,4.0,99.0,6.0
6143,19,12,4,18,12,2,99,9,999,9,,,,1,2013,1218.0,6144,11,9,,34,6,1.0,3.0,6.0
6144,19,12,4,22,16,2,99,1,27,2,,,,1,2013,1601.0,6145,4,1,,34,6,1.0,4.0,6.0
6145,19,12,4,22,16,2,99,1,999,9,,,,1,2013,1601.0,6146,11,1,,23,3,2.0,6.0,3.0
6146,19,12,4,22,16,2,99,9,999,9,,,,1,2013,1601.0,6147,11,9,,99,6,9.0,3.0,6.0
6147,19,12,4,23,2,2,99,1,999,9,,,,1,2013,207.0,6148,11,1,,99,6,6.0,99.0,6.0
6148,19,12,4,23,2,2,99,1,25,9,,,,1,2013,207.0,6149,4,1,,2,6,4.0,5.0,6.0
6149,19,12,4,12,18,2,99,1,24,9,,,,1,2013,1804.0,6150,3,1,,99,6,9.0,99.0,6.0
6150,19,12,4,12,18,2,99,9,999,9,,,,1,2013,1804.0,6151,11,9,,99,6,99.0,99.0,6.0
6151,19,12,4,21,14,1,1,1,47,9,,,,2,2013,1401.0,6152,8,1,,23,3,3.0,3.0,3.0
6152,20,12,5,15,1,2,99,1,36,9,,,,1,2013,102.0,6153,6,1,,30,5,5.0,2.0,5.0
6153,20,12,5,15,1,2,99,1,30,9,,,,1,2013,102.0,6154,5,1,,99,6,4.0,5.0,6.0
6154,20,12,5,21,1,1,5,1,38,1,,,,1,2013,101.0,6155,6,1,,24,5,4.0,5.0,2014.0
6155,20,12,5,21,1,1,5,1,38,1,,,,1,2013,101.0,6156,6,1,,99,6,1.0,2.0,6.0
6156,20,12,5,18,1,1,12,1,40,9,,,,1,2013,101.0,6157,7,1,,13,5,3.0,4.0,5.0
6157,20,12,5,18,1,1,12,1,38,9,,,,1,2013,101.0,6158,6,1,,37,5,1.0,6.0,5.0
6158,20,12,5,21,1,1,12,1,38,9,,,,1,2013,101.0,6159,6,1,,30,4,1.0,2.0,4.0
6159,20,12,5,21,1,1,12,1,38,2,,,,1,2013,101.0,6160,6,1,,24,4,4.0,5.0,4.0
6160,20,12,5,23,1,2,99,1,999,1,,,,1,2013,117.0,6161,11,1,,44,6,3.0,99.0,6.0
6161,20,12,5,23,1,2,99,1,40,1,,,,1,2013,117.0,6162,7,1,,32,4,1.0,4.0,4.0
6162,20,12,5,20,1,1,7,1,23,1,,,,1,2013,115.0,6163,3,1,,99,6,1.0,99.0,6.0
6163,20,12,5,20,1,1,7,2,29,1,,,,1,2013,115.0,6164,4,1,,99,6,1.0,99.0,6.0
6164,20,12,5,6,1,2,99,1,28,1,,,,1,2013,116.0,6165,4,1,,99,6,1.0,99.0,6.0
6165,20,12,5,6,1,2,99,1,999,1,,,,1,2013,116.0,6166,11,1,,99,6,1.0,99.0,6.0
6166,20,12,5,16,1,2,99,2,35,1,,,,2,2013,116.0,6167,6,1,,99,6,1.0,99.0,6.0
6167,20,12,5,0,21,2,99,1,25,2,,,,2,2013,2103.0,6168,4,1,,2,4,4.0,1.0,4.0
6168,20,12,5,20,20,2,99,2,42,1,,,,3,2013,2007.0,6169,7,1,,99,6,1.0,99.0,6.0
6169,20,12,5,12,5,2,99,1,999,9,,,,1,2013,504.0,6170,11,1,,99,6,1.0,99.0,6.0
6170,20,12,5,12,5,2,99,2,35,1,,,,1,2013,504.0,6171,6,1,,42,6,4.0,5.0,6.0
6171,20,12,5,19,12,2,99,1,35,1,,,,1,2013,1227.0,6172,6,1,,17,3,1.0,6.0,3.0
6172,20,12,5,0,8,2,99,1,37,1,,,,1,2013,802.0,6173,6,1,,26,4,2.0,3.0,4.0
6173,20,12,5,0,8,2,99,1,44,1,,,,1,2013,802.0,6174,7,1,,42,6,2.0,10.0,6.0
6174,20,12,5,6,16,1,5,1,38,1,,,,3,2013,1604.0,6175,6,1,,23,6,5.0,2.0,6.0
6175,20,12,5,0,18,2,99,1,26,1,,,,1,2013,1803.0,6176,4,1,,36,5,4.0,5.0,5.0
6176,20,12,5,0,18,2,99,1,33,1,,,,1,2013,1803.0,6177,5,1,,2,5,4.0,5.0,2014.0
6177,20,12,5,2,17,2,99,2,18,1,,,,3,2013,1703.0,6178,2,1,,99,6,4.0,99.0,6.0
6178,21,12,6,19,1,1,1,1,18,1,,,,1,2013,101.0,6179,2,1,,99,5,4.0,1.0,5.0
6179,21,12,6,19,1,1,1,1,32,1,,,,1,2013,101.0,6180,5,1,,21,5,4.0,5.0,5.0
6180,21,12,6,17,1,1,4,1,26,1,,,,1,2013,101.0,6181,4,1,,34,4,1.0,4.0,4.0
6181,21,12,6,17,1,1,4,1,45,1,,,,1,2013,101.0,6182,8,1,,30,4,1.0,2.0,4.0
6182,21,12,6,2,1,2,99,1,18,1,,,,3,2013,105.0,6183,2,1,,99,5,4.0,1.0,5.0
6183,21,12,6,22,1,1,18,1,32,1,,,,1,2013,101.0,6184,5,1,,21,4,1.0,7.0,4.0
6184,21,12,6,22,1,1,18,1,32,1,,,,1,2013,101.0,6185,5,1,,20,4,1.0,2.0,4.0
6185,21,12,6,18,1,1,13,1,27,1,,,,1,2013,101.0,6186,4,1,,24,6,4.0,1.0,6.0
6186,21,12,6,18,1,1,13,1,22,1,,,,1,2013,101.0,6187,3,1,,99,6,4.0,99.0,6.0
6187,21,12,6,19,10,2,99,1,22,1,,,,1,2013,1008.0,6188,3,1,,2,6,14.0,1.0,6.0
6188,21,12,6,21,10,2,99,1,28,1,,,,1,2013,1003.0,6189,4,1,,37,3,1.0,14.0,3.0
6189,21,12,6,21,10,2,99,1,20,1,,,,1,2013,1003.0,6190,3,1,,2,5,4.0,5.0,5.0
6190,21,12,6,19,12,2,99,1,47,1,,,,1,2013,1217.0,6191,8,1,,22,6,12.0,7.0,6.0
6191,21,12,6,19,12,2,99,1,33,1,,,,1,2013,1217.0,6192,5,1,,2,6,4.0,5.0,6.0
6192,21,12,6,3,3,2,99,1,24,1,,,,1,2013,308.0,6193,3,1,,99,6,5.0,7.0,6.0
6193,22,12,7,6,1,2,99,1,33,1,,,,1,2013,102.0,6194,5,1,,15,3,6.0,2.0,3.0
6194,22,12,7,6,1,2,99,1,22,1,,,,1,2013,102.0,6195,3,1,,99,4,1.0,5.0,4.0
6195,22,12,7,5,19,2,99,1,44,1,,,,1,2013,1901.0,6196,7,1,,44,3,3.0,2.0,3.0
6196,22,12,7,5,19,2,99,1,27,1,,,,1,2013,1901.0,6197,4,1,,99,6,99.0,99.0,6.0
6197,22,12,7,23,5,2,99,1,28,1,,,,1,2013,501.0,6198,4,1,,99,6,4.0,1.0,6.0
6198,22,12,7,4,5,2,99,1,19,1,,,,1,2013,513.0,6199,2,1,,42,6,4.0,1.0,6.0
6199,22,12,7,0,16,2,99,1,36,1,,,,1,2013,1601.0,6200,6,1,,39,2,1.0,4.0,2.0
6200,23,12,1,14,22,2,99,1,26,1,,,,1,2013,2212.0,6201,4,1,,37,4,3.0,4.0,4.0
6201,23,12,1,14,22,2,99,1,28,1,,,,1,2013,2212.0,6202,4,1,,44,2,3.0,11.0,2.0
6202,23,12,1,19,19,2,99,1,23,2,,,,1,2013,1901.0,6203,3,1,,21,6,4.0,4.0,6.0
6203,23,12,1,19,19,2,99,1,48,2,,,,1,2013,1901.0,6204,8,1,,42,4,4.0,5.0,4.0
6204,23,12,1,12,5,2,99,1,999,9,,,,3,2013,505.0,6205,11,1,,99,6,12.0,99.0,6.0
6205,23,12,1,18,16,2,99,1,32,1,,,,2,2013,1601.0,6206,5,1,,44,6,1.0,2.0,6.0
6206,23,12,1,5,1,1,6,1,32,1,,,,1,2013,101.0,6207,5,1,,44,4,1.0,4.0,4.0
6207,23,12,1,5,1,1,6,1,47,1,,,,1,2013,101.0,6208,8,1,,46,3,1.0,1.0,3.0
6208,23,12,1,9,1,1,18,1,28,1,,,,1,2013,101.0,6209,4,1,,38,4,1.0,5.0,4.0
6209,23,12,1,9,1,1,18,1,19,1,,,,1,2013,101.0,6210,2,1,,42,6,1.0,3.0,6.0
6210,23,12,1,13,1,2,99,1,22,1,,,,1,2013,115.0,6211,3,1,,20,4,1.0,4.0,4.0
6211,23,12,1,13,1,2,99,1,51,1,,,,1,2013,115.0,6212,9,1,,21,6,4.0,3.0,6.0
6212,23,12,1,18,1,1,1,1,27,1,,,,1,2013,101.0,6213,4,1,,34,4,1.0,4.0,4.0
6213,23,12,1,18,1,1,1,2,33,1,,,,1,2013,101.0,6214,5,1,,10,4,2.0,6.0,4.0
6214,24,12,2,23,1,1,7,1,43,2,,,,1,2013,101.0,6215,7,1,,37,3,3.0,11.0,3.0
6215,24,12,2,23,6,2,99,1,29,2,,,,2,2013,601.0,6216,4,1,,22,6,5.0,14.0,6.0
6216,24,12,2,18,6,2,99,1,23,1,,,,1,2013,601.0,6217,3,1,,99,6,4.0,99.0,6.0
6217,24,12,2,18,6,2,99,1,52,1,,,,1,2013,601.0,6218,9,1,,2,6,4.0,5.0,6.0
6218,24,12,2,7,8,2,99,1,34,1,,,,1,2013,802.0,6219,5,1,,44,4,9.0,6.0,4.0
6219,25,12,3,16,1,1,5,1,38,1,,,,1,2013,101.0,6220,6,1,,4,2,1.0,99.0,2.0
6220,25,12,3,19,1,1,4,1,32,1,,,,1,2013,101.0,6221,5,1,,44,6,3.0,1.0,6.0
6221,25,12,3,10,19,2,99,1,49,1,,,,3,2013,1901.0,6222,8,1,,42,4,4.0,3.0,4.0
6222,25,12,3,0,5,2,99,1,33,2,,,,1,2013,505.0,6223,5,1,,42,6,4.0,3.0,6.0
6223,25,12,3,15,5,2,99,1,44,1,,,,1,2013,502.0,6224,7,1,,44,6,3.0,2.0,6.0
6224,25,12,3,15,5,2,99,1,35,1,,,,1,2013,502.0,6225,6,1,,3,6,2.0,2.0,6.0
6225,25,12,3,17,6,2,99,1,25,2,,,,1,2013,601.0,6226,4,1,,21,5,4.0,4.0,5.0
6226,25,12,3,17,6,2,99,1,999,2,,,,1,2013,601.0,6227,11,1,,32,6,1.0,99.0,6.0
6227,25,12,3,5,12,2,99,1,23,2,,,,1,2013,1201.0,6228,3,1,,44,6,9.0,1.0,6.0
6228,25,12,3,5,12,2,99,1,43,2,,,,1,2013,1201.0,6229,7,1,,99,6,4.0,3.0,6.0
6229,25,12,3,15,2,2,99,1,28,2,,,,3,2013,203.0,6230,4,1,,21,2,1.0,1.0,2.0
6230,25,12,3,15,14,2,99,1,52,2,,,,3,2013,1401.0,6231,9,1,,44,6,3.0,6.0,6.0
6231,26,12,4,14,1,1,10,1,49,1,,,,1,2013,101.0,6232,8,1,,33,2,12.0,1.0,2.0
6232,26,12,4,20,1,1,11,2,39,1,,,,1,2013,101.0,6233,6,1,,44,4,2.0,4.0,4.0
6233,26,12,4,22,1,1,1,1,999,1,,,,1,2013,108.0,6234,11,1,,22,6,12.0,7.0,6.0
6234,26,12,4,8,10,2,99,1,30,1,,,,1,2013,1013.0,6235,5,1,,32,6,1.0,4.0,6.0
6235,26,12,4,8,10,2,99,1,37,1,,,,1,2013,1013.0,6236,6,1,,44,6,3.0,2.0,6.0
6236,26,12,4,11,17,1,99,1,35,1,,,,2,2013,1701.0,6237,6,1,,44,6,3.0,4.0,6.0
6237,27,12,5,11,1,1,1,1,49,1,,,,1,2013,101.0,6238,8,1,,44,4,2.0,11.0,4.0
6238,27,12,5,19,10,2,99,1,45,1,,,,1,2013,1010.0,6239,8,1,,5,2,2.0,10.0,2.0
6239,27,12,5,22,18,2,99,1,40,1,,,,1,2013,1801.0,6240,7,1,,5,6,4.0,99.0,6.0
6240,27,12,5,22,18,2,99,2,19,1,,,,2,2013,1801.0,6241,2,1,,44,4,2.0,4.0,4.0
6241,27,12,5,13,1,1,13,1,53,1,,,,1,2013,101.0,6242,9,1,,20,4,1.0,2.0,4.0
6242,27,12,5,0,1,1,12,1,21,1,,,,2,2013,101.0,6243,3,1,,21,5,4.0,5.0,5.0
6243,27,12,5,21,19,2,99,1,28,1,,,,1,2013,1904.0,6244,4,1,,13,3,5.0,1.0,3.0
6244,27,12,5,1,4,2,99,1,33,1,,,,1,2013,415.0,6245,5,1,,99,6,3.0,99.0,6.0
6245,28,12,6,20,5,2,99,1,47,1,,,,2,2013,504.0,6246,8,1,,23,3,5.0,2.0,3.0
6246,28,12,6,20,5,2,99,1,46,1,,,,2,2013,504.0,6247,8,1,,24,5,4.0,5.0,5.0
6247,28,12,6,15,6,2,99,2,44,1,,,,1,2013,606.0,6248,7,1,,34,6,1.0,9.0,6.0
6248,28,12,6,15,6,2,99,1,35,1,,,,1,2013,606.0,6249,6,1,,37,5,3.0,6.0,5.0
6249,28,12,6,10,12,2,99,1,999,1,,,,3,2013,1201.0,6250,11,1,,44,6,3.0,4.0,6.0
6250,28,12,6,22,12,1,99,1,27,1,,,,2,2013,1201.0,6251,4,1,,99,6,1.0,99.0,6.0
6251,28,12,6,16,3,1,99,1,29,1,,,,1,2013,308.0,6252,4,1,,99,6,5.0,99.0,6.0
6252,28,12,6,16,3,1,99,1,40,1,,,,1,2013,308.0,6253,7,1,,21,6,1.0,4.0,6.0
6253,28,12,6,19,16,1,99,9,999,1,,,,1,2013,1613.0,6254,11,1,,44,4,3.0,6.0,4.0
6254,28,12,6,19,16,1,99,1,23,1,,,,1,2013,1613.0,6255,3,1,,21,6,4.0,99.0,6.0
6255,28,12,6,16,1,1,1,1,38,1,,,,1,2013,108.0,6256,6,1,,37,2,3.0,16.0,2.0
6256,28,12,6,16,1,1,1,1,79,1,,,,1,2013,108.0,6257,10,1,,20,4,9.0,11.0,4.0
6257,28,12,6,2,1,1,8,9,999,1,,,,2,2013,101.0,6258,11,1,,32,6,1.0,2.0,6.0
6258,29,12,7,8,1,1,2,1,46,1,,,,1,2013,101.0,6259,8,1,,20,5,1.0,2.0,5.0
6259,29,12,7,8,1,1,2,1,24,1,,,,1,2013,101.0,6260,3,1,,32,4,1.0,11.0,4.0
6260,29,12,7,20,1,1,6,1,32,9,,,,1,2013,101.0,6261,5,1,,21,6,4.0,1.0,6.0
6261,29,12,7,20,1,1,6,1,22,9,,,,1,2013,101.0,6262,3,1,,2,6,14.0,1.0,6.0
6262,29,12,7,0,1,1,5,1,25,1,,,,1,2013,101.0,6263,4,1,,36,5,4.0,1.0,5.0
6263,29,12,7,0,1,1,5,1,28,1,,,,1,2013,101.0,6264,4,1,,14,5,4.0,5.0,5.0
6264,29,12,7,21,1,2,99,1,24,9,,,,1,2013,102.0,6265,3,1,,99,6,4.0,99.0,6.0
6265,29,12,7,21,1,2,99,9,999,9,,,,1,2013,102.0,6266,11,9,,99,6,99.0,99.0,6.0
6266,29,12,7,17,1,1,10,1,21,9,,,,1,2013,101.0,6267,3,1,,99,6,4.0,99.0,6.0
6267,29,12,7,17,1,1,10,9,999,9,,,,1,2013,101.0,6268,11,9,,99,6,99.0,99.0,6.0
6268,29,12,7,23,1,1,7,2,21,1,,,,1,2013,101.0,6269,3,1,,44,6,1.0,3.0,6.0
6269,29,12,7,23,1,1,7,1,41,2,,,,1,2013,101.0,6270,7,1,,42,6,4.0,1.0,6.0
6270,29,12,7,18,5,2,99,1,41,9,,,,1,2013,501.0,6271,7,1,,37,4,1.0,2.0,4.0
6271,29,12,7,18,5,2,99,1,23,9,,,,1,2013,501.0,6272,3,1,,99,6,4.0,9.0,6.0
6272,29,12,7,21,5,2,99,1,52,9,,,,1,2013,501.0,6273,9,1,,23,5,3.0,99.0,5.0
6273,29,12,7,21,5,2,99,1,26,2,,,,1,2013,501.0,6274,4,1,,44,3,1.0,6.0,3.0
6274,29,12,7,23,5,2,99,1,24,9,,,,1,2013,501.0,6275,3,1,,42,4,4.0,1.0,4.0
6275,29,12,7,23,5,2,99,9,999,9,,,,1,2013,501.0,6276,11,9,,99,6,5.0,99.0,6.0
6276,29,12,7,21,9,2,99,1,21,9,,,,1,2013,920.0,6277,3,1,,44,6,1.0,2.0,6.0
6277,29,12,7,21,9,2,99,9,999,9,,,,1,2013,920.0,6278,11,9,,32,6,2.0,99.0,6.0
6278,29,12,7,13,9,1,6,1,999,9,,,,1,2013,901.0,6279,11,1,,99,6,3.0,2.0,6.0
6279,29,12,7,13,9,1,6,1,32,9,,,,1,2013,901.0,6280,5,1,,99,6,1.0,4.0,6.0
6280,29,12,7,16,9,1,3,1,33,2,,,,1,2013,920.0,6281,5,1,,44,6,1.0,2.0,6.0
6281,29,12,7,16,9,1,3,1,999,1,,,,1,2013,920.0,6282,11,1,,37,5,9.0,4.0,5.0
6282,29,12,7,11,12,2,99,1,999,9,,,,3,2013,1203.0,6283,11,1,,13,6,7.0,99.0,6.0
6283,29,12,7,8,18,2,99,1,36,1,,,,1,2013,1801.0,6284,6,1,,15,3,6.0,5.0,3.0
6284,29,12,7,8,18,2,99,1,62,9,,,,1,2013,1801.0,6285,10,1,,32,4,1.0,2.0,4.0
6285,30,12,1,21,1,1,9,1,21,9,,,,2,2013,101.0,6286,3,1,,99,6,4.0,99.0,6.0
6286,30,12,1,10,1,1,7,1,33,1,,,,1,2013,117.0,6287,5,1,,13,2,12.0,14.0,2.0
6287,30,12,1,10,1,1,7,1,26,9,,,,1,2013,117.0,6288,4,1,,99,6,4.0,14.0,6.0
6288,30,12,1,19,1,2,99,1,18,9,,,,1,2013,110.0,6289,2,1,,99,6,4.0,99.0,6.0
6289,30,12,1,19,1,2,99,9,999,9,,,,1,2013,110.0,6290,11,9,,99,6,5.0,99.0,6.0
6290,30,12,1,18,5,2,99,1,36,9,,,,1,2013,501.0,6291,6,1,,99,5,4.0,5.0,5.0
6291,30,12,1,18,5,2,99,1,26,9,,,,1,2013,501.0,6292,4,1,,2,5,4.0,5.0,5.0
6292,30,12,1,22,10,2,99,1,27,1,,,,1,2013,1020.0,6293,4,1,,2,5,4.0,5.0,5.0
6293,30,12,1,22,10,2,99,2,23,9,,,,1,2013,1020.0,6294,3,1,,2,6,4.0,3.0,6.0
6294,30,12,1,14,10,2,99,2,18,1,,,,1,2013,1002.0,6295,2,1,,44,3,1.0,1.0,3.0
6295,30,12,1,14,10,2,99,1,67,9,,,,1,2013,1002.0,6296,10,1,,14,4,4.0,3.0,4.0
6296,30,12,1,18,9,1,3,1,25,1,,,,1,2013,901.0,6297,4,1,,37,4,1.0,4.0,4.0
6297,30,12,1,18,9,1,3,1,999,9,,,,1,2013,901.0,6298,11,1,,22,3,12.0,7.0,3.0
6298,30,12,1,18,9,1,3,1,25,1,,,,1,2013,901.0,6299,4,1,,44,2,3.0,14.0,2.0
6299,30,12,1,11,12,2,99,1,25,9,,,,1,2013,1201.0,6300,4,1,,99,6,4.0,99.0,6.0
6300,30,12,1,11,12,2,99,9,999,9,,,,1,2013,1201.0,6301,11,9,,44,6,2.0,99.0,6.0
6301,30,12,1,3,13,2,99,1,19,2,,,,1,2013,1301.0,6302,2,1,,44,6,1.0,2.0,6.0
6302,30,12,1,3,13,2,99,1,44,2,,,,1,2013,1301.0,6303,7,1,,44,4,1.0,3.0,4.0
6303,30,12,1,16,13,2,99,1,34,2,,,,1,2013,1319.0,6304,5,1,,42,2,8.0,2.0,2.0
6304,30,12,1,16,13,2,99,1,35,1,,,,1,2013,1319.0,6305,6,1,,44,2,3.0,9.0,2.0
6305,30,12,1,5,16,2,99,1,999,9,,,,2,2013,1613.0,6306,11,1,,44,6,9.0,4.0,6.0
6306,30,12,1,19,18,2,99,1,35,1,,,,1,2013,1804.0,6307,6,1,,15,4,6.0,14.0,4.0
6307,30,12,1,19,18,2,99,1,62,1,,,,1,2013,1804.0,6308,10,1,,44,6,3.0,2.0,6.0
6308,31,12,2,3,1,1,6,1,18,2,,,,1,2013,108.0,6309,2,1,,4,3,1.0,8.0,3.0
6309,31,12,2,13,1,1,7,1,24,1,,,,1,2013,101.0,6310,3,1,,21,4,1.0,4.0,4.0
6310,31,12,2,13,1,1,7,1,33,1,,,,1,2013,101.0,6311,5,1,,42,6,4.0,5.0,6.0
6311,31,12,2,23,15,2,99,1,30,2,,,,2,2013,1501.0,6312,5,1,,44,4,3.0,2.0,4.0
6312,31,12,2,16,12,2,99,1,18,9,,,,1,2013,1215.0,6313,2,1,,24,6,4.0,1.0,6.0
6313,31,12,2,16,12,2,99,2,999,1,,,,1,2013,1215.0,6314,11,1,,99,6,1.0,99.0,6.0
6314,31,12,2,19,18,1,99,1,42,2,,,,1,2013,1801.0,6315,7,1,,44,3,3.0,3.0,3.0
6315,31,12,2,19,18,1,99,1,44,9,,,,1,2013,1801.0,6316,7,1,,42,4,4.0,1.0,4.0
6316,31,12,2,10,18,1,99,9,999,9,,,,1,2013,1802.0,6317,11,9,,99,6,1.0,99.0,6.0
6317,31,12,2,10,18,1,99,2,20,1,,,,1,2013,1802.0,6318,3,1,,14,5,4.0,99.0,5.0
6318,31,12,2,17,1,2,99,1,25,2,,,,3,2013,105.0,6319,4,1,,2,6,14.0,1.0,6.0
6319,31,12,2,12,1,1,13,1,27,2,,,,1,2013,101.0,6320,4,1,,10,5,4.0,5.0,5.0
6320,31,12,2,12,1,1,13,1,40,2,,,,1,2013,101.0,6321,7,1,,99,6,4.0,3.0,6.0
6321,31,12,2,23,1,1,1,2,47,9,,,,1,2013,108.0,6322,8,1,,20,4,2.0,4.0,4.0
6322,31,12,2,23,1,1,1,9,999,9,,,,1,2013,108.0,6323,11,1,,30,6,5.0,2.0,6.0
